1.954547333717346236e+00 5.352655258774757563e+00
1.601693630218505859e+00 5.335519501566887257e+00
1.261187505722045854e+00 5.297694456577301203e+00
9.498314380645751509e-01 5.249559843540192006e+00
5.939844608306883433e-01 5.205251443386077703e+00
3.336063861846922940e-01 5.173346674442290904e+00
2.524265766143796164e-01 5.159962129592895685e+00
2.805279254913328746e-01 5.164079284667968395e+00
2.805279254913328746e-01 5.164079284667968395e+00
2.805279254913328746e-01 5.164079284667968395e+00
2.805279254913328746e-01 5.164079284667968395e+00
2.805279254913328746e-01 5.164079284667968395e+00
9.700845885835587268e+00 3.607213055714964867e+00
9.701523600146174431e+00 3.608598484285175712e+00
9.703272171504796262e+00 3.606869484297931194e+00
9.702332742977887392e+00 3.604673627018928350e+00
9.703292171563953517e+00 3.601977198570966543e+00
9.705015600100159290e+00 3.604458198696375071e+00
9.705375600047409179e+00 3.604022484272718430e+00
9.705386457219720597e+00 3.607440912723541171e+00
9.709865314513445256e+00 3.613024483993649394e+00
9.698405885696411488e+00 3.608845769613981069e+00
9.624532741308211570e+00 3.558395910263061346e+00
9.500965309143065696e+00 3.471205329895019620e+00
1.026589496582746541e+01 3.588634749501943499e+00
1.026491210907697749e+01 3.587659749388694586e+00
1.027677782326936651e+01 3.585724321007728754e+00
1.028348696604371071e+01 3.583445892482996165e+00
1.028005210906267131e+01 3.583293607085943133e+00
1.027945610899478268e+01 3.586405321210622610e+00
1.028481268063187670e+01 3.588344035483896910e+00
1.028326925206929410e+01 3.585818321257829844e+00
1.028489039465785027e+01 3.582150320708751501e+00
1.025372639596462321e+01 3.573764321208000361e+00
1.016321896314621043e+01 3.496429610252380193e+00
1.002086868286132848e+01 3.367843484878540128e+00
6.926201772689819514e+00 1.560345268249511808e+00
7.247544050216674805e+00 1.966751289367675959e+00
7.518689155578613281e+00 2.316163444519043324e+00
7.715725708007812322e+00 2.599889183044433949e+00
7.881123447418213246e+00 2.877522850036621449e+00
8.011132049560547586e+00 3.259446907043457298e+00
8.176044654846190696e+00 3.675070762634277344e+00
8.413871002197264914e+00 3.867162132263183949e+00
8.689828109741210227e+00 3.817000198364258079e+00
9.023524093627930398e+00 3.852287101745605735e+00
9.231468200683593750e+00 3.942438316345215021e+00
9.364272117614746094e+00 4.101638793945312500e+00
1.643368935585022061e+00 5.221142943203449072e+00
1.927768516540527388e+00 5.230013629794120433e+00
2.161363601684570312e+00 5.261422002315521596e+00
2.381865310668945135e+00 5.301439774036407648e+00
2.607318782806396840e+00 5.332162904739379705e+00
2.833178234100341975e+00 5.342045271396637318e+00
3.044876480102539418e+00 5.353348636627197621e+00
3.254197692871093839e+00 5.364425146579742787e+00
3.384775924682617454e+00 5.371405208110809681e+00
3.416946220397949485e+00 5.377026355266570690e+00
3.425457000732421875e+00 5.377979063987732289e+00
3.391413497924804954e+00 5.374168205261230291e+00
7.860528802871703746e+00 1.675629091262817560e+00
8.128284263610840554e+00 2.139483737945556463e+00
8.295141410827636008e+00 2.469840335845947088e+00
8.400095748901367898e+00 2.950912570953369229e+00
8.584032917022705433e+00 3.350461864471435458e+00
8.684420394897461648e+00 3.546377086639404208e+00
8.751331806182861328e+00 3.437862873077392578e+00
8.852913475036620738e+00 3.551391506195068271e+00
9.088791656494141336e+00 3.703570461273193448e+00
9.283313369750976207e+00 3.837729549407959073e+00
9.354532814025878551e+00 3.873648166656494141e+00
9.322315025329590554e+00 3.822003841400146484e+00
7.345242381095886675e-01 5.799051769077777863e+00
8.758541822433472124e-01 5.786326652765273693e+00
1.003966999053955034e+00 5.774338796734809875e+00
1.127752208709716708e+00 5.758550208806991755e+00
1.262260484695434615e+00 5.729235935211181463e+00
1.375833225250244318e+00 5.708654773235321223e+00
1.466618633270263761e+00 5.692261695861816406e+00
1.561330223083496005e+00 5.673395371437072399e+00
1.667984104156494229e+00 5.643519234657287775e+00
1.784766864776611506e+00 5.614107871055603383e+00
1.899205303192138761e+00 5.596385264396667836e+00
2.013549709320068715e+00 5.586337661743163707e+00
3.349780654907226651e+00 5.758957023918628515e+00
3.236119508743286133e+00 5.783115738630295155e+00
3.119090938568115146e+00 5.821264225244521917e+00
3.004524087905883878e+00 5.839174950122833607e+00
2.899949789047241211e+00 5.978741645812988281e+00
2.800145196914672674e+00 6.048615121841431019e+00
2.695051479339599432e+00 6.051660847663879572e+00
2.612702941894531339e+00 5.985463190078735174e+00
2.551709270477295011e+00 6.020997309684753773e+00
2.500004673004150302e+00 6.038009595870971857e+00
2.469018363952636630e+00 6.066451835632324041e+00
2.457103538513183416e+00 6.103282427787780406e+00
3.789892044663429438e+00 6.191795289516448975e+00
3.766276043653488337e+00 6.233902776241302846e+00
3.772180044651031405e+00 6.223375904560088934e+00
3.772180044651031405e+00 6.223375904560088934e+00
3.772180044651031405e+00 6.223375904560088934e+00
3.772180044651031405e+00 6.223375904560088934e+00
3.772180044651031405e+00 6.223375904560088934e+00
3.772180044651031405e+00 6.223375904560088934e+00
3.772180044651031405e+00 6.223375904560088934e+00
3.772180044651031405e+00 6.223375904560088934e+00
3.772180044651031405e+00 6.223375904560088934e+00
3.772180044651031405e+00 6.223375904560088934e+00
8.617263841629029031e+00 1.803642865270376275e-02
8.778178119659424183e+00 -3.576715476810932159e-03
8.774034690856932883e+00 9.602528940886259634e-02
8.659586119651795144e+00 4.635875595733523480e-01
8.530207264423371072e+00 9.047447098419070244e-01
8.393588984012604115e+00 1.266920269839465707e+00
8.293546128273010964e+00 1.598285092227160975e+00
8.207960414886475320e+00 2.001190842501819223e+00
8.132448410987853649e+00 2.335411919467151431e+00
8.110060405731200461e+00 2.575792588107288061e+00
8.101358127593993430e+00 2.785581292025745004e+00
8.115727281570434215e+00 2.948576439730823395e+00
1.454112568870186695e-01 1.137457147706300020e-03
1.485505940392613522e-01 7.672571577131747983e-04
1.544822454452514648e-01 1.097000669687985723e-04
1.546433195471763611e-01 -5.038562230765832560e-05
1.535635251551866476e-01 8.928636088967366671e-06
1.537191994488239233e-01 8.500041440129149986e-06
1.537191994488239233e-01 8.500041440129149986e-06
1.537191994488239233e-01 8.500041440129149986e-06
1.537191994488239233e-01 8.500041440129149986e-06
1.537191994488239233e-01 8.500041440129149986e-06
1.537191994488239233e-01 8.500041440129149986e-06
1.537191994488239233e-01 8.500041440129149986e-06
