1.997560667991638228e+00 5.348350328207016169e+00
1.717056798934936346e+00 5.332354876399040045e+00
1.442556619644165039e+00 5.318692266941070557e+00
1.162372064590454057e+00 5.308778965473175404e+00
8.818576335906982422e-01 5.298705542087555287e+00
5.932240009307860884e-01 5.288845402002334772e+00
3.130779743194578302e-01 5.279695749282836914e+00
3.405117988586425781e-02 5.269190412759781061e+00
-2.378421306610110086e-01 5.258106493949890492e+00
-5.055015087127685547e-01 5.246066641807556330e+00
-7.671699047088624823e-01 5.234651696681976496e+00
-1.025172376632690785e+00 5.223809778690338135e+00
9.686300875246525166e+00 3.545071625709533603e+00
9.663349670171736960e+00 3.485180592536926358e+00
9.638632595539093018e+00 3.428407549858093262e+00
9.605995559692383168e+00 3.376555633544922053e+00
9.571911954879761097e+00 3.326688337326049627e+00
9.531708395481109264e+00 3.278026103973388672e+00
9.489008045196532848e+00 3.230501317977905185e+00
9.444774675369263406e+00 3.183768749237060547e+00
9.399935126304626465e+00 3.136332321166992010e+00
9.355425500869751332e+00 3.089688873291015714e+00
9.311229658126830344e+00 3.045354986190795810e+00
9.266360092163086648e+00 3.002024459838867010e+00
1.017534079551696813e+01 3.654008567333221436e+00
1.006312832832336390e+01 3.715446734428405673e+00
9.951074337959289196e+00 3.774259710311889560e+00
9.832093143463135121e+00 3.831336140632629395e+00
9.712070608139038441e+00 3.882804632186889648e+00
9.585229587554930930e+00 3.929659581184387296e+00
9.458197975158691762e+00 3.973305273056030096e+00
9.330663585662842152e+00 4.012640237808227539e+00
9.205837821960448863e+00 4.048834991455078303e+00
9.082704639434814098e+00 4.081799316406249822e+00
8.960497188568115945e+00 4.113197565078735352e+00
8.838758850097656605e+00 4.142893171310424449e+00
6.891276264190674183e+00 1.518304538726806596e+00
7.315263843536376598e+00 1.965056991577148526e+00
7.722392845153808416e+00 2.392008209228515980e+00
8.116312980651855469e+00 2.792121124267578303e+00
8.503869247436522727e+00 3.160617256164550692e+00
8.888728141784667969e+00 3.500218391418457031e+00
9.250588035583495738e+00 3.814121437072754084e+00
9.604595947265625711e+00 4.108587074279785867e+00
9.945909500122070312e+00 4.384811973571776988e+00
1.028091735839843679e+01 4.643860435485839488e+00
1.060491905212402486e+01 4.888384819030761719e+00
1.092015686035156286e+01 5.121250724792481002e+00
1.626933002471923739e+00 5.216748921573161724e+00
1.864469432830810458e+00 5.232409065961837413e+00
2.090233850479125799e+00 5.247279334068298162e+00
2.306525707244873047e+00 5.261840856075286510e+00
2.520293998718261541e+00 5.272447544336318792e+00
2.729947471618652699e+00 5.279416316747665761e+00
2.925589275360107600e+00 5.283677685260772527e+00
3.115294075012207120e+00 5.285832732915878296e+00
3.298442268371582387e+00 5.284770989418030140e+00
3.477999496459961204e+00 5.279872804880142212e+00
3.652705955505371360e+00 5.273300266265868785e+00
3.822798538208008079e+00 5.265337288379669189e+00
7.874097490310669301e+00 1.563989400863647461e+00
8.318257808685302734e+00 1.935558128356933638e+00
8.745201683044433238e+00 2.290629100799560725e+00
9.161194419860839488e+00 2.623676967620849787e+00
9.570724487304687500e+00 2.929919910430908381e+00
9.977738761901855824e+00 3.211661243438720614e+00
1.036045913696289134e+01 3.471703624725341886e+00
1.073495903015136754e+01 3.715323352813721058e+00
1.109616622924804652e+01 3.943324947357178090e+00
1.145073204040527415e+01 4.156470012664795100e+00
1.179412345886230540e+01 4.357325458526611683e+00
1.212893676757812500e+01 4.548306751251221414e+00
7.401727557182311568e-01 5.771484482288360418e+00
9.061654567718506748e-01 5.731369060277939020e+00
1.069986963272094638e+00 5.692844605445861461e+00
1.225036430358886763e+00 5.657414960861205877e+00
1.377840518951416016e+00 5.621617162227630971e+00
1.526656913757324263e+00 5.585456347465514781e+00
1.664625358581542924e+00 5.549568653106689453e+00
1.800283432006835938e+00 5.513821840286254883e+00
1.934831237792968839e+00 5.476806426048279164e+00
2.066623878479004084e+00 5.437684273719787242e+00
2.199508476257324041e+00 5.398553943634032848e+00
2.329214477539062855e+00 5.359364175796509144e+00
3.455914446711540133e+00 5.798465335369110463e+00
3.467325532436370761e+00 5.848625338077544811e+00
3.475889793038368314e+00 5.896409738063812078e+00
3.476629218459129422e+00 5.941787326335907338e+00
3.475799953937530606e+00 5.981872701644897816e+00
3.469117796421051114e+00 6.016602015495299938e+00
3.458027750253677368e+00 6.046705389022827504e+00
3.444713118672370733e+00 6.073256015777587891e+00
3.429432533681392670e+00 6.096285605430603383e+00
3.413973444700241000e+00 6.115524935722350897e+00
3.398736840486526578e+00 6.131914806365966975e+00
3.382278966903686346e+00 6.146083402633666815e+00
3.805420000851154505e+00 6.162004894018172863e+00
3.781037548184394748e+00 6.190291392803191961e+00
3.754717612266540439e+00 6.217407023906707408e+00
3.720832800865173429e+00 6.243797945976257147e+00
3.685532450675964355e+00 6.266012156009674428e+00
3.644099903106689631e+00 6.284248530864715576e+00
3.599626708030700506e+00 6.301253724098205389e+00
3.553427028656005682e+00 6.315439307689667103e+00
3.507560515403747470e+00 6.327777254581451238e+00
3.462041521072387606e+00 6.336366653442382812e+00
3.417515134811401456e+00 6.342625069618224920e+00
3.372279930114745916e+00 6.347185158729553578e+00
8.381080666184425709e+00 4.146436583250760755e-02
8.343625295162201638e+00 7.078383695334196368e-02
8.304790341854095814e+00 9.872428309172393002e-02
8.258484065532684326e+00 1.262691868469119072e-01
8.210816454887389426e+00 1.500890387222170996e-01
8.156916379928588867e+00 1.696824802085757367e-01
8.101125693321227672e+00 1.856959475204348620e-01
8.043757486343384500e+00 1.989453209564089886e-01
7.987048625946044922e+00 2.103951586410403307e-01
7.930872774124145153e+00 2.187309158965945466e-01
7.875155925750732422e+00 2.266996277496218792e-01
7.819077014923095703e+00 2.329088343307376130e-01
1.883525878190994152e-01 6.593839931301773150e-02
2.227491229772567971e-01 1.272872071247548031e-01
2.534301251173019520e-01 1.857688050251454226e-01
2.761228650808334462e-01 2.416068177204579170e-01
2.971502393484115601e-01 2.913264374714344962e-01
3.125016421079636064e-01 3.349487643223256206e-01
3.229005426168441995e-01 3.733302931766957489e-01
3.307602614164352195e-01 4.076957564335316753e-01
3.360356062650680653e-01 4.371887545567005873e-01
3.407790273427963035e-01 4.613753180485218874e-01
3.452504724264144897e-01 4.844231467228383159e-01
3.480576604604721513e-01 5.048822741489857879e-01
