2.072569346427917569e+00 5.317900615930557073e+00
1.866937398910522461e+00 5.273275005817413152e+00
1.659839868545532227e+00 5.232056057453155162e+00
1.446243238449096635e+00 5.196038198471069514e+00
1.232025861740112305e+00 5.161662316322326305e+00
1.010158777236938477e+00 5.128709673881530762e+00
7.929288387298583096e-01 5.095807862281799494e+00
5.749424457550047496e-01 5.062879800796508789e+00
3.604681491851806641e-01 5.030525708198547719e+00
1.492409229278561789e-01 4.998238968849181951e+00
-6.149687767028799712e-02 4.967562818527222035e+00
-2.704146862030030185e-01 4.938483333587646129e+00
9.720144610106945748e+00 3.520140248537063421e+00
9.730975276231765392e+00 3.436746835708618164e+00
9.739981338381767273e+00 3.356845951080322354e+00
9.741349348425865529e+00 3.283036947250366211e+00
9.741635245084761863e+00 3.212737798690795898e+00
9.736093047261238809e+00 3.145135164260864258e+00
9.726522679626942391e+00 3.079978752136230291e+00
9.715304288268090005e+00 3.016601467132568271e+00
9.703577575087546592e+00 2.954005336761474698e+00
9.691611298918724415e+00 2.892502737045288264e+00
9.680092221498489025e+00 2.832081508636474787e+00
9.667425969243049977e+00 2.773687648773193182e+00
1.017243818044662440e+01 3.626451092958450140e+00
1.005732817649841238e+01 3.661266040802002131e+00
9.943870115280152078e+00 3.694379639625549494e+00
9.823495864868164062e+00 3.727094030380249112e+00
9.702086782455443981e+00 3.755726873874664307e+00
9.573846912384032848e+00 3.782043254375457852e+00
9.446175003051758168e+00 3.806570076942443759e+00
9.318183708190918679e+00 3.827856302261352539e+00
9.191575717926024680e+00 3.846929931640624911e+00
9.066697692871093395e+00 3.863596773147583097e+00
8.944075679779052379e+00 3.879490971565246582e+00
8.822237491607666016e+00 3.894506645202636896e+00
7.032331466674804688e+00 1.558172178268432795e+00
7.597117424011230469e+00 2.042506980895995916e+00
8.140685844421387429e+00 2.505386161804199041e+00
8.668918800354003196e+00 2.939041519165039418e+00
9.190194129943847656e+00 3.338673591613769531e+00
9.709963607788086648e+00 3.707213211059570579e+00
1.020024185180664134e+01 4.048054695129394531e+00
1.068074378967285298e+01 4.367951011657714488e+00
1.114485740661621094e+01 4.668301582336425781e+00
1.160055274963378835e+01 4.950314903259277699e+00
1.204246826171874929e+01 5.216686058044433416e+00
1.247394676208496023e+01 5.470503807067871094e+00
1.599753212928771928e+00 5.214431747794151306e+00
1.810159587860107333e+00 5.227907538414001465e+00
2.011745548248291104e+00 5.240619575977325084e+00
2.204072856903076083e+00 5.253160440921783803e+00
2.393997478485107244e+00 5.261891442537307562e+00
2.579615306854248225e+00 5.267116904258728027e+00
2.752404403686523615e+00 5.269755452871322632e+00
2.920352554321289151e+00 5.270378512144088923e+00
3.082379531860351740e+00 5.267863517999648693e+00
3.241178703308105646e+00 5.261581993103026988e+00
3.395451927185058505e+00 5.253693461418151855e+00
3.545593643188476474e+00 5.244469076395034790e+00
7.814107513427734020e+00 1.637582063674926758e+00
8.198386669158935547e+00 2.078525352478027166e+00
8.567010498046874645e+00 2.499922657012939808e+00
8.924777698516844993e+00 2.894734096527099787e+00
9.276343727111816762e+00 3.258309268951415927e+00
9.624954795837401988e+00 3.593336582183837891e+00
9.951765060424804688e+00 3.902982044219970970e+00
1.027127952575683523e+01 4.193428325653076882e+00
1.057910709381103587e+01 4.465864276885985973e+00
1.088120269775390625e+01 4.721305942535400035e+00
1.117324066162109375e+01 4.962399005889892578e+00
1.145766792297363423e+01 5.191971683502197621e+00
7.506959915161133257e-01 5.836167797446250916e+00
9.271932125091553178e-01 5.857028061151504872e+00
1.094234371185302646e+00 5.876800107955932440e+00
1.252270889282226740e+00 5.896017336845398304e+00
1.408045196533203036e+00 5.910945701599120916e+00
1.559234523773193271e+00 5.921931159496307551e+00
1.698088264465332120e+00 5.929931557178496959e+00
1.832905101776123091e+00 5.935616362094878973e+00
1.962768268585205256e+00 5.937902951240539906e+00
2.089957046508788885e+00 5.936192011833190563e+00
2.214118003845214844e+00 5.932651543617248890e+00
2.334643936157226651e+00 5.927598035335540416e+00
3.418339103460311890e+00 5.716973340511321666e+00
3.392243421077728360e+00 5.690312433242797674e+00
3.364071303606033236e+00 5.665622973442077992e+00
3.328085923194885165e+00 5.643700456619262340e+00
3.290320229530334650e+00 5.620991694927215399e+00
3.246402323246002197e+00 5.597382235527038397e+00
3.200151896476745694e+00 5.573238646984099987e+00
3.152378869056701838e+00 5.548578596115111949e+00
3.104699611663818359e+00 5.524067640304565430e+00
3.057399010658264249e+00 5.497397065162658691e+00
3.010626363754272283e+00 5.470935559272765758e+00
2.963406896591186612e+00 5.444600367546081898e+00
3.858954709768295466e+00 6.155071565508842824e+00
3.888009214401245028e+00 6.176822152733802973e+00
3.913694572448730646e+00 6.197446233034133556e+00
3.931428909301757812e+00 6.217765229940414251e+00
3.947518682479858487e+00 6.233716309070587158e+00
3.957892489433288752e+00 6.245652306079864324e+00
3.963533866405486883e+00 6.254537534713745295e+00
3.966637229919433683e+00 6.261057639122009633e+00
3.968633794784545810e+00 6.264136588573455455e+00
3.970154821872711182e+00 6.264717495441436412e+00
3.971579039096832187e+00 6.263357305526733754e+00
3.971511173248290838e+00 6.260758304595947621e+00
8.375758385658263805e+00 4.086188804358244220e-02
8.332990461587906239e+00 6.961341630667447489e-02
8.289171648025511985e+00 9.692999850958586294e-02
8.237919521331786399e+00 1.243150128051638686e-01
8.185328340530395153e+00 1.480346335098147448e-01
8.126464843750000000e+00 1.680432213470339775e-01
8.064336800575256703e+00 1.844432247802615388e-01
8.000733041763306019e+00 1.980574978515505791e-01
7.937970733642577770e+00 2.098534954711794853e-01
7.875844192504882990e+00 2.195928229019045996e-01
7.815031337738036932e+00 2.270454300567507910e-01
7.754133605957031605e+00 2.327365530654788017e-01
5.465497076511383057e-02 1.508779334835708141e-02
-4.440197050571442761e-02 2.876299428753555099e-02
-1.424950748682022317e-01 4.227804350666702210e-02
-2.476183563470840676e-01 5.740757989697158753e-02
-3.538442283868790117e-01 6.990477847866714833e-02
-4.667767673730850442e-01 8.044446515850722790e-02
-5.789898544549942905e-01 9.028487610630692162e-02
-6.917991787195205688e-01 9.770670342259109298e-02
-8.036686092615128452e-01 1.035714368801564089e-01
-9.140602260828019077e-01 1.076648693066090401e-01
-1.022068801522254988e+00 1.115977745037525920e-01
-1.129360404610634028e+00 1.152878861408680733e-01
