1.980250954627990723e+00 5.331744533777237116e+00
1.682469272613525302e+00 5.300106281042099354e+00
1.383137941360473633e+00 5.271381461620331166e+00
1.078029298782348544e+00 5.247461509704590021e+00
7.689184665679931197e-01 5.225476837158202770e+00
4.514570713043211114e-01 5.204053139686584117e+00
1.427935123443604404e-01 5.184139192104339600e+00
-1.661736965179443359e-01 5.163472056388854980e+00
-4.757947444915773261e-01 5.142748641967773260e+00
-7.805354595184326172e-01 5.121533036231994629e+00
-1.078134489059448420e+00 5.101389050483703613e+00
-1.371516370773315785e+00 5.082281661033630549e+00
9.726360279321671243e+00 3.619695365428924561e+00
9.743395340442656760e+00 3.630150665342807947e+00
9.757057964801788330e+00 3.639974927902221769e+00
9.762859123945236917e+00 3.650353705883026212e+00
9.767069935798645020e+00 3.657909247279166998e+00
9.765468484163283946e+00 3.662670731544494629e+00
9.759664076566696878e+00 3.664877372980117620e+00
9.751773744821548462e+00 3.665092700719833285e+00
9.743097698688506725e+00 3.664178478717803777e+00
9.734129634499549155e+00 3.661819076538086026e+00
9.725433611869812367e+00 3.657661721110343933e+00
9.715609863400459290e+00 3.652420079708099454e+00
1.024982700347900355e+01 3.572737047076225192e+00
1.021196472644805908e+01 3.556681349873542786e+00
1.017286124229431188e+01 3.541449511051177890e+00
1.012629964351654088e+01 3.528335070610046476e+00
1.007820692062377965e+01 3.514252424240112305e+00
1.002387828826904226e+01 3.499237918853759677e+00
9.967677998542786355e+00 3.483035326004028320e+00
9.909943819046020508e+00 3.465871810913085938e+00
9.851540613174439187e+00 3.446484518051147639e+00
9.793700599670410512e+00 3.426540791988372803e+00
9.737261104583740945e+00 3.407606744766235263e+00
9.680373525619506481e+00 3.388400101661682040e+00
6.884364748001098988e+00 1.664081001281738192e+00
7.301453399658202947e+00 2.248254394531250089e+00
7.701523590087890447e+00 2.806588363647461115e+00
8.091788482666014914e+00 3.329969978332519620e+00
8.475705146789550781e+00 3.812891197204590021e+00
8.856972885131835227e+00 4.258841896057129262e+00
9.215116882324219105e+00 4.671744346618652344e+00
9.565427017211913352e+00 5.059668159484863814e+00
9.903151702880858664e+00 5.424548912048339666e+00
1.023463554382324148e+01 5.767987632751465199e+00
1.055470924377441477e+01 6.092793846130371449e+00
1.086602439880371129e+01 6.402656745910644709e+00
1.599191570281982333e+00 5.240809822082519887e+00
1.809036588668823331e+00 5.279151713848113658e+00
2.010077762603759588e+00 5.315637278556823553e+00
2.201859855651855380e+00 5.350436258316039861e+00
2.391232681274414240e+00 5.379828453063964844e+00
2.576294517517089933e+00 5.404256987571716131e+00
2.748520660400390447e+00 5.424771356582641424e+00
2.915180301666259854e+00 5.442269706726074574e+00
3.075956344604492188e+00 5.455762624740600586e+00
3.233526229858398438e+00 5.464718890190124689e+00
3.385720443725586115e+00 5.471326303482055842e+00
3.533507919311523526e+00 5.476003861427306774e+00
7.802845382690430043e+00 1.656699037551879972e+00
8.175883007049559836e+00 2.115663433074951083e+00
8.533289051055907848e+00 2.554289913177490323e+00
8.877902317047119851e+00 2.965595912933349787e+00
9.216366958618163352e+00 3.344482517242431729e+00
9.551734161376952414e+00 3.693740749359131215e+00
9.865796852111817117e+00 4.016633510589599609e+00
1.017270145416259730e+01 4.319585895538329723e+00
1.046828765869140554e+01 4.603861713409424183e+00
1.075835800170898438e+01 4.870573902130127308e+00
1.103867416381836009e+01 5.122388553619384943e+00
1.131130599975585938e+01 5.362244892120361150e+00
7.892584085464477983e-01 5.857426074147224604e+00
1.004247760772705167e+00 5.898326110839843928e+00
1.210192108154296786e+00 5.937257409095764160e+00
1.407835483551025391e+00 5.974345183372497203e+00
1.602846431732177779e+00 6.005979788303375422e+00
1.793590927124023571e+00 6.032492494583129528e+00
1.971329975128173873e+00 6.054946970939636408e+00
2.143346691131592152e+00 6.074276828765869496e+00
2.309323310852050781e+00 6.089507102966308594e+00
2.472006988525390803e+00 6.100117135047912420e+00
2.630299568176269531e+00 6.108297824859619141e+00
2.784254264831543146e+00 6.114484119415283025e+00
3.335340297222137540e+00 5.800025492906570435e+00
3.226397347450256525e+00 5.852162659168243408e+00
3.118221187591552646e+00 5.902455985546112061e+00
3.003089141845703303e+00 5.951549124717712580e+00
2.886899471282958984e+00 5.995577502250671209e+00
2.763921689987182795e+00 6.035526609420776012e+00
2.642107295989990057e+00 6.072743892669677734e+00
2.519706058502197088e+00 6.106010270118713557e+00
2.398524856567382457e+00 6.136448335647583185e+00
2.278982353210449396e+00 6.163932895660400035e+00
2.159881877899169744e+00 6.190118169784545543e+00
2.040834236145019354e+00 6.214877843856811523e+00
3.713011109828948886e+00 6.134238708019256414e+00
3.596388578414916992e+00 6.136938155442476450e+00
3.480845761299133478e+00 6.140138008445501505e+00
3.358049726486206144e+00 6.145207893848419367e+00
3.234233617782592773e+00 6.148657409846782329e+00
3.103568267822265803e+00 6.150605630874633967e+00
2.973682022094726651e+00 6.152448150515556158e+00
2.843257141113281428e+00 6.152319738268852589e+00
2.715625286102294922e+00 6.151079413294792353e+00
2.589746952056884766e+00 6.148409597575664520e+00
2.466771221160888317e+00 6.145908513665199635e+00
2.344949626922607333e+00 6.143506678193807247e+00
8.518449270725250599e+00 1.850148718804121156e-02
8.618111586570739391e+00 2.617429774254560401e-02
8.712275457382201438e+00 3.333832900971174518e-02
8.797978615760802867e+00 4.092488121241331239e-02
8.881739902496338601e+00 4.532868992537260333e-02
8.960333204269408824e+00 4.653233718127012392e-02
9.030671691894530895e+00 4.542703758925199786e-02
9.097455692291259055e+00 4.251579772680998126e-02
9.161273002624511719e+00 3.664819132536649426e-02
9.223551654815674183e+00 2.717534732073545456e-02
9.284452056884765270e+00 1.625085975974798272e-02
9.342999076843261363e+00 4.119923524558543465e-03
4.346443116664885919e-02 1.954493997618556196e-03
-6.676265299320222057e-02 2.986917970702052116e-03
-1.754859119653702226e-01 3.908940730616450657e-03
-2.920939594507217518e-01 6.523277191445232132e-03
-4.099416404962540339e-01 7.715531764551997532e-03
-5.345907360315322876e-01 7.468576310202479362e-03
-6.580022960901260598e-01 6.661512283608317896e-03
-7.822009235620499545e-01 4.031815705820918430e-03
-9.037882953882216963e-01 4.187795799225568988e-04
-1.023727145791053728e+00 -4.509599925950170257e-03
-1.140710845589637756e+00 -9.159293444827200023e-03
-1.257023635506629988e+00 -1.359483194537460839e-02
