1.946689081192016557e+00 5.277333813905715765e+00
1.615406942367553667e+00 5.194659376144409535e+00
1.282601213455200284e+00 5.117807006835937145e+00
9.384360790252683771e-01 5.049103450775146662e+00
5.852888584136961558e-01 4.985062408447265447e+00
2.233198642730713779e-01 4.925124645233154297e+00
-1.272460460662840909e-01 4.869358396530151012e+00
-4.779927730560302734e-01 4.814845657348632457e+00
-8.299407482147218573e-01 4.762016057968139648e+00
-1.176277494430542081e+00 4.710238885879516779e+00
-1.523018217086792081e+00 4.661021137237549183e+00
-1.865865659713745295e+00 4.614385557174682795e+00
9.689989525079727883e+00 3.555178380012512296e+00
9.670720231533049827e+00 3.504814779758453458e+00
9.649653625488280539e+00 3.456492424011230469e+00
9.620918774604797719e+00 3.412087678909301758e+00
9.590735709667205455e+00 3.368951678276062012e+00
9.554465031623839977e+00 3.326654767990112394e+00
9.515523815155029652e+00 3.285055184364318759e+00
9.475049376487731934e+00 3.243916177749633700e+00
9.434048819541931863e+00 3.201951646804809481e+00
9.393312144279480691e+00 3.160516834259033292e+00
9.352893233299255371e+00 3.119777536392212003e+00
9.311974477767943625e+00 3.079947662353515803e+00
1.026235792338848185e+01 3.595121730864048182e+00
1.023700370490550959e+01 3.600888093560933978e+00
1.020992136001586914e+01 3.606682215631008326e+00
1.017528188228607178e+01 3.613463136553764166e+00
1.013923002481460500e+01 3.617782157659530817e+00
1.009703998565673899e+01 3.619305089116096497e+00
1.005244157314300502e+01 3.618496564030647455e+00
1.000607495307922434e+01 3.615865492820739657e+00
9.960046362876891379e+00 3.610263645648956299e+00
9.914366960525512695e+00 3.603442144393921076e+00
9.869901657104492188e+00 3.595039919763803660e+00
9.825067853927611949e+00 3.587089768052101224e+00
6.924883985519409535e+00 1.554311752319335938e+00
7.382418060302734730e+00 2.035007762908935369e+00
7.821885013580322621e+00 2.494411087036132901e+00
8.247571563720702770e+00 2.925169563293457120e+00
8.666751861572265625e+00 3.322112655639648526e+00
9.083597755432128551e+00 3.688152885437011808e+00
9.475076675415039062e+00 4.026667785644531428e+00
9.858297729492187855e+00 4.344367790222168679e+00
1.022797126770019460e+01 4.642634010314941051e+00
1.059084701538085938e+01 4.922663307189941051e+00
1.094219741821289205e+01 5.187146949768066229e+00
1.128478965759277486e+01 5.439153861999511896e+00
1.591401624679565474e+00 5.171464613080024364e+00
1.793470954895019620e+00 5.144436115026474354e+00
1.984967279434204146e+00 5.118423557281493785e+00
2.167379713058471769e+00 5.094708263874053955e+00
2.354306125640869052e+00 5.069956064224243164e+00
2.536963844299316762e+00 5.044061315059662043e+00
2.706605625152588068e+00 5.017730593681335449e+00
2.873778915405273526e+00 4.991005825996398748e+00
3.040255928039551137e+00 4.962537217140197576e+00
3.203433418273926137e+00 4.931550693511963068e+00
3.363257408142089844e+00 4.900159883499145330e+00
3.519176864624023349e+00 4.868392992019653143e+00
7.853453969955443981e+00 1.640059280395507857e+00
8.277008628845214488e+00 2.083337497711181818e+00
8.683748817443847301e+00 2.506967163085937589e+00
9.079639053344726207e+00 2.904084110260010121e+00
9.469154739379883168e+00 3.269799327850341886e+00
9.855986976623535512e+00 3.606815624237060813e+00
1.021990032196044851e+01 3.918312549591064453e+00
1.057594985961913991e+01 4.210506916046142578e+00
1.091924667358398438e+01 4.484602832794189808e+00
1.125620269775390625e+01 4.741624546051025568e+00
1.158217201232910298e+01 4.984220600128173473e+00
1.189929542541504048e+01 5.215235233306884766e+00
7.643128275871277078e-01 5.820796065032482147e+00
9.544017314910888672e-01 5.827165700495243073e+00
1.134526491165161133e+00 5.833083817362785695e+00
1.305551052093505859e+00 5.839264041185378673e+00
1.474279212951660201e+00 5.842090758681297125e+00
1.638529014587402299e+00 5.841828614473342896e+00
1.791242885589599654e+00 5.839358842372893932e+00
1.938744354248046919e+00 5.835159504413605092e+00
2.080921649932861328e+00 5.828069996833801447e+00
2.220221900939941762e+00 5.817434037476777675e+00
2.356222152709960938e+00 5.805403056740760626e+00
2.488405418395996271e+00 5.792204239964485524e+00
3.413241508603095831e+00 5.713914027810096385e+00
3.382057535648345770e+00 5.684369158744812189e+00
3.349093818664550692e+00 5.655950784683227539e+00
3.308290100097656339e+00 5.630920851230621693e+00
3.266101241111755371e+00 5.606190884113312123e+00
3.217725324630737127e+00 5.581190633773803533e+00
3.167214560508727850e+00 5.555692589282989147e+00
3.115204572677612305e+00 5.529753899574279430e+00
3.062702465057372869e+00 5.502042484283447443e+00
3.010661983489990146e+00 5.474175095558166504e+00
2.958510398864746094e+00 5.446271920204162953e+00
2.905669975280761541e+00 5.419913339614867986e+00
3.869044011831283658e+00 6.166642892360687078e+00
3.908169412612914950e+00 6.199301546812057140e+00
3.943110704421997070e+00 6.230353587865829823e+00
3.970016968250274836e+00 6.260363221168518066e+00
3.995239019393920898e+00 6.286277174949645996e+00
4.014819717407226207e+00 6.307472944259643555e+00
4.028507328033446910e+00 6.324978017807007191e+00
4.039605569839477717e+00 6.339635515213013051e+00
4.049363517761230824e+00 6.350433588027954102e+00
4.058512449264526367e+00 6.356824660301208851e+00
4.067319250106811168e+00 6.361926221847534535e+00
4.074589204788208185e+00 6.365431594848632635e+00
8.593229234218597412e+00 5.523207020014524876e-02
8.767534971237182617e+00 9.753008019179106036e-02
8.934099769592284801e+00 1.377979410812258665e-01
9.091665220260619407e+00 1.764586223289370537e-01
9.246969699859619141e+00 2.104790104553103669e-01
9.397685813903809304e+00 2.392091168090701159e-01
9.536980819702147727e+00 2.637277258560061788e-01
9.671805953979491832e+00 2.850062025710940472e-01
9.801677227020263672e+00 3.020849121734500153e-01
9.928880691528320312e+00 3.144544495269656625e-01
1.005169849395752024e+01 3.243089808151126130e-01
1.017093162536621165e+01 3.321400774642825349e-01
1.029226154088973971e-01 3.195444452576338967e-02
5.204514563083648127e-02 6.126724290661514361e-02
1.912921667099054535e-04 8.974757599644363204e-02
-5.903173983097076416e-02 1.182768921833485393e-01
-1.195583492517471313e-01 1.429186205845326130e-01
-1.864215523004532082e-01 1.637390713673085030e-01
-2.546022087335586548e-01 1.821400623302906752e-01
-3.241499096155167070e-01 1.976433258038014229e-01
-3.926825672388076782e-01 2.112312178593128975e-01
-4.604778438806533813e-01 2.226762394886463992e-01
-5.279396206140518633e-01 2.336028437595814577e-01
-5.956048160791397317e-01 2.425911765079945548e-01
