2.010342812538147061e+00 5.328255629539489391e+00
1.742597913742065519e+00 5.293544852733612416e+00
1.473285818099975497e+00 5.261895370483398615e+00
1.197878313064575151e+00 5.235119271278381170e+00
9.221186161041259322e-01 5.209487211704254328e+00
6.381559848785398614e-01 5.184712755680084051e+00
3.624660968780517578e-01 5.161679601669311168e+00
8.663315773010227261e-02 5.138067841529846191e+00
-1.846986293792727274e-01 5.114551210403442738e+00
-4.518054485321045810e-01 5.090676784515380859e+00
-7.186051845550540662e-01 5.068003392219543102e+00
-9.818938732147217685e-01 5.046501135826110485e+00
9.755648362636566873e+00 3.649392712116241277e+00
9.801918071508406882e+00 3.687843120098114102e+00
9.844295060634612682e+00 3.724432432651519687e+00
9.878597164154053090e+00 3.759468948841095060e+00
9.911181139945984597e+00 3.789737892150879084e+00
9.938182759284973855e+00 3.814981293678283869e+00
9.959678339958191629e+00 3.836254215240478604e+00
9.978244972229003196e+00 3.854468655586242853e+00
9.995253181457519176e+00 3.868640828132629217e+00
1.001152789592742920e+01 3.878243660926818936e+00
1.002700557708740270e+01 3.885466170310974299e+00
1.004077792167663574e+01 3.890975189208984553e+00
1.028371741361916136e+01 3.651191645860671908e+00
1.027968366518616605e+01 3.709093570709228516e+00
1.027289844304323196e+01 3.764662516117096125e+00
1.025840392559766734e+01 3.817838144302368342e+00
1.024240807890891958e+01 3.865250778198242365e+00
1.022044819593429565e+01 3.906428003311157138e+00
1.019518548846244776e+01 3.943530249595641912e+00
1.016789891719818151e+01 3.976688027381896973e+00
1.014039311408996547e+01 4.005704641342163086e+00
1.011291897296905518e+01 4.031836128234862926e+00
1.008519567251205373e+01 4.055240821838379084e+00
1.005670456886291575e+01 4.077366161346435369e+00
6.924412775039672674e+00 1.562199783325195490e+00
7.381476306915283558e+00 2.050331497192383168e+00
7.820425605773925426e+00 2.516843795776367188e+00
8.249630737304688211e+00 2.953866195678711115e+00
8.672315406799317117e+00 3.356624031066894442e+00
9.092593002319336648e+00 3.728068923950195401e+00
9.488275146484374645e+00 4.071615028381348367e+00
9.875574493408203480e+00 4.394064521789550426e+00
1.024920768737792898e+01 4.696835899353027699e+00
1.061597595214843892e+01 4.981153678894043146e+00
1.097091255187988423e+01 5.249716758728027344e+00
1.131697731018066477e+01 5.505636405944824396e+00
1.577141737937927335e+00 5.311983680725097301e+00
1.764977622032165572e+00 5.417419815063476918e+00
1.943806743621826261e+00 5.518058061599731445e+00
2.113454151153564275e+00 5.612880516052245916e+00
2.280787277221679510e+00 5.698215818405151012e+00
2.443631553649902699e+00 5.774639415740966619e+00
2.593809604644775391e+00 5.843555116653442738e+00
2.739370727539062855e+00 5.906745719909667791e+00
2.878325843811035512e+00 5.963582324981689275e+00
3.014450073242187500e+00 6.013796997070312678e+00
3.145564651489257901e+00 6.059654235839843750e+00
3.272443962097168146e+00 6.101976299285889027e+00
7.798538541793822887e+00 1.679880475997924894e+00
8.167277288436888938e+00 2.160697460174560547e+00
8.520479202270507812e+00 2.620216369628906250e+00
8.861275959014893289e+00 3.051030826568603693e+00
9.195944213867187855e+00 3.448025989532470970e+00
9.527544975280761719e+00 3.814114665985107511e+00
9.838523101806639914e+00 4.152674579620361683e+00
1.014242439270019602e+01 4.470417118072509410e+00
1.043509464263916087e+01 4.768721866607666726e+00
1.072229385375976562e+01 5.048787784576416193e+00
1.099946670532226634e+01 5.313306140899658025e+00
1.126920089721679652e+01 5.565348529815674183e+00
8.239095687866211382e-01 5.801702395081520081e+00
1.073486328125000000e+00 5.790072795748710810e+00
1.310633945465087935e+00 5.778782534599304022e+00
1.538237762451172053e+00 5.768851092457770946e+00
1.763274002075195357e+00 5.757229173183441517e+00
1.984287643432617321e+00 5.743538069725036443e+00
2.191255569458007812e+00 5.728567516803741100e+00
2.394745635986327947e+00 5.712567079067230047e+00
2.591893386840820490e+00 5.694283056259155096e+00
2.785219955444336204e+00 5.672991144657134832e+00
2.976232719421386896e+00 5.650822973251342418e+00
3.162289047241211293e+00 5.627901804447174250e+00
3.414990441501140506e+00 5.652829807996750056e+00
3.385552203655243009e+00 5.565702033042907892e+00
3.354325664043426691e+00 5.482569313049316051e+00
3.315120804309844793e+00 5.406096577644348145e+00
3.274094200134277433e+00 5.333281803131103338e+00
3.226890182495117276e+00 5.264627647399902521e+00
3.177498674392700284e+00 5.200032567977904918e+00
3.126604890823364347e+00 5.137185192108153942e+00
3.075084567070007324e+00 5.076449823379516779e+00
3.024009084701538175e+00 5.017147207260132191e+00
2.972931575775146662e+00 4.960770416259765447e+00
2.921462392807006925e+00 4.907357215881347656e+00
3.880827504396438421e+00 6.208115679025650202e+00
3.931714892387390137e+00 6.279869914054870605e+00
3.978050613403320224e+00 6.348299741744995117e+00
4.016281759738921764e+00 6.413006758689880016e+00
4.052780628204345703e+00 6.470349979400634943e+00
4.083731126785278498e+00 6.520756959915161133e+00
4.108133244514465154e+00 6.565454530715942205e+00
4.129734945297241389e+00 6.605782508850097656e+00
4.148350930213927867e+00 6.640931558609008967e+00
4.166205549240112660e+00 6.670545768737793146e+00
4.183376789093017578e+00 6.696805429458618342e+00
4.198910164833068670e+00 6.720306539535522816e+00
8.644380855560303445e+00 3.639359585940837513e-03
8.869744586944580789e+00 -2.698059566318989147e-03
9.083620738983153586e+00 -8.928668685257434845e-03
9.288143062591553090e+00 -1.412297952920198510e-02
9.490198135375976562e+00 -2.185471821576356888e-02
9.688043880462647195e+00 -3.193018008023500859e-02
9.872868347167969461e+00 -4.353499878197908401e-02
1.005460643768310547e+01 -5.635808575898408612e-02
1.022868137359619212e+01 -7.162812817841768265e-02
1.039932270050048757e+01 -9.005106557160616476e-02
1.056626224517822266e+01 -1.094899283722043093e-01
1.072958774566650320e+01 -1.297934876754880118e-01
1.303541198372840937e-01 -6.045339298434555808e-02
1.068580210208892878e-01 -1.182516713161021471e-01
8.156832158565520408e-02 -1.736820359248668066e-01
4.847820699214934470e-02 -2.248027462977916224e-01
1.390264928340911865e-02 -2.739527840632945410e-01
-2.679360210895539995e-02 -3.216717143077403307e-01
-6.996487677097321112e-02 -3.667174716014415248e-01
-1.146675497293472290e-01 -4.111097474116832129e-01
-1.599776417016983143e-01 -4.559678692836314773e-01
-2.049497276544571256e-01 -5.001570363063365665e-01
-2.492935091257095781e-01 -5.439079899806529284e-01
-2.943438202142715787e-01 -5.852799553889781459e-01
