2.032951569557190030e+00 5.315842187404632213e+00
1.787774324417114258e+00 5.268507283926010309e+00
1.540998935699462891e+00 5.224349975585937500e+00
1.283830976486206144e+00 5.185994648933411000e+00
1.025996351242065341e+00 5.149537658691405895e+00
7.601417064666746715e-01 5.114875340461731312e+00
5.017677783966063565e-01 5.082637667655944824e+00
2.428129673004151279e-01 5.050336575508117321e+00
-1.719317436218270601e-02 5.018577122688293812e+00
-2.731688976287842685e-01 4.986856412887573420e+00
-5.281028270721437323e-01 4.956718730926513494e+00
-7.797280788421634412e-01 4.928148841857909801e+00
9.634075701236724854e+00 3.624431484937667758e+00
9.558994746208190563e+00 3.639351433515548795e+00
9.483789229393005726e+00 3.654813984036445529e+00
9.401384377479553578e+00 3.670992529392242520e+00
9.317774939537049050e+00 3.684528088569641202e+00
9.227642011642455344e+00 3.696502119302749634e+00
9.136393451690674183e+00 3.707677769660949529e+00
9.044185495376586559e+00 3.716360092163085938e+00
8.952315711975098012e+00 3.723477649688720525e+00
8.861584472656250711e+00 3.728151965141296209e+00
8.771309280395508168e+00 3.732637476921081721e+00
8.681447982788085938e+00 3.735733199119567693e+00
1.022700913548469615e+01 3.582724036276340396e+00
1.016637066602706874e+01 3.576082861423492520e+00
1.010537790060043406e+01 3.570022635161876678e+00
1.003663005828857457e+01 3.565665531158447088e+00
9.966620492935181375e+00 3.559486839175224127e+00
9.890197491645812633e+00 3.551965153217315763e+00
9.811792659759522195e+00 3.544992330670356573e+00
9.732133197784424539e+00 3.536541980504989802e+00
9.653784513473510742e+00 3.527407491207122714e+00
9.576341438293457742e+00 3.517223292589187533e+00
9.499369049072265980e+00 3.507573652267455877e+00
9.422377872467041726e+00 3.498404556512832553e+00
7.055519676208495738e+00 1.562517356872558771e+00
7.643450927734375178e+00 2.050948524475098012e+00
8.209531784057617188e+00 2.517747116088867365e+00
8.759946060180663352e+00 2.955031013488769620e+00
9.303302001953124289e+00 3.358031654357910067e+00
9.845243072509765270e+00 3.729702186584472834e+00
1.035732002258300710e+01 4.073458099365234730e+00
1.085922737121581960e+01 4.396105766296386719e+00
1.134412307739257741e+01 4.699068260192871271e+00
1.182024269104003977e+01 4.983568000793457742e+00
1.228216476440429616e+01 5.252304267883300959e+00
1.273309631347656179e+01 5.508390235900878729e+00
1.622436308860778720e+00 5.216856734454632161e+00
1.855484104156494229e+00 5.232618513703346075e+00
2.076774930953979581e+00 5.247516098618507208e+00
2.288653182983398260e+00 5.262103193998337147e+00
2.498034858703613637e+00 5.272733616828918279e+00
2.703269386291504262e+00 5.279724454879760387e+00
2.895155906677246094e+00 5.284006357192993164e+00
3.081815910339355646e+00 5.286180794239044189e+00
3.262007904052734553e+00 5.285137438774109242e+00
3.438660240173339933e+00 5.280256754159927013e+00
3.611129951477050959e+00 5.273700857162475941e+00
3.778933334350586204e+00 5.265751665830611827e+00
7.825256109237670898e+00 1.647709846496582031e+00
8.220663642883300426e+00 2.098200321197509766e+00
8.599813175201415305e+00 2.528725242614746183e+00
8.965965080261231179e+00 2.932336711883545277e+00
9.325877189636230469e+00 3.304080486297607422e+00
9.682872200012207387e+00 3.646700000762939542e+00
1.001860580444335902e+01 3.963412952423095881e+00
1.034685897827148438e+01 4.260531139373779475e+00
1.066316986083984375e+01 4.539273548126221414e+00
1.097360801696777344e+01 4.800718402862548473e+00
1.127374267578125000e+01 5.047522068023681641e+00
1.156601829528808523e+01 5.282572269439697266e+00
7.122856855392456499e-01 5.775660580396651866e+00
8.504424333572387917e-01 5.739481854438781561e+00
9.830484867095947710e-01 5.704721105098724543e+00
1.106916999816894620e+00 5.672978758811950684e+00
1.228741884231567383e+00 5.640808105468750000e+00
1.345765304565429865e+00 5.608018445968627752e+00
1.453345203399658114e+00 5.575269365310669301e+00
1.558850765228271484e+00 5.542485499382019398e+00
1.664175128936767667e+00 5.508280658721924183e+00
1.767247009277343794e+00 5.471833872795104803e+00
1.871029567718506037e+00 5.435248637199402211e+00
1.972192192077636852e+00 5.398500347137451527e+00
3.369228690862655640e+00 5.762747988104820251e+00
3.294112300872802823e+00 5.779237937927246271e+00
3.219162702560424805e+00 5.794831699132918956e+00
3.136585855484008700e+00 5.811125838756561635e+00
3.052810049057006925e+00 5.824320071935654042e+00
2.962509346008300959e+00 5.834667795896530507e+00
2.871927452087402521e+00 5.844329434633254827e+00
2.780366992950439542e+00 5.851582491397858021e+00
2.689509725570678800e+00 5.857344245910644176e+00
2.599773788452148349e+00 5.861339640617370783e+00
2.511970615386962979e+00 5.865179288387298406e+00
2.424438762664794744e+00 5.868781483173370006e+00
3.837558244168758570e+00 6.251515579223632990e+00
3.845255383849143893e+00 6.364182090759276988e+00
3.849284029006958097e+00 6.471726560592651722e+00
3.845489484071731745e+00 6.574357748031616211e+00
3.840146285295486628e+00 6.667152404785156250e+00
3.828920353949070154e+00 6.750909519195556818e+00
3.812550210952758700e+00 6.826652336120605291e+00
3.794033718109131037e+00 6.896287918090820312e+00
3.775041851401328863e+00 6.961225605010985973e+00
3.755934643745422186e+00 7.019863414764404119e+00
3.735067355632781805e+00 7.074582672119140270e+00
3.712950897216797053e+00 7.124963855743407848e+00
8.465357792377471213e+00 1.254550350829958805e-01
8.512025791406632180e+00 2.339508427307009919e-01
8.553982257843017578e+00 3.375078810378909222e-01
8.587567937374114280e+00 4.352799786254764047e-01
8.619440531730651500e+00 5.241213215515018176e-01
8.645725035667419789e+00 6.038035286590457407e-01
8.665033388137818093e+00 6.757525814697147304e-01
8.681669282913208718e+00 7.418067349120974763e-01
8.695464491844177246e+00 8.013595474883914438e-01
8.708581256866455789e+00 8.541598213836550935e-01
8.719008517265319114e+00 9.024767769500613435e-01
8.727684354782104137e+00 9.468074692413210869e-01
2.511461108922958263e-01 1.702738511376082967e-02
3.482215732336044756e-01 3.226873385719954829e-02
4.388118118047714122e-01 4.666875409893692095e-02
5.209680646657943726e-01 6.079000043682754317e-02
6.011982291936874834e-01 7.143766093067825673e-02
6.762335628271103349e-01 7.848364519886673329e-02
7.436775058507919534e-01 8.281678962521255016e-02
8.078046649694443637e-01 8.503960180096328814e-02
8.690683215856552790e-01 8.404214787296951372e-02
9.288376659154892190e-01 7.920515942387283681e-02
9.869488567113876565e-01 7.269083666615187844e-02
1.042718967795372098e+00 6.483966517262161611e-02
