1.935776686668396085e+00 5.274806433916092274e+00
1.593602132797241167e+00 5.190604233741760609e+00
1.249920320510864213e+00 5.112002563476562678e+00
8.947338581085204634e-01 5.041960048675536932e+00
5.315983295440673828e-01 4.977105426788329900e+00
1.595840930938718927e-01 4.916510581970214844e+00
-2.002669811248782850e-01 4.860132694244384766e+00
-5.602626323699952948e-01 4.805042552947997869e+00
-9.218072414398195136e-01 4.751665258407593129e+00
-1.277575254440307617e+00 4.699366712570190785e+00
-1.633978605270385742e+00 4.649653005599975408e+00
-1.986405515670776722e+00 4.602547359466552912e+00
9.668668973445893045e+00 3.587498712539672674e+00
9.628118109703063254e+00 3.567602849006652921e+00
9.585933303833007457e+00 3.548459851741790683e+00
9.535980391502381082e+00 3.532061660289764315e+00
9.484683179855347035e+00 3.514995497465133845e+00
9.427123737335204368e+00 3.497730398178100497e+00
9.367835450172425027e+00 3.481687045097351163e+00
9.307086133956909535e+00 3.464673864841461004e+00
9.246933555603026988e+00 3.447416710853576483e+00
9.187374067306517844e+00 3.429500639438629150e+00
9.129934406280517223e+00 3.412495541572570623e+00
9.072427511215209961e+00 3.396415710449218750e+00
1.032508102655410731e+01 3.633387875556945978e+00
1.036233545541763235e+01 3.674506521224975675e+00
1.039596749544143606e+01 3.713775658607482821e+00
1.042158961296081543e+01 3.751269555091857999e+00
1.044553307294845546e+01 3.783933734893798917e+00
1.046382404565811086e+01 3.811415386199951350e+00
1.047665435075759888e+01 3.834771966934204190e+00
1.048672783374786377e+01 3.854953455924987615e+00
1.049549093246459996e+01 3.870991563796997159e+00
1.050366213321685827e+01 3.882370567321777433e+00
1.051129546165466344e+01 3.891282773017883390e+00
1.051747055053710866e+01 3.898388051986694247e+00
6.971864080429076793e+00 1.531132602691650302e+00
7.476293182373046520e+00 1.989977836608886719e+00
7.961300277709961293e+00 2.428490447998046697e+00
8.431694030761718750e+00 2.839655685424804510e+00
8.895383262634277699e+00 3.218411445617675781e+00
9.356997299194336648e+00 3.567548179626465199e+00
9.792406845092774148e+00 3.890327835083008168e+00
1.021884765625000036e+01 4.193173217773438211e+00
1.063047866821289134e+01 4.477349662780762074e+00
1.103459281921386648e+01 4.743967247009277521e+00
1.142604904174804759e+01 4.995692253112792969e+00
1.180796165466308523e+01 5.235462379455566584e+00
1.642108893394470304e+00 5.182572013139724376e+00
1.894793176651000888e+00 5.166014263033867238e+00
2.134925270080566317e+00 5.150012385845184504e+00
2.365610313415527521e+00 5.135669660568237482e+00
2.593709754943847479e+00 5.119445872306823908e+00
2.817911434173583807e+00 5.101477670669555486e+00
3.027926445007324219e+00 5.082525646686553600e+00
3.234402084350586293e+00 5.062766575813293812e+00
3.434961318969726562e+00 5.040917050838470637e+00
3.631636047363281161e+00 5.016231179237365723e+00
3.825191688537597834e+00 4.990834283828735174e+00
4.013626289367675959e+00 4.964816570281982422e+00
7.848064231872558416e+00 1.703999900817871005e+00
8.266238212585449219e+00 2.207554054260254084e+00
8.667418289184571023e+00 2.688811111450195135e+00
9.057797622680663352e+00 3.140100193023681818e+00
9.441826248168945668e+00 3.556100749969482333e+00
9.823184013366699219e+00 3.939853763580322354e+00
1.018117313385009837e+01 4.294857120513915660e+00
1.053139076232910121e+01 4.628122425079345348e+00
1.086902465820312536e+01 4.941154956817626953e+00
1.120041503906250036e+01 5.235240268707275213e+00
1.152067565917968750e+01 5.513095569610595881e+00
1.183225860595703161e+01 5.777927494049072799e+00
7.379534125328064409e-01 5.734304428100585938e+00
9.017307043075561968e-01 5.659140086174010875e+00
1.063548231124877841e+00 5.587106680870055797e+00
1.218502807617187544e+00 5.520524859428405762e+00
1.371843624114990279e+00 5.455809926986693981e+00
1.520636367797851607e+00 5.392772722244262518e+00
1.658582210540771484e+00 5.331866693496704279e+00
1.794248199462890714e+00 5.272501850128174183e+00
1.929686450958252086e+00 5.213082361221313299e+00
2.062354469299316762e+00 5.152634000778197887e+00
2.196164321899414240e+00 5.093215656280517756e+00
2.326896667480468750e+00 5.034568119049072088e+00
3.361770486831665128e+00 5.790071251988410772e+00
3.279209494590759277e+00 5.832765519618988037e+00
3.196051764488220037e+00 5.874521875381470082e+00
3.105735087394714267e+00 5.915241396427154186e+00
3.014253377914428711e+00 5.951462674140929998e+00
2.916183900833130060e+00 5.983689594268798650e+00
2.817123556137084872e+00 6.012905478477478027e+00
2.717142534255981623e+00 6.038618326187133789e+00
2.617726707458496005e+00 6.061891031265258967e+00
2.519579410552978516e+00 6.082554960250854847e+00
2.421796131134033025e+00 6.102251648902893066e+00
2.324509334564209162e+00 6.120868039131164728e+00
3.846217735111713498e+00 6.206639331579208552e+00
3.862558534741401761e+00 6.277001857757568359e+00
3.875903767347335993e+00 6.344101119041442693e+00
3.881389850378036410e+00 6.407677197456360219e+00
3.885285758972167880e+00 6.463781833648681641e+00
3.883366888761520475e+00 6.513037633895874201e+00
3.876960992813110352e+00 6.556665086746216176e+00
3.868224892020225347e+00 6.595982837677001775e+00
3.857389122247695923e+00 6.632161188125610174e+00
3.846297898888587863e+00 6.662711477279662731e+00
3.833347401022911161e+00 6.689861679077148793e+00
3.819084514677524744e+00 6.714196777343749645e+00
8.498523873090743308e+00 -1.974301207810640404e-02
8.578297042846680043e+00 -4.812254775315523425e-02
8.655378055572509055e+00 -7.542678583413363336e-02
8.724124956130982156e+00 -1.001743899658322362e-01
8.791000699996947887e+00 -1.252024041488766781e-01
8.852600383758545632e+00 -1.513535009697079825e-01
8.907202720642089844e+00 -1.779232131317257937e-01
8.959190607070922852e+00 -2.048735724762082155e-01
9.010663700103759055e+00 -2.335446463897824509e-01
9.060810375213623757e+00 -2.647238837555050961e-01
9.111701250076293945e+00 -2.962980138137936703e-01
9.160501575469970348e+00 -3.279821978881955480e-01
6.299608647823333463e-02 -3.300008964724839011e-02
-2.773491442203523949e-02 -6.491864514537155906e-02
-1.199396759271622037e-01 -9.491285276599228937e-02
-2.192150264978409147e-01 -1.201572556514293039e-01
-3.196151405572891235e-01 -1.451752085704356432e-01
-4.266932636499405351e-01 -1.701327700633555873e-01
-5.333120018243789895e-01 -1.933367748279124498e-01
-6.411795765161514282e-01 -2.171098132152110560e-01
-7.470832973718644077e-01 -2.407793660182505902e-01
-8.516069561243058139e-01 -2.647993464488536119e-01
-9.553733974695206577e-01 -2.876112122554332351e-01
-1.058477702736854598e+00 -3.092435736674815638e-01
