2.023775863647460760e+00 5.291094821691513239e+00
1.769439697265625000e+00 5.221527433395385387e+00
1.513551568984985440e+00 5.156751155853271484e+00
1.248681879043578968e+00 5.098762059211731312e+00
9.824823856353759322e-01 5.044732856750488104e+00
7.082016468048095703e-01 4.993722677230834961e+00
4.417740345001219815e-01 4.946267175674438299e+00
1.747942447662351739e-01 4.899600028991699219e+00
-9.275107383728053989e-02 4.854212903976440785e+00
-3.561364650726321912e-01 4.809520149230957387e+00
-6.196351528167727274e-01 4.767041969299316229e+00
-8.801738262176517225e-01 4.726788282394409180e+00
9.717815473675727844e+00 3.629821136593818665e+00
9.726321363449097035e+00 3.649821805953979315e+00
9.731614944338797812e+00 3.668772029876708807e+00
9.729109227657318115e+00 3.687974262237548650e+00
9.725049312412739511e+00 3.703908270597457975e+00
9.715110129117965343e+00 3.715918791294098078e+00
9.700602146983147378e+00 3.724873423576354980e+00
9.683851593732834218e+00 3.731459045410156161e+00
9.666574093699455972e+00 3.736587667465209872e+00
9.649152499437331443e+00 3.737582039833069025e+00
9.631246227025986428e+00 3.737112045288085938e+00
9.612417268753052468e+00 3.735354006290435791e+00
1.030086782723665273e+01 3.617869883775711060e+00
1.031395317912101817e+01 3.644360017776489435e+00
1.032414111495018005e+01 3.669514566659927368e+00
1.032649319767952001e+01 3.693960142135620295e+00
1.032726978361606562e+01 3.714402055740356534e+00
1.032220655083656347e+01 3.730511951446533025e+00
1.031309342980384791e+01 3.743282639980316073e+00
1.030172900557517934e+01 3.753470730781555353e+00
1.028834167122840881e+01 3.760029125213622869e+00
1.027474335730075872e+01 3.764782845973968506e+00
1.026154325455427241e+01 3.767909026145935147e+00
1.024721952676773107e+01 3.769547677040100186e+00
6.919495248794556019e+00 1.590020704269409224e+00
7.371650695800781250e+00 2.104378509521484197e+00
7.805812263488769887e+00 2.595964527130127042e+00
8.226292610168457031e+00 3.056854248046875000e+00
8.640290260314941406e+00 3.481767082214355824e+00
9.051823043823242543e+00 3.873803329467773615e+00
9.438746070861816051e+00 4.236517524719237926e+00
9.817425918579100852e+00 4.577062416076660867e+00
1.018269081115722585e+01 4.897002220153808594e+00
1.054123764038086009e+01 5.197662544250488459e+00
1.088804817199707031e+01 5.481772804260254262e+00
1.122580947875976598e+01 5.752604484558105469e+00
1.702707505226135343e+00 5.216963876783847986e+00
2.015879726409912198e+00 5.232826659083366749e+00
2.317140769958496271e+00 5.247820806503296076e+00
2.608398914337158203e+00 5.262495714426040472e+00
2.896811676025390803e+00 5.273207652568816961e+00
3.181715202331543146e+00 5.280274248123168590e+00
3.449748229980468928e+00 5.284626674652099787e+00
3.710581398010253995e+00 5.286867690086364924e+00
3.962780380249023793e+00 5.285887217521667125e+00
4.210203361511230646e+00 5.281066387891769409e+00
4.450935173034668679e+00 5.274567437171936213e+00
4.686149215698241832e+00 5.266674494743346813e+00
7.795145153999328613e+00 1.621022510528564498e+00
8.160496711730957031e+00 2.046355152130126864e+00
8.510823059082031961e+00 2.452827739715575994e+00
8.850739765167237039e+00 2.834008121490478871e+00
9.184529495239257102e+00 3.185482692718506037e+00
9.515219306945800426e+00 3.509263324737549095e+00
9.824678802490234730e+00 3.808439540863037376e+00
1.012706775665283132e+01 4.089002704620360973e+00
1.041827068328857386e+01 4.352065372467041726e+00
1.070402641296386648e+01 4.598584461212158914e+00
1.097997016906738210e+01 4.831189441680908914e+00
1.124817581176757741e+01 5.052622318267822266e+00
8.020098924636840376e-01 5.763076090812683461e+00
1.029726505279541016e+00 5.715034234523773016e+00
1.255427265167236239e+00 5.668931603431701660e+00
1.474138832092285245e+00 5.626406860351562678e+00
1.696910285949707164e+00 5.584023022651672719e+00
1.915716266632080167e+00 5.541740942001342596e+00
2.120582199096679776e+00 5.500155520439148127e+00
2.322833251953125178e+00 5.459029889106750133e+00
2.524653816223144887e+00 5.416912102699280140e+00
2.722562408447265714e+00 5.372933053970337269e+00
2.923593521118164062e+00 5.329182243347167613e+00
3.119757843017578303e+00 5.285561037063598810e+00
3.346591305732727228e+00 5.717452722787856878e+00
3.248878931999206632e+00 5.691243696212768377e+00
3.152216005325317205e+00 5.666386801004409612e+00
3.047432470321655096e+00 5.644967937469482777e+00
2.939481878280639560e+00 5.623804795742034734e+00
2.824810361862182706e+00 5.603248572349547985e+00
2.710935163497924627e+00 5.584142041206360041e+00
2.595938682556152344e+00 5.564237129688263117e+00
2.482542705535888850e+00 5.544236803054809926e+00
2.370655536651611328e+00 5.523709511756896617e+00
2.260329723358154297e+00 5.504220318794250666e+00
2.150409889221191584e+00 5.485734939575195312e+00
3.864799705147743403e+00 6.113574606180191218e+00
3.899688416719436557e+00 6.096206808090210316e+00
3.930520224571227850e+00 6.079430460929870605e+00
3.953364074230194092e+00 6.064675247669219615e+00
3.974541878700256436e+00 6.048999917507171808e+00
3.990046930313110529e+00 6.031556606292724609e+00
4.000593960285186768e+00 6.013093185424804865e+00
4.008597970008850098e+00 5.993795382976531805e+00
4.015352034568786976e+00 5.972383522987366078e+00
4.021549069881439564e+00 5.948114252090453746e+00
4.026746106147766291e+00 5.923113679885863903e+00
4.030494880676269709e+00 5.899510169029236195e+00
8.517378270626068115e+00 5.676719676703215200e-02
8.615972113609313254e+00 1.005123509094119072e-01
8.709017610549926403e+00 1.421637667343020606e-01
8.793611311912536976e+00 1.818228138610720745e-01
8.876263999938965199e+00 2.161962641403079033e-01
8.953739690780640359e+00 2.452545298263430762e-01
9.023516082763672230e+00 2.700786245986819267e-01
9.089520835876465199e+00 2.916454685851931905e-01
9.151284027099610086e+00 3.089977396652102692e-01
9.211547899246216531e+00 3.216276777908206319e-01
9.269104290008545632e+00 3.317299259826541058e-01
9.324090290069580789e+00 3.397600067779422139e-01
1.872436493635177557e-01 2.294190931133925984e-02
2.205333203077316506e-01 4.375876593403518755e-02
2.503186076879501121e-01 6.348931598477065841e-02
2.721213787794113381e-01 8.262679385952652333e-02
2.922635883092880027e-01 9.840982365421951927e-02
3.067355006933212280e-01 1.108113508205860881e-01
3.151382058858871460e-01 1.201299767475575292e-01
3.211097806692123635e-01 1.270592193584889340e-01
3.258907765150070301e-01 1.305262784939259235e-01
3.301483482122421487e-01 1.299390177708119321e-01
3.347172707319259755e-01 1.274675350170582644e-01
3.376217573881149514e-01 1.238187055569142103e-01
