1.951409769058227495e+00 5.309607607126236140e+00
1.624839830398559393e+00 5.256950712203979137e+00
1.296790838241577148e+00 5.209493422508240101e+00
9.594071865081785777e-01 5.167615437507629750e+00
6.207043170928954190e-01 5.128697156906127930e+00
2.733141422271727627e-01 5.092016839981079457e+00
-6.300101280212411226e-02 5.057900762557983043e+00
-3.992177486419681287e-01 5.023826408386230291e+00
-7.367089748382569248e-01 4.990384936332702637e+00
-1.068837308883667347e+00 4.957063102722168324e+00
-1.403473615646362305e+00 4.925402259826659801e+00
-1.734605741500854670e+00 4.895390272140502930e+00
9.731817281246184947e+00 3.561253660917282016e+00
9.754299366474151967e+00 3.516617089509963989e+00
9.774000245332718606e+00 3.473770117759704679e+00
9.786084258556366322e+00 3.435110545158386319e+00
9.796551179885863547e+00 3.396314549446105779e+00
9.801271748542784934e+00 3.357807731628418058e+00
9.801510685682297108e+00 3.319736266136169345e+00
9.800070440769195201e+00 3.281927919387817472e+00
9.798118615150452015e+00 3.242956995964050293e+00
9.795759111642837524e+00 3.201973438262939453e+00
9.793216735124588013e+00 3.163023853302001864e+00
9.789664769172668812e+00 3.124914216995239080e+00
1.015701318979263235e+01 3.629146403074264615e+00
1.002650661468505788e+01 3.666755843162536443e+00
9.897414374351502175e+00 3.702541136741638095e+00
9.761522626876830699e+00 3.738135826587677180e+00
9.624665641784668324e+00 3.769949829578399747e+00
9.480853843688965554e+00 3.799575901031494229e+00
9.339126777648925071e+00 3.827183723449707031e+00
9.197115516662597301e+00 3.851378488540649236e+00
9.057135868072510476e+00 3.873211145401000977e+00
8.919122314453124645e+00 3.892504286766052424e+00
8.782416915893554332e+00 3.910896921157836825e+00
8.646459770202636008e+00 3.928278279304504572e+00
6.984140825271606623e+00 1.577949428558349521e+00
7.500823307037353338e+00 2.080928039550781428e+00
8.000078868865966086e+00 2.561634922027588246e+00
8.487855911254882812e+00 3.012339019775390980e+00
8.968852806091309304e+00 3.428051948547363281e+00
9.447949028015136363e+00 3.811537742614746094e+00
9.899394989013671875e+00 4.166292381286621271e+00
1.034168090820312536e+01 4.499323081970215021e+00
1.076869392395019531e+01 4.812141227722168679e+00
1.118793487548828125e+01 5.106022071838379084e+00
1.159427070617675781e+01 5.383682823181152877e+00
1.199057922363281392e+01 5.648332786560058771e+00
1.711950635910034269e+00 5.370438194274901988e+00
2.034349203109741211e+00 5.530978274345398127e+00
2.343386650085449219e+00 5.684292840957641424e+00
2.642367172241210760e+00 5.828473567962646484e+00
2.938374137878418058e+00 5.959478044509888051e+00
3.230933952331542791e+00 6.078347778320312145e+00
3.504886054992675692e+00 6.186775875091552912e+00
3.772380828857421875e+00 6.287267303466796520e+00
4.029708290100098012e+00 6.379488563537597301e+00
4.282213783264159801e+00 6.463385581970214844e+00
4.526456642150879617e+00 6.541285419464111683e+00
4.764674758911132457e+00 6.614339542388916193e+00
7.866037893295287908e+00 1.705109548568725764e+00
8.302152824401854758e+00 2.209709453582763494e+00
8.720716094970702770e+00 2.691966342926025213e+00
9.125988769531250711e+00 3.144120502471923650e+00
9.524845886230469461e+00 3.560924243927002131e+00
9.921098709106445312e+00 3.945423603057861328e+00
1.029307594299316442e+01 4.301121807098388317e+00
1.065702896118164134e+01 4.635043430328369851e+00
1.100799674987792898e+01 4.948698520660400391e+00
1.135248985290527379e+01 5.243376255035400391e+00
1.168573570251464844e+01 5.521795368194580611e+00
1.200992927551269673e+01 5.787167835235595525e+00
6.118361204862594604e-01 5.861955282092094599e+00
6.497268855571747270e-01 5.907124900817871449e+00
6.839760541915893555e-01 5.950444281101226807e+00
7.102105498313904253e-01 5.992377221584320068e+00
7.347642540931701438e-01 6.028711700439453480e+00
7.536703824996948686e-01 6.059878325462340953e+00
7.666630506515502708e-01 6.086665153503417969e+00
7.770772933959960715e-01 6.110084891319274902e+00
7.861712217330932839e-01 6.129194808006286799e+00
7.946675539016723189e-01 6.143497824668884277e+00
8.032424688339233620e-01 6.155191707611083807e+00
8.103776693344115767e-01 6.164924693107605158e+00
3.475767213106155218e+00 5.676513522863388062e+00
3.506994646787643610e+00 5.611711895465850475e+00
3.536379170417785822e+00 5.549796807765960516e+00
3.558210146427154719e+00 5.492602062225341975e+00
3.579850864410400568e+00 5.437440562248229803e+00
3.595853853225707830e+00 5.383282566070556996e+00
3.606876766681671231e+00 5.330641269683837891e+00
3.616134083271026700e+00 5.279078578948974254e+00
3.624944412708282382e+00 5.227060317993164062e+00
3.633162164688110263e+00 5.173657083511352894e+00
3.641878533363342108e+00 5.120940923690795898e+00
3.649265217781066717e+00 5.069826269149780629e+00
3.759950023889541804e+00 6.195679658651352284e+00
3.690180623531341464e+00 6.256125593185425160e+00
3.620002818107605158e+00 6.313834118843078436e+00
3.542587971687316983e+00 6.370816922187804821e+00
3.463948416709899725e+00 6.422074317932128906e+00
3.378825616836548029e+00 6.468299698829651057e+00
3.293192720413208097e+00 6.510455870628357289e+00
3.206439542770385565e+00 6.548384714126586736e+00
3.121203899383544922e+00 6.583245515823364258e+00
3.036992454528808505e+00 6.614940023422240856e+00
2.952925300598144620e+00 6.645130300521850941e+00
2.868671131134033381e+00 6.673681831359862926e+00
8.502323478460311890e+00 3.157821130007505694e-02
8.585889506340027566e+00 5.157819222658872882e-02
8.664232397079468129e+00 7.052896749228239337e-02
8.734271287918090820e+00 8.891089092940092364e-02
8.802437257766722922e+00 1.035538567230105400e-01
8.865310049057006481e+00 1.142740620300173870e-01
8.921130943298340554e+00 1.220275772735476549e-01
8.974505376815795188e+00 1.274793041869998200e-01
9.024998855590819602e+00 1.295447720214724652e-01
9.074182987213134766e+00 1.276233566924929730e-01
9.122128438949584250e+00 1.238826645538210897e-01
9.168002796173094993e+00 1.186402214691043011e-01
9.019350707530975064e-02 -2.961911750026047230e-02
2.661018073558807373e-02 -5.835052919574082453e-02
-3.872968256473541260e-02 -8.599117589183152832e-02
-1.113433271646499523e-01 -1.098304171580821303e-01
-1.861962467432022317e-01 -1.336901326198130791e-01
-2.675019413232803678e-01 -1.582687873858958649e-01
-3.494865566492080799e-01 -1.811201829928904827e-01
-4.328275352716446367e-01 -2.045603652019053753e-01
-5.153502613306045754e-01 -2.279142994899302777e-01
-5.968949943780899048e-01 -2.516338486690074538e-01
-6.778855472803115845e-01 -2.741598744411021804e-01
-7.586134105920792070e-01 -2.954546351451426967e-01
