2.043787574768066495e+00 5.355562633275985363e+00
1.809425973892211825e+00 5.345980462431907831e+00
1.581468963623046786e+00 5.337520653009415028e+00
1.347399187088012651e+00 5.332590079307555797e+00
1.112800073623657182e+00 5.327002656459808527e+00
8.704003810882567915e-01 5.320718130469321849e+00
6.344444751739501953e-01 5.314897048473357977e+00
3.998892307281494141e-01 5.307533973455429432e+00
1.711683750152586114e-01 5.299430829286575495e+00
-5.406107902526846587e-02 5.290228354930877508e+00
-2.742803096771240234e-01 5.281512647867202759e+00
-4.928418636322025037e-01 5.273226326704024913e+00
9.744321754574775341e+00 3.646526971459388644e+00
9.779285502433776145e+00 3.682275909185409368e+00
9.810694837570190785e+00 3.716702497005462735e+00
9.834110569953917746e+00 3.750270438194275080e+00
9.855859446525574441e+00 3.779323291778564631e+00
9.871943485736846213e+00 3.803436446189880193e+00
9.883042633533477783e+00 3.823657226562500178e+00
9.891469144821167347e+00 3.840878415107726873e+00
9.897294735908507946e+00 3.854108381271362127e+00
9.902578926086425426e+00 3.862814331054687411e+00
9.905950975418090110e+00 3.869183635711670011e+00
9.907993769645690563e+00 3.873886489868163974e+00
1.026796999275684286e+01 3.562388938665390192e+00
1.024821754992008138e+01 3.536578255891799749e+00
1.022666116356849741e+01 3.511931848526001154e+00
1.019750527739524770e+01 3.490010052919387817e+00
1.016686688661575388e+01 3.467716765403747736e+00
1.013013800382614171e+01 3.444928109645843506e+00
1.009075930118560827e+01 3.421488344669342041e+00
1.004983072280883860e+01 3.397492730617523105e+00
1.000853421688079870e+01 3.372125911712646307e+00
9.967506003379821067e+00 3.345649790763855158e+00
9.927307248115539551e+00 3.320501375198364080e+00
9.886799788475036266e+00 3.296747756004333674e+00
6.799504089355468572e+00 1.620887327194213912e+00
7.131886959075927734e+00 2.164342880249023438e+00
7.449995517730712891e+00 2.683748054504394354e+00
7.756351661682129084e+00 3.170264053344726829e+00
8.056728553771971946e+00 3.618964576721191762e+00
8.353715133666991477e+00 4.033109855651855646e+00
8.630599975585937500e+00 4.416404533386231179e+00
8.900921821594238281e+00 4.776378059387207387e+00
9.160993957519531605e+00 5.114742851257324752e+00
9.416153907775878906e+00 5.432941246032714666e+00
9.662031936645508523e+00 5.733735847473144354e+00
9.900487136840819602e+00 6.020569038391113459e+00
1.639064407348632901e+00 5.244234338402748108e+00
1.888709831237793013e+00 5.285804462432861506e+00
2.128136920928954900e+00 5.325376415252685902e+00
2.357941818237304865e+00 5.363045144081115545e+00
2.585166931152343750e+00 5.395101189613342285e+00
2.808386421203613370e+00 5.422005581855773748e+00
3.016506385803222834e+00 5.444824719429016469e+00
3.219034576416015980e+00 5.464498853683471324e+00
3.413292884826660156e+00 5.480055856704711736e+00
3.603770446777343928e+00 5.490976905822753551e+00
3.788671493530273438e+00 5.499453449249267933e+00
3.968802833557129262e+00 5.505923557281493963e+00
7.896181154251098455e+00 1.689984369277954146e+00
8.362384223937988637e+00 2.180326175689697443e+00
8.810153961181640625e+00 2.648951435089111683e+00
9.244163131713866832e+00 3.088070011138916104e+00
9.671627426147461293e+00 3.492773532867431641e+00
1.009675979614257812e+01 3.866026782989502308e+00
1.049686775207519496e+01 4.211256122589110973e+00
1.088853569030761648e+01 4.535294818878174539e+00
1.126641044616699183e+01 4.839573383331298828e+00
1.163735847473144602e+01 5.125325489044190164e+00
1.199633216857910156e+01 5.395253467559814275e+00
1.234635658264160085e+01 5.652481937408447621e+00
6.771774291992187500e-01 5.792818614840507863e+00
7.802901268005371094e-01 5.772814434766769587e+00
8.766777515411376953e-01 5.753529888391494929e+00
9.650080680847168413e-01 5.736113750934601185e+00
1.051680088043212891e+00 5.717527502775192616e+00
1.133334970474243253e+00 5.697366237640380859e+00
1.206932115554809615e+00 5.676372730731964467e+00
1.278273296356201350e+00 5.654686450958251953e+00
1.346756076812744229e+00 5.631008839607238414e+00
1.413619995117187500e+00 5.604582834243774236e+00
1.479232597351074263e+00 5.577530527114868519e+00
1.542454719543457031e+00 5.549927878379821600e+00
3.419268918037414728e+00 5.775410804152488531e+00
3.394101384282111944e+00 5.803837740421295521e+00
3.367116898298263550e+00 5.830843997001648127e+00
3.332577240467071711e+00 5.857297563552856801e+00
3.296624481678009033e+00 5.880182635784149348e+00
3.254534173011779608e+00 5.899452471733093617e+00
3.210031080245971502e+00 5.915164697170257391e+00
3.163751411437988104e+00 5.928129684925079523e+00
3.117807221412658869e+00 5.937514650821685613e+00
3.072211790084838690e+00 5.945053410530090510e+00
3.027552318572998225e+00 5.950866222381591797e+00
2.982545900344848455e+00 5.956369042396545410e+00
3.810831701755523770e+00 6.241849923133850453e+00
3.791851097345352084e+00 6.345404767990112660e+00
3.770635318756103693e+00 6.444371652603149592e+00
3.741818261146545588e+00 6.537669181823730469e+00
3.711562919616699041e+00 6.622184371948241832e+00
3.675216281414031894e+00 6.699224424362182795e+00
3.634896123409271151e+00 6.769772243499756037e+00
3.592787814140320002e+00 6.834503555297851918e+00
3.549554538726806818e+00 6.894789171218872248e+00
3.506623339653015314e+00 6.949280071258544744e+00
3.462385678291320712e+00 7.001156902313232067e+00
3.417509603500366033e+00 7.050187206268310192e+00
8.494477963447570446e+00 -4.402040708810091296e-02
8.570212578773498180e+00 -9.528578389436007101e-02
8.644025588035583851e+00 -1.444702850654721316e-01
8.710524606704712625e+00 -1.898747073486447556e-01
8.775166177749634144e+00 -2.342295037582516892e-01
8.834510707855224965e+00 -2.783434497192502355e-01
8.886960315704346414e+00 -3.216341124847531541e-01
8.937462615966797586e+00 -3.643695222213864660e-01
8.987754154205322976e+00 -4.080143557861447556e-01
9.036739635467530007e+00 -4.534469710662961117e-01
9.086183929443359730e+00 -4.985805617645383547e-01
9.133781051635741832e+00 -5.425552474334836006e-01
1.050032019615173284e-01 3.047721195034682959e-02
5.620251595973968506e-02 5.839745807461441118e-02
6.429859995841974429e-03 8.521441030316055654e-02
-5.074569284915925182e-02 1.115931134205311592e-01
-1.092373758554458507e-01 1.342268686275929213e-01
-1.740491777658462746e-01 1.534406642895191908e-01
-2.402691513299942128e-01 1.691008667927235420e-01
-3.078902393579483476e-01 1.820167403202503920e-01
-3.745525509119034258e-01 1.931502323132008314e-01
-4.405096679925918357e-01 2.011186938267201241e-01
-5.064285904169083530e-01 2.087379794102162123e-01
-5.725605636835098267e-01 2.159452300053089913e-01
