2.024368548393249423e+00 5.323106747865677058e+00
1.770623016357421697e+00 5.284654664993285955e+00
1.516872215270995916e+00 5.248765468597412109e+00
1.257144880294799760e+00 5.217211472988128484e+00
9.969894886016845703e-01 5.187141346931457342e+00
7.288013935089110440e-01 5.158473348617553356e+00
4.681972980499267134e-01 5.131815266609192072e+00
2.071985721588132101e-01 5.104781484603881481e+00
-5.505366325378435732e-02 5.078018569946289418e+00
-3.132419109344484198e-01 5.051054024696350453e+00
-5.712731838226319248e-01 5.025440979003906072e+00
-8.256803035736086649e-01 5.001155519485473988e+00
9.603854823112488504e+00 3.576291292905807495e+00
9.498608255386352894e+00 3.546617656946182251e+00
9.392104125022887828e+00 3.519382989406585782e+00
9.278576612472534180e+00 3.495845139026641846e+00
9.163983392715454812e+00 3.472807323932647794e+00
9.042592811584473367e+00 3.449963331222534180e+00
8.921540641784668324e+00 3.428727054595947177e+00
8.799328422546386363e+00 3.406811594963073730e+00
8.679154014587401988e+00 3.384904146194458008e+00
8.560596942901611328e+00 3.362561488151550204e+00
8.444552803039551137e+00 3.341345310211181641e+00
8.328888797760010121e+00 3.321224260330200018e+00
1.023638547956943512e+01 3.594601704925298513e+00
1.018510624170303380e+01 3.599157375097274958e+00
1.013286345005035471e+01 3.604074692726135343e+00
1.007325687408447301e+01 3.609581097960472107e+00
1.001234760284423864e+01 3.612948533892631708e+00
9.945098638534545898e+00 3.615032276511192411e+00
9.876549291610718484e+00 3.616120392084121615e+00
9.806630659103394265e+00 3.615279799699783414e+00
9.737738037109375355e+00 3.613363930583000094e+00
9.669588947296142933e+00 3.610051077604294001e+00
9.602842283248900657e+00 3.606938263773918241e+00
9.536113739013671875e+00 3.602625957131385892e+00
6.895083713531493963e+00 1.577649164199829146e+00
7.322871685028076172e+00 2.080344867706299006e+00
7.733666896820068359e+00 2.560781288146972479e+00
8.133143615722655539e+00 3.011228752136230646e+00
8.526228141784667258e+00 3.426448249816894442e+00
8.916676139831542613e+00 3.809475326538086293e+00
9.283508682250976918e+00 4.163802909851074929e+00
9.642436027526855469e+00 4.496430397033691406e+00
9.988525390625000000e+00 4.808883094787598012e+00
1.032822875976562571e+01 5.102416419982910512e+00
1.065676193237304759e+01 5.379746437072753906e+00
1.097648544311523366e+01 5.644075584411621271e+00
1.640723800659179776e+00 5.253827697038650157e+00
1.892025566101074308e+00 5.304441285133361994e+00
2.132486152648925604e+00 5.352659344673156738e+00
2.363397693634033292e+00 5.398442947864532826e+00
2.590327167510986683e+00 5.438031649589538219e+00
2.813248443603515447e+00 5.471937108039855779e+00
3.020871162414550781e+00 5.501273369789123180e+00
3.223022079467773526e+00 5.527099847793579102e+00
3.416914176940918146e+00 5.548492836952209295e+00
3.607032585144043235e+00 5.564969086647034047e+00
3.791222763061523615e+00 5.578730392456054510e+00
3.970457077026367188e+00 5.590269136428832830e+00
7.851205396652221502e+00 1.653633069992065385e+00
8.272514724731445668e+00 2.109707355499267578e+00
8.676561355590820312e+00 2.545570755004883168e+00
9.067894363403320668e+00 2.954289722442626775e+00
9.452875328063964133e+00 3.330774593353271751e+00
9.835208320617676137e+00 3.677800655364990234e+00
1.019384746551513743e+01 3.998615550994873313e+00
1.054466247558593750e+01 4.299606227874756215e+00
1.088287429809570384e+01 4.582052707672119141e+00
1.121484107971191335e+01 4.847023105621337535e+00
1.153583183288574254e+01 5.097181034088134943e+00
1.184849662780761648e+01 5.335448932647705256e+00
7.291452288627624512e-01 5.781293290853500189e+00
8.841304540634156162e-01 5.750424432754516424e+00
1.030251312255859419e+00 5.720740258693695068e+00
1.167525196075439364e+00 5.693587398529052379e+00
1.302630090713500888e+00 5.665472555160522283e+00
1.432990932464599521e+00 5.636452472209930065e+00
1.553314971923828169e+00 5.607212138175964533e+00
1.671366786956787198e+00 5.577740621566772639e+00
1.787099742889404430e+00 5.546677923202514293e+00
1.900401306152343928e+00 5.513222122192383168e+00
2.013789081573486683e+00 5.479482245445251642e+00
2.123845005035400746e+00 5.445462512969970525e+00
3.307845556735992343e+00 5.738884150981903076e+00
3.171458196640014826e+00 5.733996152132749380e+00
3.034275817871093572e+00 5.730145236849784496e+00
2.890355014801025302e+00 5.728288075327872875e+00
2.745508146286010920e+00 5.725503003597259166e+00
2.593640899658203214e+00 5.721546736359596430e+00
2.443138599395751953e+00 5.717893129587173107e+00
2.292669486999511896e+00 5.712576216459273937e+00
2.145578861236572266e+00 5.706414067745209096e+00
2.000576114654540660e+00 5.699059218168258667e+00
1.858694171905517445e+00 5.690899461507797241e+00
1.717999839782714755e+00 5.683139491081237615e+00
3.764551436901092618e+00 6.200340610742569147e+00
3.699375081062316717e+00 6.264765429496764959e+00
3.632724642753601074e+00 6.326187884807586315e+00
3.558826780319213956e+00 6.384493494033813832e+00
3.483689904212951660e+00 6.436746430397033869e+00
3.402097702026367188e+00 6.483553314208984730e+00
3.318678331375122248e+00 6.524899506568909047e+00
3.234105110168457031e+00 6.562063694000244141e+00
3.150985765457153143e+00 6.596199083328246893e+00
3.068854475021362216e+00 6.627203083038329723e+00
2.986270141601562678e+00 6.656736421585082830e+00
2.903451251983642400e+00 6.684665584564209340e+00
8.470863264799117331e+00 2.968416046351194520e-02
8.523026680946349742e+00 4.789865743368864476e-02
8.570893263816833141e+00 6.514119040220975321e-02
8.610642361640930886e+00 8.237174879759549817e-02
8.648649454116821289e+00 9.593631159514189044e-02
8.681118798255919700e+00 1.056542111560702379e-01
8.706529402732849476e+00 1.124746931716799764e-01
8.728948450088500621e+00 1.170456184074282757e-01
8.749696564674376731e+00 1.182755840942263659e-01
8.769646644592285156e+00 1.155588520690798843e-01
8.789404439926148171e+00 1.110615624114871108e-01
8.807296609878539684e+00 1.053983641788363568e-01
1.049598455429077148e-01 -2.454661321826279163e-02
5.611588656902312400e-02 -4.813771736808121482e-02
6.457516551017755679e-03 -7.031417679972946921e-02
-5.095178186893464800e-02 -8.972876262851059437e-02
-1.096732288599014393e-01 -1.092498321551829688e-01
-1.747234970331192350e-01 -1.284509320277720801e-01
-2.411722093820571899e-01 -1.462956924457103070e-01
-3.090139538049698209e-01 -1.650094528216868861e-01
-3.770510345697403176e-01 -1.856745381373912096e-01
-4.443594604730606301e-01 -2.068345923442393708e-01
-5.101524025201797929e-01 -2.269257445354014857e-01
-5.760739475488663164e-01 -2.459589858073741309e-01
