1.942859053611755371e+00 5.383451467752456310e+00
1.607753324508666815e+00 5.400471267104149042e+00
1.280208253860473544e+00 5.419136774539947687e+00
9.473579883575438121e-01 5.439727574586868286e+00
6.143778324127195933e-01 5.458441710472106578e+00
2.728529453277586114e-01 5.475687825679779408e+00
-5.784544944763192476e-02 5.491771352291107355e+00
-3.862281322479250711e-01 5.505086851119995295e+00
-7.060363292694091797e-01 5.516599452495574596e+00
-1.020785856246948509e+00 5.526069033145904363e+00
-1.330617094039917347e+00 5.535116350650786998e+00
-1.636143827438354847e+00 5.543649053573608043e+00
9.642731672525405529e+00 3.703104543685912908e+00
9.576290857791899924e+00 3.792188048362731934e+00
9.508512187004090066e+00 3.877185726165771396e+00
9.433477973937987926e+00 3.958473157882690607e+00
9.357209610939026589e+00 4.032183742523193004e+00
9.274476146697997692e+00 4.099362659454345525e+00
9.190007781982421520e+00 4.161927652359008967e+00
9.104399013519287820e+00 4.219122982025146129e+00
9.018935728073120828e+00 4.270272588729858043e+00
8.934500503540039773e+00 4.317472267150878729e+00
8.849729156494140270e+00 4.362412834167480824e+00
8.765291690826416016e+00 4.404931116104125799e+00
1.022204456925392080e+01 3.574705955386161982e+00
1.015645060539245570e+01 3.560506296157837092e+00
1.009016721248626780e+01 3.548461377620697021e+00
1.001643855571746755e+01 3.538995099067688166e+00
9.941467857360839488e+00 3.528590494394302279e+00
9.860036754608154652e+00 3.517065155506133856e+00
9.777932310104370472e+00 3.506365609169006525e+00
9.694525766372681375e+00 3.494397121667861761e+00
9.612539148330688121e+00 3.481925261020660578e+00
9.531521272659301047e+00 3.468564260005950750e+00
9.452231979370116832e+00 3.455892479419708341e+00
9.373164367675780539e+00 3.443868684768676580e+00
7.055960321426391957e+00 1.583534383773803622e+00
7.644331264495849432e+00 2.091777992248535334e+00
8.210750961303711293e+00 2.577518463134765625e+00
8.761417007446288707e+00 3.032935142517089844e+00
9.305022811889648082e+00 3.453191757202148438e+00
9.847272491455077770e+00 3.840900421142578125e+00
1.035931854248046946e+01 4.199586105346679865e+00
1.086127357482910227e+01 4.536327934265136363e+00
1.134621353149413991e+01 4.852655601501465021e+00
1.182238960266113281e+01 5.149877738952636896e+00
1.228400688171386790e+01 5.430716896057129262e+00
1.273435821533203161e+01 5.698411369323730824e+00
1.689957427978515669e+00 5.255315792560577570e+00
1.990403270721435636e+00 5.307332181930542347e+00
2.279264831542968661e+00 5.356891405582428156e+00
2.558220291137695668e+00 5.403899836540221990e+00
2.834384346008301137e+00 5.444625496864318848e+00
3.106938934326171964e+00 5.479587650299071910e+00
3.363169097900390980e+00 5.509907579421996715e+00
3.612705039978027610e+00 5.536662673950194957e+00
3.853936767578125089e+00 5.558937144279480158e+00
4.090578651428222301e+00 5.576252484321594594e+00
4.320935058593750711e+00 5.590812015533447088e+00
4.545314216613769887e+00 5.603116369247436168e+00
7.944451093673706055e+00 1.634311532974243253e+00
8.458835983276367543e+00 2.072171688079833984e+00
8.953381729125975852e+00 2.490621280670166193e+00
9.433405303955078480e+00 2.882888317108154297e+00
9.906684112548827414e+00 3.244101619720459073e+00
1.037799224853515589e+01 3.576933765411377308e+00
1.082269706726074254e+01 3.884535694122314808e+00
1.125829238891601491e+01 4.173052883148193004e+00
1.167881050109863317e+01 4.443637180328369851e+00
1.209166183471679723e+01 4.697316455841065164e+00
1.249192695617675852e+01 4.936732959747314631e+00
1.288244247436523438e+01 5.164698505401611683e+00
7.412294387817383035e-01 5.766725254058838068e+00
9.082773923873901367e-01 5.722123366594314753e+00
1.073364830017089933e+00 5.679309582710265758e+00
1.229465770721435591e+00 5.639910364151001332e+00
1.383422374725341797e+00 5.600427794456481756e+00
1.532825279235839888e+00 5.560842227935791193e+00
1.671354389190673917e+00 5.521766948699950994e+00
1.807561492919921964e+00 5.483010959625244318e+00
1.943351650238037243e+00 5.443141102790832520e+00
2.076365375518799183e+00 5.401301860809326172e+00
2.210068893432617365e+00 5.359586286544799627e+00
2.340868186950683771e+00 5.317916154861450195e+00
3.420290184020996271e+00 5.815705823898315252e+00
3.396142041683197110e+00 5.882118105888366699e+00
3.369852972030639826e+00 5.946065568923950551e+00
3.336006486415862948e+00 6.007189130783080699e+00
3.300744104385375799e+00 6.062349414825439098e+00
3.259349751472472967e+00 6.111684370040893377e+00
3.214404201507568448e+00 6.156424617767333629e+00
3.167736577987670721e+00 6.196792888641357244e+00
3.120077133178710938e+00 6.233967733383178889e+00
3.072795796394347967e+00 6.267864990234374822e+00
3.024300384521484197e+00 6.300150728225707653e+00
2.974927186965942383e+00 6.329344987869262695e+00
3.712109756469726740e+00 6.168000316619872692e+00
3.594587469100952060e+00 6.203440850973128917e+00
3.478045654296875178e+00 6.237252199649811146e+00
3.354534769058227450e+00 6.271598577499389648e+00
3.230006933212280273e+00 6.301780700683593750e+00
3.098624181747436701e+00 6.329320311546325684e+00
2.968776607513427646e+00 6.354986143112182795e+00
2.838469028472900391e+00 6.377347612380981801e+00
2.710951042175293146e+00 6.397441172599792836e+00
2.585184860229492010e+00 6.415078878402709961e+00
2.460154914855956942e+00 6.431896686553955078e+00
2.335602474212646662e+00 6.447786831855774281e+00
8.412772685196250322e+00 -2.114420700818300108e-02
8.406951446831225638e+00 -5.084463227540254870e-02
8.399318185448645835e+00 -7.940487135201693136e-02
8.383965411782265065e+00 -1.054036723449826296e-01
8.367114454507827759e+00 -1.312397109344601576e-01
8.344281911849975586e+00 -1.580682145431637764e-01
8.318185108900070901e+00 -1.852682935073971804e-01
8.290481543540954235e+00 -2.128137456253171023e-01
8.262335968017577414e+00 -2.419494258239865414e-01
8.234233212471007590e+00 -2.735709296539425850e-01
8.206685090065002797e+00 -3.050491916015744542e-01
8.178476166725157981e+00 -3.347850667312741724e-01
1.673381716012954656e-01 4.410432088188827315e-02
1.807587146759033203e-01 8.487057494930923263e-02
1.912086904048919678e-01 1.240322451572865303e-01
1.938207179307937511e-01 1.615725975017994753e-01
1.948553979396820124e-01 1.937342982273548841e-01
1.900528341531753651e-01 2.207503657322377189e-01
1.811888605356216375e-01 2.436945776920765860e-01
1.699303463101387024e-01 2.634867768269032462e-01
1.579844839870929718e-01 2.791556220036000013e-01
1.458028420805931036e-01 2.925814728718251212e-01
1.320270180702209362e-01 3.043536763172596804e-01
1.171329766511917114e-01 3.141606192570179923e-01
