1.903722071647643954e+00 5.347332543134688976e+00
1.529551076889037908e+00 5.330685454607009710e+00
1.155847215652465731e+00 5.316959643363952992e+00
7.772915363311767578e-01 5.307865995168685735e+00
3.988457202911375177e-01 5.299136221408843994e+00
1.148381233215323149e-02 5.290489375591278076e+00
-3.630305767059329725e-01 5.282469302415847778e+00
-7.365653514862060547e-01 5.273030322790146052e+00
-1.100411939620971946e+00 5.262957966327666881e+00
-1.458444929122924894e+00 5.251881015300750910e+00
-1.808412122726440252e+00 5.241382086277008412e+00
-2.152967405319214045e+00 5.231407177448272883e+00
9.750911521911621804e+00 3.565627264976501287e+00
9.792452925443649647e+00 3.525113606452941806e+00
9.830600595474242809e+00 3.486324203014373957e+00
9.861239933967590687e+00 3.451080226898193271e+00
9.890823674201964621e+00 3.416713154315948575e+00
9.914826297760010121e+00 3.381882095336913974e+00
9.933495426177978871e+00 3.347232723236083896e+00
9.950363349914550071e+00 3.312654900550842108e+00
9.966786146163940430e+00 3.276748442649841220e+00
9.982486152648926137e+00 3.238681888580322354e+00
9.998753404617309215e+00 3.200555753707885920e+00
1.001348142623901438e+01 3.162655305862426935e+00
1.031263127028942073e+01 3.556391355395317255e+00
1.033745857477188146e+01 3.524926865100860507e+00
1.036042215228080821e+01 3.494673228263855069e+00
1.037545509934425425e+01 3.467460656166076571e+00
1.038885654211044240e+01 3.439614713191986084e+00
1.039653632640838588e+01 3.410844564437866211e+00
1.039960279464721715e+01 3.381836915016174228e+00
1.040092657804489207e+01 3.352585053443908780e+00
1.040172837972641062e+01 3.321730804443359553e+00
1.040207518339157033e+01 3.289835119247436435e+00
1.040280897617340017e+01 3.257579421997070401e+00
1.040204247236251867e+01 3.225793457031250089e+00
7.038750791549682972e+00 1.536115837097167924e+00
7.609943580627441584e+00 1.999658584594726562e+00
8.159725570678711293e+00 2.442662239074707031e+00
8.694030189514160512e+00 2.857678031921386808e+00
9.221350669860839844e+00 3.240007972717285245e+00
9.747137451171875355e+00 3.592466545104980646e+00
1.024349136352538991e+01 3.918338394165039151e+00
1.072996482849121236e+01 4.224102973937988281e+00
1.119987487792968750e+01 4.511076164245605646e+00
1.166126823425292969e+01 4.780355644226074396e+00
1.210868644714355469e+01 5.034612464904785867e+00
1.254555091857910298e+01 5.276811790466308771e+00
1.634380674362182706e+00 5.226009556651115773e+00
1.879350709915161177e+00 5.250399523973465321e+00
2.112886810302734286e+00 5.273546183109283803e+00
2.336921215057373047e+00 5.295856535434722900e+00
2.558404159545898615e+00 5.313937473297118963e+00
2.775851154327392933e+00 5.327853024005889893e+00
2.979410171508789062e+00 5.338581025600433350e+00
3.177493286132812678e+00 5.346840763092041371e+00
3.368774986267089933e+00 5.351569926738738658e+00
3.556325912475585938e+00 5.352184057235717773e+00
3.738746261596679776e+00 5.350855469703674316e+00
3.916565322875976918e+00 5.347921431064605713e+00
7.860714626312256037e+00 1.586191701889038130e+00
8.291515636444092507e+00 1.978690147399902344e+00
8.705275344848633523e+00 2.353771114349365590e+00
9.105530548095703836e+00 2.705579185485840199e+00
9.499391746520995383e+00 3.029236316680908203e+00
9.890610885620116477e+00 3.327162647247314364e+00
1.025838603973388707e+01 3.602271556854248047e+00
1.061819591522216832e+01 3.860114383697510032e+00
1.096514205932617259e+01 4.101598453521728693e+00
1.130568313598632812e+01 4.327577304840088068e+00
1.163535308837890625e+01 4.540641880035400035e+00
1.195636825561523509e+01 4.743333148956299539e+00
6.409714281558990256e-01 5.825935160368681309e+00
7.079443216323852983e-01 5.837149316072464345e+00
7.704005002975463645e-01 5.847699087858200251e+00
8.252009630203247514e-01 5.858258461952209117e+00
8.781924247741699219e-01 5.865469568967819569e+00
9.257673501968384233e-01 5.869287055730819880e+00
9.669650316238402876e-01 5.870614945888519287e+00
1.005218648910522372e+00 5.870000708103179754e+00
1.041338825225829989e+00 5.867343121767044423e+00
1.076396608352661044e+00 5.860925865173340021e+00
1.110605144500732333e+00 5.852908208966255188e+00
1.142877244949340731e+00 5.844019764661789296e+00
3.395338967442512512e+00 5.760178855061530712e+00
3.346285170316696256e+00 5.774246934056281866e+00
3.296425449848174871e+00 5.787525236606597900e+00
3.239176678657531561e+00 5.802340722084045055e+00
3.180616044998168856e+00 5.814687633514404652e+00
3.115734720230102450e+00 5.824478244781493785e+00
3.048307728767395197e+00 5.832829433679580511e+00
2.979491615295410067e+00 5.838845390081405462e+00
2.910330486297607600e+00 5.842686766386032460e+00
2.841917562484741033e+00 5.844854176044464111e+00
2.775005245208740146e+00 5.845003253221511486e+00
2.707940578460693359e+00 5.843778729438781738e+00
3.720831215381622314e+00 6.207195979356765925e+00
3.612014484405517756e+00 6.278981423377990367e+00
3.502962827682495117e+00 6.347709369659424006e+00
3.386961364746093661e+00 6.413899898529052734e+00
3.269907665252685725e+00 6.474056720733642578e+00
3.146057367324829102e+00 6.528663730621337535e+00
3.022387504577636719e+00 6.579526233673095525e+00
2.898166751861572354e+00 6.625674104690551403e+00
2.776557826995849521e+00 6.668331527709961293e+00
2.656599044799804688e+00 6.707447576522826971e+00
2.539010047912597656e+00 6.744698095321655096e+00
2.422388839721679510e+00 6.779934930801391424e+00
8.505001944303511863e+00 -1.998506952077150345e-02
8.591241574287414196e+00 -4.859276879578829089e-02
8.674742579460144043e+00 -7.611513603478670120e-02
8.749957704544067738e+00 -1.011987553909420995e-01
8.823273372650145774e+00 -1.273928152397275082e-01
8.891462421417235973e+00 -1.546276675537228695e-01
8.952362775802612305e+00 -1.822060452774167116e-01
9.011279201507568004e+00 -2.101086245849728695e-01
9.069857549667357688e+00 -2.396830188110470883e-01
9.126987266540528054e+00 -2.717221366241574509e-01
9.184032201766967773e+00 -3.041143046692014185e-01
9.239054584503174183e+00 -3.362726556137204392e-01
1.408062957227230183e-01 -3.771484685130417625e-02
1.277432829141616766e-01 -7.407795381732285023e-02
1.128769874572753962e-01 -1.090149779338389635e-01
9.025526344776152454e-02 -1.403524656314402985e-01
6.612636148929595947e-02 -1.715869922656566016e-01
3.596266210079192283e-02 -2.035065789241343737e-01
2.858611941337574347e-03 -2.354464192409068402e-01
-3.198919594287874535e-02 -2.674663682002574316e-01
-6.736647188663483221e-02 -2.989589114207774623e-01
-1.025767713785171731e-01 -3.319042820949107409e-01
-1.374123007059097623e-01 -3.632069964427501185e-01
-1.728367716073990201e-01 -3.927637953776866309e-01
