2.068448209762573153e+00 5.278470700979232433e+00
1.858702707290649458e+00 5.196375727653503418e+00
1.647332239151000799e+00 5.119502305984497070e+00
1.426065206527709961e+00 5.050013303756713867e+00
1.201371049880981312e+00 4.984657359123230158e+00
9.689267635345457652e-01 4.922987461090087891e+00
7.424790859222412109e-01 4.865608692169189453e+00
5.152784824371337002e-01 4.809573650360107422e+00
2.874069690704343927e-01 4.755300283432006836e+00
6.301045417785644531e-02 4.702148818969726918e+00
-1.637561321258544922e-01 4.651623678207397639e+00
-3.882190227508548475e-01 4.603749799728393377e+00
9.659703704714775796e+00 3.639114975929260254e+00
9.610203945636749623e+00 3.667876768112182440e+00
9.558681941032409313e+00 3.695634961128234863e+00
9.499783015251159313e+00 3.722941195964813321e+00
9.439579033851623890e+00 3.746416997909546076e+00
9.373041081428528543e+00 3.766423094272613348e+00
9.304277324676514027e+00 3.784312999248504727e+00
9.234142923355102894e+00 3.799333786964416593e+00
9.165040779113770242e+00 3.812463974952697843e+00
9.096685600280761008e+00 3.823473334312438965e+00
9.028456592559814808e+00 3.833985471725463778e+00
8.960181665420531516e+00 3.842582345008850098e+00
1.024674862623214722e+01 3.672957640886306940e+00
1.020581361055374181e+01 3.751377928256988348e+00
1.016268105506896902e+01 3.826551365852355779e+00
1.011211082935333216e+01 3.898590731620788397e+00
1.006019837856292654e+01 3.963692903518676758e+00
1.000201895236969030e+01 4.021412563323974787e+00
9.942138123512268777e+00 4.073099231719970348e+00
9.880757141113281961e+00 4.120025110244751154e+00
9.818814039230346680e+00 4.163420486450195135e+00
9.757494640350341086e+00 4.203238964080810547e+00
9.695263481140136363e+00 4.241157674789429066e+00
9.632638216018676758e+00 4.277027034759521840e+00
6.978889560699462535e+00 1.591077423095703214e+00
7.490330314636230113e+00 2.106431770324706854e+00
7.982152271270751775e+00 2.598970603942871271e+00
8.459710311889647727e+00 3.060688591003418058e+00
8.930531120300292613e+00 3.486574363708496271e+00
9.399345779418945668e+00 3.879514884948730646e+00
9.841225814819335227e+00 4.243070793151855646e+00
1.027401618957519602e+01 4.584410285949706676e+00
1.069181098937988317e+01 4.905105018615723012e+00
1.110198440551757848e+01 5.206484031677246271e+00
1.149925804138183594e+01 5.491277885437011896e+00
1.188657035827636754e+01 5.762764549255371627e+00
1.786212158203124956e+00 5.236327239871025441e+00
2.182736492156982511e+00 5.270443487167358221e+00
2.564327526092529119e+00 5.302889060974121271e+00
2.935237312316894887e+00 5.333918356895447133e+00
3.302935791015625178e+00 5.359811317920684992e+00
3.667767333984375266e+00 5.380987572669982733e+00
4.012194442749024148e+00 5.398474442958831609e+00
4.348430824279785334e+00 5.413114738464355646e+00
4.673830032348632812e+00 5.423896574974060414e+00
4.993191909790039240e+00 5.430272173881530939e+00
5.305117416381836648e+00 5.434424567222595037e+00
5.609966278076171875e+00 5.436747121810912908e+00
7.835033988952636363e+00 1.574528694152832031e+00
8.240201473236083984e+00 1.956032562255859419e+00
8.628697967529296520e+00 2.320602130889892756e+00
9.004045963287353516e+00 2.662571811676025746e+00
9.373110008239745383e+00 2.977096462249756215e+00
9.739320564270020242e+00 3.266534900665283292e+00
1.008341827392578161e+01 3.533742427825927734e+00
1.041979351043701207e+01 3.784126377105712979e+00
1.074398918151855398e+01 4.018536472320556996e+00
1.106217269897461009e+01 4.237781620025634410e+00
1.137001914978027273e+01 4.444440174102783914e+00
1.167027511596679723e+01 4.640987491607665660e+00
6.900344014167785200e-01 5.805512407422066090e+00
8.059804916381836382e-01 5.797474437952041981e+00
9.139933586120605469e-01 5.789719344675541279e+00
1.013491296768188388e+00 5.783097729086875916e+00
1.111033391952514826e+00 5.774455079436302540e+00
1.203949594497680575e+00 5.763532990217209218e+00
1.288483810424804865e+00 5.751140058040618896e+00
1.369903564453125000e+00 5.737572973966598155e+00
1.447929191589355513e+00 5.721597206592559992e+00
1.524171924591064542e+00 5.702502512931824086e+00
1.598529243469238414e+00 5.682424592971801580e+00
1.670173835754394487e+00 5.661510992050170721e+00
3.362892425060272306e+00 5.780583858489990234e+00
3.281451320648193448e+00 5.813887345790862859e+00
3.199951457977294744e+00 5.845555877685546520e+00
3.111298441886901855e+00 5.876758646965027033e+00
3.021468877792358398e+00 5.904170060157776234e+00
2.925064945220947177e+00 5.930291545391082941e+00
2.827868652343750178e+00 5.953860688209533514e+00
2.729728031158447088e+00 5.974242830276489613e+00
2.633437538146972567e+00 5.992458796501159313e+00
2.538358306884765714e+00 6.008309245109558105e+00
2.445350456237792791e+00 6.023426795005798695e+00
2.352526760101318004e+00 6.037707066535949352e+00
3.735229408740997403e+00 6.187433826923370184e+00
3.640784561634063721e+00 6.240226435661315740e+00
3.546424365043640226e+00 6.290527772903442560e+00
3.445010828971862615e+00 6.339029121398925604e+00
3.342480087280273349e+00 6.382316374778747914e+00
3.233272314071655273e+00 6.422494840621948420e+00
3.124619245529174805e+00 6.459925937652587713e+00
3.015311145782470614e+00 6.493394160270691273e+00
2.908179378509521573e+00 6.524023628234862926e+00
2.802448844909667613e+00 6.551690387725829900e+00
2.699473476409911754e+00 6.578048992156982244e+00
2.597050189971923828e+00 6.602972841262817028e+00
8.445829600095748901e+00 1.770749296993017266e-02
8.473004996776580811e+00 2.463181894272566119e-02
8.496406817436218617e+00 3.108024876564741135e-02
8.511865341663360951e+00 3.829041253775358755e-02
8.525691044330596213e+00 4.308806490153074126e-02
8.533782470226288552e+00 4.501460921019315858e-02
8.537242400646210427e+00 4.458224903792142729e-02
8.538111567497253418e+00 4.230628740042448321e-02
8.537939178943634744e+00 3.704130779951811392e-02
8.537328541278839111e+00 2.814209591597318857e-02
8.536603653430939076e+00 1.776331271976232598e-02
8.534693813323974254e+00 6.644426099956034920e-03
1.289993405342101940e-01 3.501497912220657288e-02
1.041509896516799871e-01 6.721287774853408614e-02
7.752751410007475974e-02 9.863951611332595626e-02
4.334677159786223810e-02 1.290226559620350766e-01
7.746967673301685675e-03 1.555902938824147153e-01
-3.398753702640533447e-02 1.778902153950184806e-01
-7.935012876987457275e-02 1.986780385952442995e-01
-1.264672905206680187e-01 2.164345364551991391e-01
-1.745631605386734342e-01 2.301723103504628165e-01
-2.222732454538345337e-01 2.417600016575306709e-01
-2.687711864709854126e-01 2.526975493412464968e-01
-3.160090118646621815e-01 2.630429606419056876e-01
