1.926685619354248091e+00 5.384495931863784612e+00
1.575435686111450018e+00 5.403163307905197499e+00
1.232227754592895463e+00 5.422987908124923706e+00
8.838313579559324840e-01 5.444850540161132457e+00
5.354183673858641246e-01 5.464717447757720947e+00
1.783371448516843927e-01 5.482623863220214666e+00
-1.672297954559329725e-01 5.499321925640106024e+00
-5.093144893646242011e-01 5.513217568397521973e+00
-8.424243450164796698e-01 5.525280499458313344e+00
-1.170250272750854581e+00 5.535273933410644887e+00
-1.491050672531128107e+00 5.544819605350494562e+00
-1.807539319992065963e+00 5.553824079036712824e+00
9.750486189126968739e+00 3.611299112439155579e+00
9.791603046655655618e+00 3.613839436322450638e+00
9.828509795665741677e+00 3.616096491366624921e+00
9.857381987571717019e+00 3.619658830761909307e+00
9.884561812877654674e+00 3.620945828408002942e+00
9.906115674972534535e+00 3.619252626597881495e+00
9.921968531608580832e+00 3.615450711548328311e+00
9.935265612602233176e+00 3.609993793070316315e+00
9.947158122062683461e+00 3.601711309701204122e+00
9.958404946327210183e+00 3.589939770102501093e+00
9.969283723831177113e+00 3.576828494668006897e+00
9.978174185752868297e+00 3.563128319382667719e+00
1.025106901526451075e+01 3.565156674385070890e+00
1.021444650888443029e+01 3.541955101490020574e+00
1.017592959403991770e+01 3.519776737689972013e+00
1.012953540086746251e+01 3.500360399484634399e+00
1.008177244663238525e+01 3.480561864376068293e+00
1.002777619361877370e+01 3.460310733318328946e+00
9.971893596649170632e+00 3.439233314990997492e+00
9.914532375335692649e+00 3.417467832565307617e+00
9.856680297851562855e+00 3.393982565402984708e+00
9.799381875991821644e+00 3.370138001441955744e+00
9.743592357635497692e+00 3.347493028640747159e+00
9.687605476379394176e+00 3.324769544601440252e+00
6.943491888046264826e+00 1.646769952774048029e+00
7.419600009918212891e+00 2.214624214172363104e+00
7.876894378662109730e+00 2.757356071472168324e+00
8.319994735717774148e+00 3.265878486633301048e+00
8.756513023376465199e+00 3.735006713867187855e+00
9.190865325927735086e+00 4.168137931823730824e+00
9.599801635742187145e+00 4.569106483459473012e+00
1.000017700195312464e+01 4.945764732360840021e+00
1.038650398254394602e+01 5.299960899353027166e+00
1.076575775146484304e+01 5.633229255676269531e+00
1.113250732421875000e+01 5.948360252380371804e+00
1.148937187194824361e+01 6.248943901062012252e+00
1.652219891548156738e+00 5.305668663978576838e+00
1.914996862411499023e+00 5.405151748657226918e+00
2.166705894470214666e+00 5.500092053413391469e+00
2.408785915374755948e+00 5.589545679092407404e+00
2.647234725952148260e+00 5.669671297073364258e+00
2.881773757934570135e+00 5.741252851486206232e+00
3.100915527343750089e+00 5.805661153793335139e+00
3.314419555664062322e+00 5.864596652984618963e+00
3.519333267211913974e+00 5.917396831512450994e+00
3.720281791687011896e+00 5.963769292831420543e+00
3.914578247070312766e+00 6.005971336364746449e+00
4.103733444213867543e+00 6.044787693023681463e+00
7.789026641845703480e+00 1.616858959197998047e+00
8.148270893096924539e+00 2.038266944885253729e+00
8.492547035217285156e+00 2.440987300872802912e+00
8.825712680816650391e+00 2.818675708770752131e+00
9.152782058715819957e+00 3.166356372833251775e+00
9.476667594909667258e+00 3.486610889434814453e+00
9.780608940124512429e+00 3.782504558563232422e+00
1.007753772735595632e+01 4.059968852996826527e+00
1.036343936920166087e+01 4.320065784454346414e+00
1.064398727416992152e+01 4.563761997222901101e+00
1.091490936279296875e+01 4.793681430816651101e+00
1.117826576232910085e+01 5.012539768218994496e+00
7.479287147521972434e-01 5.856950193643569946e+00
9.216633796691895419e-01 5.897401624917984364e+00
1.086817741394042969e+00 5.935904037952423273e+00
1.242924880981445490e+00 5.972591304779053090e+00
1.396776294708252042e+00 6.003736305236816229e+00
1.546028232574462979e+00 6.029793953895568492e+00
1.684407424926757768e+00 6.051824808120727539e+00
1.818408584594726651e+00 6.070754766464233398e+00
1.947479915618896662e+00 6.085605692863464533e+00
2.073890972137450994e+00 6.095854616165160778e+00
2.196506309509277166e+00 6.103691768646240412e+00
2.315363121032715021e+00 6.109548711776733754e+00
3.341910296678543002e+00 5.689655554294586359e+00
3.239525508880615412e+00 5.637242674827575684e+00
3.135465645790100009e+00 5.587573003768921076e+00
3.024419212341308505e+00 5.542859268188476740e+00
2.911483478546142756e+00 5.499957585334778187e+00
2.791768741607666193e+00 5.459089159965515137e+00
2.673070096969604403e+00 5.421073770523070934e+00
2.553164005279541016e+00 5.383318352699279608e+00
2.432717132568359197e+00 5.345404624938964844e+00
2.313900375366210849e+00 5.307825756072998225e+00
2.195061111450195224e+00 5.272115087509154918e+00
2.076869106292724254e+00 5.238269090652465820e+00
3.756110036373138339e+00 6.178171139955520808e+00
3.682507658004760653e+00 6.221697235107422230e+00
3.608611178398132502e+00 6.263230872154236017e+00
3.527506303787231623e+00 6.303900980949402211e+00
3.445195865631103693e+00 6.340140295028686701e+00
3.356371974945068448e+00 6.372518467903137029e+00
3.266447973251342951e+00 6.402688169479370472e+00
3.175471973419189631e+00 6.429301428794860662e+00
3.086136865615844549e+00 6.453428292274475453e+00
2.997896862030029475e+00 6.474905276298523304e+00
2.909734535217284979e+00 6.494306206703186035e+00
2.821726131439208807e+00 6.512642216682434260e+00
8.578612399101256614e+00 3.310770373791456500e-02
8.738328170776366477e+00 5.454951059073209763e-02
8.890649509429930930e+00 7.487754952162505029e-02
9.034078693389892223e+00 9.454894196242094595e-02
9.175308322906493785e+00 1.104320419952273397e-01
9.311835289001464844e+00 1.223048580810427721e-01
9.438045120239257457e+00 1.311313165351748466e-01
9.559592819213866832e+00 1.375959409400820677e-01
9.676574420928954368e+00 1.406222475692629759e-01
9.791102981567382457e+00 1.396154297515750098e-01
9.902788448333740945e+00 1.367448104545474219e-01
1.001105899810790945e+01 1.323327673599123955e-01
8.219400942325591486e-02 -3.981027426198125233e-03
1.062577664852140669e-02 -8.543893368914723743e-03
-6.087180674076081432e-02 -1.283032489009201631e-02
-1.395970493555069303e-01 -1.499024522490799427e-02
-2.195450931787490956e-01 -1.854037535376847068e-02
-3.059883266687393188e-01 -2.326290500350296567e-02
-3.928833156824111938e-01 -2.988487971015274525e-02
-4.808942943811417292e-01 -3.800401878543198386e-02
-5.673509746789933139e-01 -4.682430219836533625e-02
-6.527620464563370639e-01 -5.670941066928208291e-02
-7.362343937158585261e-01 -6.607451629824936945e-02
-8.193578869104385376e-01 -7.497492623515428223e-02
