1.859901142120361284e+00 5.274332505464554011e+00
1.441989564895629794e+00 5.188939309120177867e+00
1.022627687454223500e+00 5.109804153442382812e+00
5.909298419952391246e-01 5.039693117141723633e+00
1.575424671173095703e-01 4.974859189987182795e+00
-2.853717327117921698e-01 4.913853597640991389e+00
-7.129905223846435547e-01 4.857093381881713690e+00
-1.140565061569214222e+00 4.801642322540283558e+00
-1.569887495040893644e+00 4.747922658920288086e+00
-1.992267942428589400e+00 4.695298242568969549e+00
-2.415473890304565607e+00 4.645274496078490856e+00
-2.833660459518433150e+00 4.597876024246215998e+00
9.695780865103007073e+00 3.599531534314155401e+00
9.682292377948760631e+00 3.590978783369064509e+00
9.666948038339615579e+00 3.582901120185852051e+00
9.643955409526824951e+00 3.576654472947120578e+00
9.619498950242995505e+00 3.569012495875358404e+00
9.588998079299926758e+00 3.559020459651947021e+00
9.554284596443176625e+00 3.547492945194244296e+00
9.517976927757263894e+00 3.534742844104767023e+00
9.480290246009825950e+00 3.519542044401168912e+00
9.442810440063476918e+00 3.503583383560180842e+00
9.406155657768248801e+00 3.488440418243408114e+00
9.368989586830139160e+00 3.472801089286804199e+00
1.021618312597274780e+01 3.581466716527939020e+00
1.014473822116851842e+01 3.576072430610656827e+00
1.007185781002044678e+01 3.570743511617183508e+00
9.991759586334229226e+00 3.567539528012275696e+00
9.910451531410217285e+00 3.563218805193900884e+00
9.822634458541870117e+00 3.557934886217117398e+00
9.734426403045654652e+00 3.551215636730193914e+00
9.644951820373535156e+00 3.543004667758941739e+00
9.557074260711669211e+00 3.534097278118133456e+00
9.470265388488769531e+00 3.524129259586334051e+00
9.385490322113037465e+00 3.514685279130935758e+00
9.301103782653807883e+00 3.505709856748580933e+00
6.913749933242797852e+00 1.562682867050170898e+00
7.360170173645019354e+00 2.051269912719726918e+00
7.788897228240966975e+00 2.518217468261719105e+00
8.204511070251465199e+00 2.955644416809081854e+00
8.613664054870605824e+00 3.358777618408203214e+00
9.020364952087401633e+00 3.730571365356445401e+00
9.402663803100585582e+00 4.074442100524902521e+00
9.776775360107421875e+00 4.397197914123535334e+00
1.013760566711425781e+01 4.700265312194824574e+00
1.049179191589355398e+01 4.984864616394043324e+00
1.083426017761230398e+01 5.253695869445801137e+00
1.116784820556640767e+01 5.509872627258300959e+00
1.466194432973861650e+00 5.188101193308829906e+00
1.543285179138183638e+00 5.176755693554878412e+00
1.617824077606201172e+00 5.165737041831016896e+00
1.684047985076904341e+00 5.156059896945953014e+00
1.748413681983947754e+00 5.144166952371596935e+00
1.807455730438232377e+00 5.130223947763442816e+00
1.859613561630248935e+00 5.115018892288207830e+00
1.909820318222045898e+00 5.098797082901000977e+00
1.958155345916748225e+00 5.080303061008453192e+00
2.005218029022216797e+00 5.058811259269714533e+00
2.052593469619750977e+00 5.036452937126159490e+00
2.097971963882446111e+00 5.013761627674102606e+00
7.786243867874145685e+00 1.637391757965087846e+00
8.142711067199707387e+00 2.078155422210693271e+00
8.484134197235107422e+00 2.499380970001221058e+00
8.812968158721924183e+00 2.894289112091064542e+00
9.135724449157715199e+00 3.257953929901123313e+00
9.455258941650390270e+00 3.593064594268799095e+00
9.754783248901366832e+00 3.902787685394287109e+00
1.004742088317871129e+01 4.193307399749755859e+00
1.032915649414062464e+01 4.465839862823486328e+00
1.060560741424560582e+01 4.721373462677002308e+00
1.087251892089843786e+01 4.962553882598877308e+00
1.113213157653808594e+01 5.192212009429931996e+00
6.149024188518523726e-01 5.875715476274490534e+00
6.558538556098938432e-01 5.933856582641601207e+00
6.930715560913085493e-01 5.989599621295928600e+00
7.222506523132323775e-01 6.042587423324585316e+00
7.497354507446288840e-01 6.089668917655944647e+00
7.716238021850585493e-01 6.130575895309448242e+00
7.882706403732300249e-01 6.166429948806762873e+00
8.022846698760985884e-01 6.198409390449524103e+00
8.148732423782348855e-01 6.225639009475708363e+00
8.268041133880614790e-01 6.247671127319335938e+00
8.374726533889771396e-01 6.266717815399170277e+00
8.466979980468749556e-01 6.283397054672240856e+00
3.461825166642666041e+00 5.711064875125885010e+00
3.479136180877685725e+00 5.678834140300750732e+00
3.492789363861084073e+00 5.648068034648895619e+00
3.498830527067184448e+00 5.620388162136078058e+00
3.503279221057892023e+00 5.592016828060150324e+00
3.501922279596328735e+00 5.563958692550659002e+00
3.496093934774398893e+00 5.535614109039306285e+00
3.488547694683075129e+00 5.506988215446471990e+00
3.480289745330810369e+00 5.476958799362182440e+00
3.471732553839683710e+00 5.444971418380736949e+00
3.463636189699172974e+00 5.412628459930419744e+00
3.454326128959655851e+00 5.380759549140930353e+00
3.857326164841651917e+00 6.222923314571380260e+00
3.884755146503448664e+00 6.308636438846588312e+00
3.908614575862884521e+00 6.390411829948424938e+00
3.924536621570587247e+00 6.467755222320556996e+00
3.935761427879333585e+00 6.536906051635742010e+00
3.941230809688568204e+00 6.598287391662597479e+00
3.940954160690307795e+00 6.653200912475585760e+00
3.938291788101196289e+00 6.703173017501830699e+00
3.933352351188659668e+00 6.748938035964965998e+00
3.928056633472442716e+00 6.788613796234130859e+00
3.920581591129303156e+00 6.826396751403808416e+00
3.911613887548446744e+00 6.860777139663696289e+00
8.397537086904048209e+00 -1.028975415974855631e-02
8.376508051156998036e+00 -2.969830203801393509e-02
8.353674566745757701e+00 -4.842571485787630636e-02
8.323233020305632834e+00 -6.495587695389987148e-02
8.291360998153686879e+00 -8.291929829865694879e-02
8.253384494781494496e+00 -1.020350085571408300e-01
8.212813329696654563e+00 -1.220557080581784193e-01
8.170682597160340066e+00 -1.428236352279782517e-01
8.127177691459655406e+00 -1.636425243690610154e-01
8.083979225158691051e+00 -1.850853430107236020e-01
8.041196727752685902e+00 -2.072222815826535447e-01
7.997758769989014027e+00 -2.281214343383908272e-01
2.149150818586349487e-01 -1.700233709998428752e-02
2.758254975080490223e-01 -3.384013366885483404e-02
3.344103187322616799e-01 -5.010975194163620750e-02
3.847989886999130249e-01 -6.441811514087021628e-02
4.333979219198226818e-01 -8.007017564959824363e-02
4.765446275472641213e-01 -9.750700187869371094e-02
5.128233522176742776e-01 -1.159645218867808580e-01
5.470364898443222934e-01 -1.352567572612315416e-01
5.797503322362900224e-01 -1.547405142802745215e-01
6.114607185125351396e-01 -1.771744389552623034e-01
6.434300750494004184e-01 -2.004290242213755957e-01
6.734324306249618308e-01 -2.237192530650645717e-01
