2.016170024871826172e+00 5.361998476088047028e+00
1.754241514205932440e+00 5.359161107987165273e+00
1.499686861038207919e+00 5.358231191337108790e+00
1.239292001724243031e+00 5.359439405798911871e+00
9.784866809844969815e-01 5.359497376531362711e+00
7.097211360931394708e-01 5.359051159769296468e+00
4.485649585723876509e-01 5.358664926141500473e+00
1.885694980621335226e-01 5.356432506442070363e+00
-6.484847068786647739e-02 5.353196310997009100e+00
-3.143512248992923475e-01 5.348626638948917211e+00
-5.579413890838624823e-01 5.344318193197250544e+00
-7.982547283172607422e-01 5.340205034613608959e+00
9.618338364362717385e+00 3.577788579463958563e+00
9.527548897266388650e+00 3.548739171028137296e+00
9.437552475929260609e+00 3.522808706760406583e+00
9.340464544296263938e+00 3.500341606140136896e+00
9.242240810394287465e+00 3.477669739723205478e+00
9.137374258041381481e+00 3.457471394538879306e+00
9.032870531082153320e+00 3.438698136806487948e+00
8.927132606506347656e+00 3.419107842445373358e+00
8.822457504272460227e+00 3.399405956268310547e+00
8.719141197204589133e+00 3.379162764549255460e+00
8.616998672485351562e+00 3.359943842887878507e+00
8.515201950073242543e+00 3.341722822189331144e+00
1.034041455984115565e+01 3.489679360389709384e+00
1.039297422170639074e+01 3.395326805114746271e+00
1.044367179870605433e+01 3.304948282241821467e+00
1.048729107379913295e+01 3.221241998672485174e+00
1.052936263084411550e+01 3.140931272506713778e+00
1.056608896255493235e+01 3.063398885726928533e+00
1.059691967964172399e+01 2.988999605178833008e+00
1.062595777511596751e+01 2.916896724700927646e+00
1.065460753440856934e+01 2.845393943786620916e+00
1.068232336044311559e+01 2.773443651199340998e+00
1.071149082183837820e+01 2.703083276748657227e+00
1.073866295814514160e+01 2.635271596908569158e+00
7.087803745269775746e+00 1.546045923233032138e+00
7.707959938049316229e+00 2.018949604034423917e+00
8.305174827575683594e+00 2.470903015136718839e+00
8.886277389526366477e+00 2.894673538208007990e+00
9.460200309753417969e+00 3.285130119323730558e+00
1.003304138183593786e+01 3.645141792297363459e+00
1.057399749755859375e+01 3.978044891357422230e+00
1.110439643859863423e+01 4.290447044372559304e+00
1.161694946289062536e+01 4.583688926696777521e+00
1.212025794982910298e+01 4.858936500549316584e+00
1.260869560241699361e+01 5.118871116638183949e+00
1.308570251464843892e+01 5.366515159606933594e+00
1.640113258361816317e+00 5.233834379911423085e+00
1.890805006027221680e+00 5.265600663423538386e+00
2.131169652938842862e+00 5.295799541473388494e+00
2.361983108520507635e+00 5.324695158004760565e+00
2.590204715728759766e+00 5.348945069313049139e+00
2.814435863494873402e+00 5.368594229221343994e+00
3.023023223876953214e+00 5.384659552574158070e+00
3.226119422912598012e+00 5.397957873344421564e+00
3.422267913818359375e+00 5.407466650009155273e+00
3.614603424072265536e+00 5.412630438804626465e+00
3.802205848693847923e+00 5.415630006790161488e+00
3.985278892517090110e+00 5.416847229003906250e+00
7.801494598388671875e+00 1.633808898925781294e+00
8.173183917999267578e+00 2.071195125579833984e+00
8.529390430450439098e+00 2.489191627502441495e+00
8.872833156585693715e+00 2.881128787994384766e+00
9.210130691528320312e+00 3.242035961151123136e+00
9.544320869445801492e+00 3.574583721160888850e+00
9.857587242126465199e+00 3.881920909881591886e+00
1.016374931335449183e+01 4.170188236236572976e+00
1.045861473083496129e+01 4.440534687042235973e+00
1.074798088073730540e+01 4.693987369537353516e+00
1.102731933593750036e+01 4.933187961578369141e+00
1.129894638061523438e+01 5.160945606231689631e+00
6.990706682205199973e-01 5.825863861292600809e+00
8.240367174148559570e-01 5.837010806798934581e+00
9.427447795867920366e-01 5.847496324777603505e+00
1.052811098098754838e+00 5.858288037776946844e+00
1.160827350616455256e+00 5.866139554977417347e+00
1.263872718811035245e+00 5.870547592639923096e+00
1.358088254928588867e+00 5.872425216436385931e+00
1.448116016387939631e+00 5.872329944372177479e+00
1.534498214721679688e+00 5.869133538007735851e+00
1.618953800201416104e+00 5.862203386425972162e+00
1.701361560821533336e+00 5.853697803616523920e+00
1.780906772613525479e+00 5.843890440464019953e+00
3.453111979365348638e+00 5.727025789022445856e+00
3.461725717782974332e+00 5.709841117262840271e+00
3.468416956067085444e+00 5.693239861726761220e+00
3.467309498786926181e+00 5.678662425279616954e+00
3.464641496539115906e+00 5.663092374801635742e+00
3.456105802953243433e+00 5.646662473678588867e+00
3.443673751503228964e+00 5.629142236709594904e+00
3.429548480361700236e+00 5.610734832286834894e+00
3.413498884439468473e+00 5.590899252891540883e+00
3.397284018993377508e+00 5.568312275409698309e+00
3.381849193572997958e+00 5.545613205432891490e+00
3.365639901161193936e+00 5.522851991653442205e+00
3.820864346809685230e+00 6.160999330878257574e+00
3.811898026615381241e+00 6.188337910175323309e+00
3.800578132271766663e+00 6.214366877079010365e+00
3.781582713127136230e+00 6.239664947986602428e+00
3.761105906963348566e+00 6.260870051383972346e+00
3.734616875648498535e+00 6.278217470645904186e+00
3.704575824737548650e+00 6.292140150070190785e+00
3.672592139244079679e+00 6.303415763378143133e+00
3.640526401996612371e+00 6.312254381179809748e+00
3.608570861816406072e+00 6.319178617000579479e+00
3.575828385353088557e+00 6.324096381664276123e+00
3.542154049873352140e+00 6.327400791645049871e+00
8.506452697515488381e+00 7.793048154562712271e-02
8.594140434265137074e+00 1.416258586570620648e-01
8.676524972915649059e+00 2.023602856323123145e-01
8.750536775588988903e+00 2.598624123260379060e-01
8.822653627395629528e+00 3.106542481109499931e-01
8.889508342742919567e+00 3.550002230331301689e-01
8.949133396148681641e+00 3.940556420013308636e-01
9.005477762222289684e+00 4.290573013946414327e-01
9.059160375595093129e+00 4.591537846252322641e-01
9.111478614807129617e+00 4.839147938415408468e-01
9.161406278610229492e+00 5.055575264617800935e-01
9.208917474746703746e+00 5.246557606384157912e-01
8.179289400577545444e-02 5.778238582424819608e-02
9.824284911155695132e-03 1.114426951389759779e-01
-6.303774416446686346e-02 1.634891133289784193e-01
-1.431186586618423684e-01 2.140395741444081068e-01
-2.244114786386490201e-01 2.597010235767811537e-01
-3.122096687555313554e-01 3.007415156345814577e-01
-4.007851749658585261e-01 3.382639031391591056e-01
-4.904348999261856079e-01 3.718183140736073256e-01
-5.798211246728897095e-01 4.021870951633900737e-01
-6.681118160486221313e-01 4.296057085972279643e-01
-7.563175350427627786e-01 4.557282786350697612e-01
-8.446046978235245417e-01 4.804286341648549286e-01
