2.144759881496429266e+00 5.354938066005706432e+00
2.011186218261718839e+00 5.344902452826500117e+00
1.880095481872558594e+00 5.336070191860199152e+00
1.742191362380981268e+00 5.329716345667838695e+00
1.603329992294311612e+00 5.322658431529998957e+00
1.457495260238647283e+00 5.314711713790893910e+00
1.313834714889526190e+00 5.307343262434005560e+00
1.170098638534545765e+00 5.298519432544708252e+00
1.029544496536254794e+00 5.289030623435974299e+00
8.909660816192626065e-01 5.278509157896041692e+00
7.544888973236083540e-01 5.268538671731948675e+00
6.192923069000242364e-01 5.259064459800720570e+00
9.710999151319265721e+00 3.574010020494461148e+00
9.712701085209847207e+00 3.541398620605468839e+00
9.712407439202070947e+00 3.510057294368743808e+00
9.704358227550983429e+00 3.481922590732574374e+00
9.694963673502206447e+00 3.453867673873901367e+00
9.679659405350685475e+00 3.424903285503387629e+00
9.660758242011070251e+00 3.395713281631469904e+00
9.639793199300765281e+00 3.366289281845092685e+00
9.618424302339553478e+00 3.335271739959716708e+00
9.596981167793273926e+00 3.301858901977539062e+00
9.576293468475341797e+00 3.268159914016723455e+00
9.554561316967010498e+00 3.236338520050048739e+00
1.027592585645616019e+01 3.551336294412613004e+00
1.026411472260951996e+01 3.515106505155563443e+00
1.025065640509128606e+01 3.480296945571899503e+00
1.022952889800071752e+01 3.448698258399963468e+00
1.020692926049232518e+01 3.416975045204162509e+00
1.017830595970153773e+01 3.384894108772277921e+00
1.014667445421218872e+01 3.352804517745971769e+00
1.011339675188064646e+01 3.320643234252929510e+00
1.007976400852203369e+01 3.289016604423522949e+00
1.004626843929290736e+01 3.256350231170654475e+00
1.001355605125427317e+01 3.225312924385070890e+00
9.980031514167786000e+00 3.195995140075683416e+00
6.904389762878418324e+00 1.530219554901123047e+00
7.341466808319092152e+00 1.988204383850097567e+00
7.761189460754394531e+00 2.425894355773925870e+00
8.167221832275391336e+00 2.835924720764160245e+00
8.566832923889160512e+00 3.213627052307129084e+00
8.963849258422850852e+00 3.561784553527832298e+00
9.337364196777343750e+00 3.883652687072753906e+00
9.702851486206053977e+00 4.185637664794922053e+00
1.005530929565429688e+01 4.468995475769043324e+00
1.040126991271972656e+01 4.734833717346191406e+00
1.073602905273437536e+01 4.985817146301269709e+00
1.106248779296874929e+01 5.224876213073730291e+00
1.649372529983520463e+00 5.210058096051215948e+00
1.909307098388671964e+00 5.219410933554172516e+00
2.158142662048339933e+00 5.228181174397468212e+00
2.397280025482177557e+00 5.237031507492065252e+00
2.633805084228515447e+00 5.243232354521751404e+00
2.866399097442626775e+00 5.246106219291687189e+00
3.084435462951660156e+00 5.246555706858634593e+00
3.296130180358886719e+00 5.245112231373786571e+00
3.500625991821288974e+00 5.240636900067329407e+00
3.701171302795410067e+00 5.232489350438117803e+00
3.895940399169921964e+00 5.222825637459754589e+00
4.085727882385254084e+00 5.211897373944521128e+00
7.864167213439941406e+00 1.653812408447265625e+00
8.298414802551269176e+00 2.110055446624755859e+00
8.715346527099608664e+00 2.546070671081543058e+00
9.119229125976563211e+00 2.954931735992431641e+00
9.516706466674804688e+00 3.331548786163330167e+00
9.911583137512206321e+00 3.678697681427002042e+00
1.028256740570068395e+01 3.999627017974853871e+00
1.064553718566894602e+01 4.300725650787353693e+00
1.099555053710937536e+01 4.583250904083252308e+00
1.133910903930664027e+01 4.848296451568604226e+00
1.167160415649414062e+01 5.098525714874267756e+00
1.199557075500488423e+01 5.336861515045166371e+00
7.203513145446777122e-01 5.862416514754295704e+00
8.665590763092041460e-01 5.908020937442779896e+00
1.005873870849609331e+00 5.951449930667877197e+00
1.136392116546630859e+00 5.992749738693237127e+00
1.264770412445068271e+00 6.028551030158996404e+00
1.388344192504882724e+00 6.058936357498168945e+00
1.501377773284912287e+00 6.084995889663696644e+00
1.610153102874755993e+00 6.107729029655456721e+00
1.714735412597656383e+00 6.126187658309936168e+00
1.817080593109130948e+00 6.139870715141296564e+00
1.916026401519775435e+00 6.150974822044372736e+00
2.011689949035644354e+00 6.159965133666991832e+00
3.457122537493705572e+00 5.740323913097381769e+00
3.469739404320717036e+00 5.735675128549337032e+00
3.479180520772934049e+00 5.731153139472008107e+00
3.480791530013084500e+00 5.728362202644348145e+00
3.480830526351928800e+00 5.723711311817169189e+00
3.475023868680000128e+00 5.717045414447784246e+00
3.464499753713607966e+00 5.708614358305931447e+00
3.452266509830951513e+00 5.698787397146224620e+00
3.439387163519859403e+00 5.686359554529190063e+00
3.426287923753261744e+00 5.670642077922821045e+00
3.413358697295188815e+00 5.653776967525482533e+00
3.399409735202789218e+00 5.636524474620818737e+00
3.825813179463148028e+00 6.134895080327988026e+00
3.821786653995514094e+00 6.137625685334205272e+00
3.815218656510114492e+00 6.140259514003991725e+00
3.800939619541168213e+00 6.143941383808851242e+00
3.785158294439315618e+00 6.145143806934356689e+00
3.763402777910232366e+00 6.143652571737765911e+00
3.738335400819778442e+00 6.140038314461707891e+00
3.711284232139587580e+00 6.134758549183606746e+00
3.684006965160369962e+00 6.128631687909364523e+00
3.656757593154907227e+00 6.120198258757591603e+00
3.629273903369903742e+00 6.110443398356437683e+00
3.600769948959350764e+00 6.101235246658324840e+00
8.631111741065979004e+00 4.905367325991392274e-02
8.843231391906737571e+00 8.552743326872587482e-02
9.046335268020630593e+00 1.202269447967410088e-01
9.240168285369872336e+00 1.533537281677126995e-01
9.431580448150635121e+00 1.811936987563967927e-01
9.618697452545166726e+00 2.041795624420046917e-01
9.792787075042724609e+00 2.233509672805666924e-01
9.961685562133789418e+00 2.395815266296267565e-01
1.012463512420654332e+01 2.518718136474490388e-01
1.028434104919433523e+01 2.596833122894167678e-01
1.043928871154785121e+01 2.652017010375857242e-01
1.058961467742919993e+01 2.688346518203616475e-01
2.260449022054672463e-01 -1.477790665812790324e-02
2.980646699666976707e-01 -2.951878202147781988e-02
3.645672410726547019e-01 -4.378362190909684121e-02
4.228154510259628518e-01 -5.648999405093491077e-02
4.792390912771224976e-01 -7.092026066966354569e-02
5.302746146917343140e-01 -8.722151708789170621e-02
5.747803062200547153e-01 -1.046219010371714914e-01
6.173002094030379805e-01 -1.229161639232188574e-01
6.575620979070663230e-01 -1.433761734981089941e-01
6.966907352209091853e-01 -1.667393941897898912e-01
7.363196223974227683e-01 -1.908780236262828112e-01
7.741123527288437112e-01 -2.149963517207652552e-01
