1.953592085838317782e+00 5.367883403599262415e+00
1.629199934005737260e+00 5.370549605041742502e+00
1.314719724655151190e+00 5.375273170322179439e+00
9.947132587432860884e-01 5.382344934344291509e+00
6.745499134063719371e-01 5.388409645855427144e+00
3.459471225738524058e-01 5.393835726380348028e+00
2.759957313537597656e-02 5.398915752768516541e+00
-2.887921810150149149e-01 5.401843640208244146e+00
-5.969584941864014560e-01 5.403502532839775441e+00
-9.002738475799563211e-01 5.403592455387115301e+00
-1.199010419845581321e+00 5.403716754913330256e+00
-1.493393659591674805e+00 5.403800651431083679e+00
9.723614211380482431e+00 3.669643962383270175e+00
9.737908294796943309e+00 3.727184832096099854e+00
9.748388198018073325e+00 3.782466363906860529e+00
9.751030308008193259e+00 3.835523462295532315e+00
9.752094951272010093e+00 3.882212090492248358e+00
9.747321921586991067e+00 3.922716403007507235e+00
9.738464865088463540e+00 3.958195567131042480e+00
9.727205672860145924e+00 3.989821100234985263e+00
9.715259152650833840e+00 4.016743612289428889e+00
9.703076798468828201e+00 4.038483333587646662e+00
9.691036837548017147e+00 4.057251882553100764e+00
9.677974000573158264e+00 4.073668384552002308e+00
1.027855389937758446e+01 3.554096171259879977e+00
1.026936600804328847e+01 3.522957110404968173e+00
1.025830743014812541e+01 3.493014591932296575e+00
1.023954610228538442e+01 3.466354095935821444e+00
1.021930224299430812e+01 3.439971029758453369e+00
1.019305160045623815e+01 3.412578773498535334e+00
1.016368771791458059e+01 3.385231208801269709e+00
1.013265227079391551e+01 3.357546520233154475e+00
1.010106909275054932e+01 3.330166387557983221e+00
1.006958763599395823e+01 3.300215983390808017e+00
1.003840019702911412e+01 3.270327925682067871e+00
1.000645976066589427e+01 3.242105150222778231e+00
6.924098682403564631e+00 1.582928419113159180e+00
7.380848693847656072e+00 2.090600585937500089e+00
7.819590091705322266e+00 2.575794792175293058e+00
8.244432067871093395e+00 3.030291557312011719e+00
8.662771987915039773e+00 3.449270057678222923e+00
9.078689002990723012e+00 3.835790824890136896e+00
9.469624328613281961e+00 4.193370819091796875e+00
9.852249526977539418e+00 4.529068565368651988e+00
1.022134475708007884e+01 4.844430732727051492e+00
1.058367385864257848e+01 5.140733528137206854e+00
1.093406410217285085e+01 5.420698356628418146e+00
1.127545928955078125e+01 5.687552833557129262e+00
1.528495132923126221e+00 5.285113674402237116e+00
1.667773008346557617e+00 5.365219926834106090e+00
1.799416923522949130e+00 5.441634774208068848e+00
1.922315931320190519e+00 5.514162564277649281e+00
2.043107509613037109e+00 5.578576660156249645e+00
2.159031295776367099e+00 5.635555505752563477e+00
2.264766883850097834e+00 5.686370372772216797e+00
2.366548728942871271e+00 5.732473278045654652e+00
2.463003158569335938e+00 5.773100757598877308e+00
2.557357788085937500e+00 5.807886171340942205e+00
2.647212791442870916e+00 5.839065265655517756e+00
2.733993339538574041e+00 5.867309427261352184e+00
7.938600158691405895e+00 1.608493709564208896e+00
8.447144889831543324e+00 2.022015762329101740e+00
8.936470031738281250e+00 2.417196655273437855e+00
9.411457061767578125e+00 2.787490367889404297e+00
9.879723167419433238e+00 3.128306865692138672e+00
1.034608097076415945e+01 3.442181491851806552e+00
1.078587532043457031e+01 3.732136440277099787e+00
1.121659049987792933e+01 4.003994464874267578e+00
1.163237113952636648e+01 4.258773136138916726e+00
1.204056396484375036e+01 4.497407245635987039e+00
1.243637542724609446e+01 4.722511005401611506e+00
1.282265129089355504e+01 4.936748981475830078e+00
7.069093585014343262e-01 5.754092425107955933e+00
8.396994352340698686e-01 5.697581851482391713e+00
9.705591678619385210e-01 5.643382620811462580e+00
1.094399690628051758e+00 5.593277382850646795e+00
1.220346641540527521e+00 5.543856906890868963e+00
1.341520929336547763e+00 5.495034790039062145e+00
1.453063869476318271e+00 5.447361373901367543e+00
1.562457942962646396e+00 5.400488519668579457e+00
1.671346473693847701e+00 5.352919006347656605e+00
1.777921581268310680e+00 5.303750514984130859e+00
1.885772514343261763e+00 5.255062913894652965e+00
1.990691661834716797e+00 5.206707382202148793e+00
3.412111914157867520e+00 5.732717910408974049e+00
3.379800426959991277e+00 5.720899090170860291e+00
3.346031618118286310e+00 5.709427911043166937e+00
3.304757547378540217e+00 5.700036582350731074e+00
3.262101173400878906e+00 5.689447003602981390e+00
3.213268184661865146e+00 5.678146111965179266e+00
3.162320041656494052e+00 5.666377198696136652e+00
3.109846019744872958e+00 5.653399205207824352e+00
3.057888507843017578e+00 5.639969778060913264e+00
3.006383180618286133e+00 5.625697267055511652e+00
2.954571628570556552e+00 5.612158346176147283e+00
2.902377367019653320e+00 5.598043632507324396e+00
3.800267401337623419e+00 6.167706179618835272e+00
3.770741760730743408e+00 6.201367175579070690e+00
3.739598387479782016e+00 6.233377516269683838e+00
3.700926923751830966e+00 6.264925324916839955e+00
3.660009181499481290e+00 6.292122888565063299e+00
3.612913608551025391e+00 6.315442681312561035e+00
3.563626575469970525e+00 6.334925079345703480e+00
3.512665796279907049e+00 6.351449203491211115e+00
3.462177228927612482e+00 6.366005468368530096e+00
3.412112426757812678e+00 6.378372287750243785e+00
3.363033771514892578e+00 6.390175795555114391e+00
3.312686634063720881e+00 6.399995398521423517e+00
8.510975635051726940e+00 -5.625405777245760797e-02
8.603177750110626576e+00 -1.190518246963620241e-01
8.693480348587035778e+00 -1.792620168998837471e-01
8.777155876159667969e+00 -2.349950419738888741e-01
8.860471248626708984e+00 -2.893874512985348812e-01
8.938652563095093484e+00 -3.428306208923459497e-01
9.009106683731079812e+00 -3.948056804016232824e-01
9.077533674240111594e+00 -4.457394229248166084e-01
9.145449209213257546e+00 -4.971611129119992700e-01
9.211756181716918235e+00 -5.499964343383908494e-01
9.278900241851806285e+00 -6.021723853424192363e-01
9.343537807464599609e+00 -6.538667308166623560e-01
2.052602559328079168e-01 1.997357117943465710e-02
2.565335720777511819e-01 3.799223112873733460e-02
3.037622302770615068e-01 5.504752802662551958e-02
3.428780168294907060e-01 7.230757283978164751e-02
3.802562326192855946e-01 8.637512135319412587e-02
4.120913118124008290e-01 9.656051206402481435e-02
4.368284553289413785e-01 1.038161616306751966e-01
4.588674396276474221e-01 1.087978939991444405e-01
4.792465299367905107e-01 1.104175429325550822e-01
4.988341182470321655e-01 1.080717544537037611e-01
5.172248214483261552e-01 1.039273481350392186e-01
5.340509265661239624e-01 9.869811940006911755e-02
