1.984280633926391646e+00 5.312895542383193614e+00
1.690520715713500932e+00 5.263970184326171697e+00
1.395204591751098455e+00 5.218539547920227228e+00
1.091008424758911133e+00 5.179011154174804510e+00
7.762323856353758877e-01 5.141660523414611994e+00
4.529419422149656427e-01 5.105952405929565785e+00
1.396618366241453302e-01 5.072741174697876332e+00
-1.739680767059326172e-01 5.039521026611327947e+00
-4.881665706634521484e-01 5.006889748573303045e+00
-7.974032878875734198e-01 4.974339151382446644e+00
-1.106947660446166992e+00 4.943411970138550160e+00
-1.413262891769409446e+00 4.914094972610473455e+00
9.590315675735473278e+00 3.581691032648086637e+00
9.471554708480834250e+00 3.556320381164550959e+00
9.354696750640869141e+00 3.533938145637512296e+00
9.230926752090454102e+00 3.514904409646987915e+00
9.106138420104979758e+00 3.496144914627075106e+00
8.974461841583252664e+00 3.477606809139251798e+00
8.843579864501952770e+00 3.459318435192108243e+00
8.711578178405762429e+00 3.440185880661010831e+00
8.581378078460693004e+00 3.420918226242065430e+00
8.452975940704344993e+00 3.401088356971740723e+00
8.324284362792969461e+00 3.382262635231017889e+00
8.196685028076171164e+00 3.364404320716857910e+00
1.023734055459499359e+01 3.639335986971855341e+00
1.018701465129852224e+01 3.686061811447143732e+00
1.013491961956024134e+01 3.730562925338745117e+00
1.007545285224914622e+01 3.773836815357208163e+00
1.001468257904052805e+01 3.811504530906677068e+00
9.947573661804199219e+00 3.844501709938049405e+00
9.879154634475707297e+00 3.872992920875549139e+00
9.809360361099242809e+00 3.898021650314331232e+00
9.740588331222534535e+00 3.920645356178283691e+00
9.672557735443115590e+00 3.940691494941711337e+00
9.604974699020385032e+00 3.959800457954406827e+00
9.537284469604491832e+00 3.977860116958618075e+00
6.872029972076416193e+00 1.616408967971801669e+00
7.276806640624999822e+00 2.155642795562743963e+00
7.664968490600585938e+00 2.671011924743652344e+00
8.040219116210938211e+00 3.154168701171875089e+00
8.409190368652343039e+00 3.599751091003418058e+00
8.775354194641113992e+00 4.010998153686523793e+00
9.118850708007812500e+00 4.391595268249512074e+00
9.454753303527832387e+00 4.749022102355956676e+00
9.778490447998047230e+00 5.084977912902831854e+00
1.009622383117675781e+01 5.400883674621582031e+00
1.040310363769531321e+01 5.699497032165527166e+00
1.070120162963867116e+01 5.984237861633300959e+00
1.647193980216979936e+00 5.295165479183197021e+00
1.904953908920288264e+00 5.384747385978698730e+00
2.152302837371826261e+00 5.470221567153930486e+00
2.390049648284912287e+00 5.550895452499389648e+00
2.625181007385253729e+00 5.623096370697021840e+00
2.856371688842773260e+00 5.687312507629394887e+00
3.071694183349609197e+00 5.744864463806152344e+00
3.281457328796387074e+00 5.797327375411986949e+00
3.484078025817871183e+00 5.843987703323364258e+00
3.682776451110839844e+00 5.884515714645385920e+00
3.876180076599121449e+00 5.921157836914062500e+00
4.064816474914550781e+00 5.954641675949096324e+00
7.844351911544800160e+00 1.710344457626342685e+00
8.258820438385010121e+00 2.219879245758056729e+00
8.656679916381836648e+00 2.706854152679443182e+00
9.042463684082031605e+00 3.163426685333251775e+00
9.421916580200194957e+00 3.584332180023193537e+00
9.798625183105468039e+00 3.972643947601318448e+00
1.015260543823242223e+01 4.331890964508056996e+00
1.049884529113769460e+01 4.669162464141845881e+00
1.083261756896972727e+01 4.986034488677978160e+00
1.116021156311035156e+01 5.283774662017822088e+00
1.147686004638671875e+01 5.565106678009033025e+00
1.178522453308105611e+01 5.833273792266846058e+00
8.146256923675536665e-01 5.869474470615386963e+00
1.054935550689697354e+00 5.921732270717621205e+00
1.284670925140380948e+00 5.971522283554077326e+00
1.503495788574218839e+00 6.018777656555175604e+00
1.719782352447509766e+00 6.059936928749084295e+00
1.931977176666259899e+00 6.095302104949951172e+00
2.129270076751708984e+00 6.125997495651245295e+00
2.320627212524414062e+00 6.153107023239135387e+00
2.504040718078613281e+00 6.175717091560363414e+00
2.683860015869140803e+00 6.193351888656616566e+00
2.857446289062500089e+00 6.208215332031249645e+00
3.026237106323242276e+00 6.220811223983764293e+00
3.314461064338684260e+00 5.767234554886817577e+00
3.184677124023437500e+00 5.789420139789581476e+00
3.056286454200744629e+00 5.810731929540634333e+00
2.921094417572021484e+00 5.832798916101455511e+00
2.784932756423950106e+00 5.851367282867431463e+00
2.641821146011352539e+00 5.867464256286621271e+00
2.500257110595703214e+00 5.880754518508910955e+00
2.358514404296874645e+00 5.891433095932006481e+00
2.219895267486572177e+00 5.900444316864013494e+00
2.083218383789062322e+00 5.907532858848571600e+00
1.949375915527343572e+00 5.914315056800842463e+00
1.816545295715331854e+00 5.920703148841857555e+00
3.799167774617671967e+00 6.113043084740638733e+00
3.768544524908065796e+00 6.095174244046210887e+00
3.736181843280792059e+00 6.077918887138366699e+00
3.696237528324127108e+00 6.063395798206329346e+00
3.654812002182006747e+00 6.047692942619323553e+00
3.607204580307006747e+00 6.030943298339844105e+00
3.557428336143493741e+00 6.013125610351562678e+00
3.506019759178161443e+00 5.994437384605407537e+00
3.454132628440857111e+00 5.975591266155243275e+00
3.402694416046142756e+00 5.956162667274474742e+00
3.352351856231689631e+00 5.935968303680420277e+00
3.301673126220703303e+00 5.915566539764403942e+00
8.444457948207855225e+00 -1.430514641106129040e-03
8.470264101028442738e+00 -1.254720855504274507e-02
8.492351830005645752e+00 -2.296911347657442509e-02
8.506521660089493508e+00 -3.149129021912813742e-02
8.519063735008240101e+00 -4.104461539536714831e-02
8.525860989093780873e+00 -5.271137226372957230e-02
8.528083956241607311e+00 -6.579749453812838711e-02
8.527942442893982289e+00 -8.001897204667329788e-02
8.525451374053954368e+00 -9.661545623093843738e-02
8.522561907768249512e+00 -1.163010107353329714e-01
8.519918370246887918e+00 -1.349894510582089480e-01
8.516048109531402233e+00 -1.539583312347531374e-01
1.087391763925552313e-01 -4.633567524142563621e-02
6.366765201091766080e-02 -9.063670230098069824e-02
1.684072911739348255e-02 -1.331628699321299736e-01
-3.739649355411531206e-02 -1.712857265491038727e-01
-9.297129213809968151e-02 -2.085123677272349707e-01
-1.548466831445693970e-01 -2.452375311870128027e-01
-2.182613760232925415e-01 -2.793954510707408190e-01
-2.831240326166153398e-01 -3.135093112010509109e-01
-3.485923916101456022e-01 -3.469882626552134863e-01
-4.133762031793594138e-01 -3.803457160014659388e-01
-4.772736698389054011e-01 -4.134610791224986315e-01
-5.412201553583145808e-01 -4.448147435206920020e-01
