2.038474512100219904e+00 5.388376668095588684e+00
1.798809719085693315e+00 5.410002192854880931e+00
1.563839960098266424e+00 5.431646841764449896e+00
1.322712373733520463e+00 5.454225856065749944e+00
1.081083440780639560e+00 5.474580419063568293e+00
8.316511631011962447e-01 5.493528318405151545e+00
5.882610797882079634e-01 5.511195838451385498e+00
3.459557056427000621e-01 5.526006674766540172e+00
1.097111225128171164e-01 5.538937759399414240e+00
-1.229220867156981534e-01 5.549757587909698309e+00
-3.501958370208742011e-01 5.560089421272278010e+00
-5.746963024139404297e-01 5.569838309288025258e+00
9.706468756496906991e+00 3.530292636156082242e+00
9.703648563846945407e+00 3.456469702720641912e+00
9.699016289040446992e+00 3.385718774795532404e+00
9.686689457297324779e+00 3.320814919471740900e+00
9.672881579399108531e+00 3.258249402046203613e+00
9.653127855062484386e+00 3.197209930419921964e+00
9.629973852634430287e+00 3.138162755966186435e+00
9.605207544565200095e+00 3.080552721023559481e+00
9.579897665977478383e+00 3.022797966003417880e+00
9.554581844806671498e+00 2.966322898864746094e+00
9.529859340190887096e+00 2.910684394836425604e+00
9.504256498813628440e+00 2.856716537475585849e+00
1.021607335209846568e+01 3.555640643835067838e+00
1.014451907873153758e+01 3.523468470573425382e+00
1.007093737125396693e+01 3.492865347862243564e+00
9.990141773223877308e+00 3.465637743473052979e+00
9.908132910728454590e+00 3.438831627368927002e+00
9.819583749771117809e+00 3.412725329399108887e+00
9.730366802215575817e+00 3.386197447776794434e+00
9.639832305908203836e+00 3.359286546707153320e+00
9.550260257720946555e+00 3.332640361785888850e+00
9.461786556243897195e+00 3.305786943435669034e+00
9.373713970184326172e+00 3.280279612541198819e+00
9.285978221893310902e+00 3.256105732917785822e+00
6.970031738281250000e+00 1.603612565994262606e+00
7.472630882263183949e+00 2.130783271789550959e+00
7.955780315399169744e+00 2.634619140625000355e+00
8.427210235595703480e+00 3.106961250305175781e+00
8.891929626464843750e+00 3.542504882812500089e+00
9.354600906372070312e+00 3.944421577453613548e+00
9.789952087402344461e+00 4.316333198547363637e+00
1.021636505126953054e+01 4.665560722351074219e+00
1.062796897888183523e+01 4.993732643127441584e+00
1.103205833435058736e+01 5.302228736877441229e+00
1.142332115173339879e+01 5.593793296813965199e+00
1.180458450317382812e+01 5.871774482727051492e+00
1.634835124015808105e+00 5.295300012826919200e+00
1.880259132385253995e+00 5.385008764266967951e+00
2.114804220199585139e+00 5.470604228973388494e+00
2.339840984344482511e+00 5.551318240165710627e+00
2.562319564819335760e+00 5.623331260681152521e+00
2.780754184722900479e+00 5.687372732162475408e+00
2.984111022949218928e+00 5.744762086868286488e+00
3.182077217102050604e+00 5.797071504592895330e+00
3.371906852722168058e+00 5.843586206436157227e+00
3.558030700683593839e+00 5.883975601196288707e+00
3.737558746337890536e+00 5.920485877990723012e+00
3.912490463256836026e+00 5.953843259811401722e+00
7.861512804031372426e+00 1.655594921112060636e+00
8.293110847473144531e+00 2.113518428802490412e+00
8.707221221923827414e+00 2.551149749755859730e+00
9.108257484436034446e+00 2.961523914337158558e+00
9.502896690368652699e+00 3.339545345306396573e+00
9.894944000244141336e+00 3.687999439239502131e+00
1.026371669769287109e+01 4.010143756866455078e+00
1.062445411682128871e+01 4.312389278411865590e+00
1.097230072021484304e+01 4.595997333526611328e+00
1.131372718811035227e+01 4.862073612213134943e+00
1.164397125244140696e+01 5.113283252716064098e+00
1.196572608947753835e+01 5.352559375762939275e+00
7.570061326026916726e-01 5.832093794643879114e+00
9.398018360137939675e-01 5.849113574624061229e+00
1.113840484619140536e+00 5.865213882923126398e+00
1.278767204284668058e+00 5.880926358699798406e+00
1.441402435302734375e+00 5.892601424455643055e+00
1.599509239196777344e+00 5.900563180446624756e+00
1.745813179016113326e+00 5.905748897790909169e+00
1.887047481536865412e+00 5.908776563405990778e+00
2.023140716552734197e+00 5.908542579412459972e+00
2.156456089019775479e+00 5.904432332515716197e+00
2.286618423461914240e+00 5.898609369993209839e+00
2.412952804565430043e+00 5.891365832090377452e+00
3.436967398133128793e+00 5.840751981735229137e+00
3.429466008394956411e+00 5.930774796009063543e+00
3.419196064770221533e+00 6.016670513153075994e+00
3.401242631673812689e+00 6.099109292030334473e+00
3.381803178787231356e+00 6.173324632644653143e+00
3.356360441446304410e+00 6.239413022994995117e+00
3.326393270492553622e+00 6.298707818984984996e+00
3.294481492042541593e+00 6.352816009521484730e+00
3.262485563755035400e+00 6.403024578094482777e+00
3.230598688125610352e+00 6.446930122375488459e+00
3.197085666656493963e+00 6.488736915588378729e+00
3.162686705589294434e+00 6.528255367279053090e+00
3.775990018248557956e+00 6.131890736520290375e+00
3.722231352329254062e+00 6.131789208203554331e+00
3.667849957942962646e+00 6.131611432880163193e+00
3.606113433837890625e+00 6.132497651875018718e+00
3.543084049224853427e+00 6.131323806196451009e+00
3.473697614669799982e+00 6.129048848152161000e+00
3.403105306625366033e+00 6.126197332143783925e+00
3.331163692474365057e+00 6.121637615561485113e+00
3.260307025909424006e+00 6.115708211064339039e+00
3.190226459503173739e+00 6.108574911952018738e+00
3.121662044525146396e+00 6.101827642321586254e+00
3.052869033813476740e+00 6.095451876521110535e+00
8.432183176279067993e+00 4.487614165991545001e-02
8.445737054944038036e+00 7.741181980818510888e-02
8.456373709440232034e+00 1.084412110969424359e-01
8.459171387553215737e+00 1.386281384155154395e-01
8.460391521453857422e+00 1.646577609702944978e-01
8.455775636434555764e+00 1.868214858695864677e-01
8.445790535211562755e+00 2.052275789901614189e-01
8.433906778693199158e+00 2.207356585189700349e-01
8.421353934705257061e+00 2.323405636474490388e-01
8.408575747907161002e+00 2.394996536895632744e-01
8.395042569935322163e+00 2.463489664718508942e-01
8.380562895536423085e+00 2.515053642913699372e-01
1.023366451263427734e-01 -7.274101567454636930e-02
5.087428987026214322e-02 -1.421225924510508831e-01
-2.356734871864329950e-03 -2.086273093242198284e-01
-6.353146135807039019e-02 -2.697384495753795131e-01
-1.260169655084610318e-01 -3.282814164180308802e-01
-1.948605686426163053e-01 -3.838476319331676212e-01
-2.649356037378311490e-01 -4.378003258723766056e-01
-3.364271312952041848e-01 -4.906010289210826492e-01
-4.085077911615372370e-01 -5.418062825221569012e-01
-4.797906547784805964e-01 -5.920372624415904950e-01
-5.508287578821182695e-01 -6.397840638179332906e-01
-6.220147281885147761e-01 -6.849857468623667955e-01
