1.942110705375671431e+00 5.366991494596004664e+00
1.606258392333984375e+00 5.368804337829351070e+00
1.277989816665649370e+00 5.373067609220743002e+00
9.425390720367430308e-01 5.380623114109039484e+00
6.070131778717040572e-01 5.386962817609310505e+00
2.629230976104737216e-01 5.392604407668113886e+00
-7.022700309753426851e-02 5.397884526848793385e+00
-4.001094341278079725e-01 5.401001307368278326e+00
-7.213733196258544922e-01 5.402839377522468567e+00
-1.037575483322143555e+00 5.403099852800369085e+00
-1.346632719039916992e+00 5.403386405110358837e+00
-1.651234006881713956e+00 5.403624105453491033e+00
9.622663545608521218e+00 3.617498601973056616e+00
9.536191296577452903e+00 3.626885844767093747e+00
9.449815559387207742e+00 3.636105173826217563e+00
9.355608654022216086e+00 3.647062367200851529e+00
9.260252285003662820e+00 3.655707144737243564e+00
9.158276700973511097e+00 3.662169742584228338e+00
9.056536102294922230e+00 3.668214875459670843e+00
8.953906345367432351e+00 3.672053849697113126e+00
8.853257942199707742e+00 3.674577003717422574e+00
8.753898143768310547e+00 3.675489610433578580e+00
8.655666828155517578e+00 3.676396542787551791e+00
8.557768154144287820e+00 3.677230876684189020e+00
1.031516562998294795e+01 3.620347654819488614e+00
1.034252275228500295e+01 3.649173527956008911e+00
1.036579887270927358e+01 3.676561188697815119e+00
1.038114113807678152e+01 3.703544151782989680e+00
1.039484950304031408e+01 3.725885474681854159e+00
1.040282268524169851e+01 3.743894279003143311e+00
1.040616959333419800e+01 3.758440208435058771e+00
1.040706316232681239e+01 3.770304179191589444e+00
1.040691446065902781e+01 3.779802930355072199e+00
1.040632710456848109e+01 3.784957182407379328e+00
1.040583441257476771e+01 3.787947690486908048e+00
1.040373107194900548e+01 3.789458680152892889e+00
6.909175443649291815e+00 1.571566057205200373e+00
7.351029491424560192e+00 2.068527221679687500e+00
7.774851226806640980e+00 2.543481063842773615e+00
8.186631774902343395e+00 2.988798332214355646e+00
8.591968536376953125e+00 3.399255943298340021e+00
8.994805908203124645e+00 3.777857208251953480e+00
9.373419952392577414e+00 4.128064918518067117e+00
9.743946075439453125e+00 4.456803321838378906e+00
1.010129508972167933e+01 4.765539360046386896e+00
1.045206260681152344e+01 5.055534553527832209e+00
1.079129257202148473e+01 5.329498863220215377e+00
1.112193069458007955e+01 5.590599250793457209e+00
1.701411700248718351e+00 5.147905790805817006e+00
2.013289642333984553e+00 5.098668873310089111e+00
2.311178398132324396e+00 5.051423704624175670e+00
2.602886962890624822e+00 5.007829260826111017e+00
2.892996883392334073e+00 4.964852643013000666e+00
3.179705810546875178e+00 4.922019624710083363e+00
3.449464416503906339e+00 4.879921364784240545e+00
3.716369438171386985e+00 4.838311600685119451e+00
3.983547210693359375e+00 4.795733594894409535e+00
4.245688819885254262e+00 4.751316452026367543e+00
4.507359313964844461e+00 4.707148885726928356e+00
4.762886428833008168e+00 4.663128423690795721e+00
7.823640680313109996e+00 1.663680362701416060e+00
8.217435789108275657e+00 2.129226016998290838e+00
8.594688510894775035e+00 2.574144554138183771e+00
8.958926200866699219e+00 2.991341495513916371e+00
9.316929435729980113e+00 3.375696086883544833e+00
9.672093772888183949e+00 3.730036449432373225e+00
1.000551528930663991e+01 4.057660007476806996e+00
1.033153781890869105e+01 4.365078258514405007e+00
1.064568367004394567e+01 4.653614521026611328e+00
1.095398902893066406e+01 4.924381732940673828e+00
1.125202560424804688e+01 5.180054187774658203e+00
1.154172363281250036e+01 5.423611164093017578e+00
6.603860855102539062e-01 5.835488095879554749e+00
7.467383027076721635e-01 5.855707615613937378e+00
8.279934406280518022e-01 5.874867069721221746e+00
9.008846998214721236e-01 5.893444371223449885e+00
9.718898773193359597e-01 5.907778722047805964e+00
1.037624120712280273e+00 5.918454372882843373e+00
1.096178245544433771e+00 5.926166415214538574e+00
1.151564788818359553e+00 5.931578993797302246e+00
1.204317522048950373e+00 5.933607351779937922e+00
1.255722332000732466e+00 5.931650602817535756e+00
1.305062198638915927e+00 5.927876293659210205e+00
1.352256107330322310e+00 5.922599232196807506e+00
3.529760581254959284e+00 5.718013536930084406e+00
3.614882802963256925e+00 5.692333185672760365e+00
3.697308182716369629e+00 5.667609536647796986e+00
3.772462654113769354e+00 5.645151638984680531e+00
3.848216629028320401e+00 5.621880316734314320e+00
3.918744325637817383e+00 5.597361946105957387e+00
3.981879949569702148e+00 5.572312462329864324e+00
4.043018722534180043e+00 5.546797227859497248e+00
4.103466129302978160e+00 5.519487500190734863e+00
4.162432765960693004e+00 5.489604115486145020e+00
4.221456956863403498e+00 5.459262728691101074e+00
4.277827358245849254e+00 5.428542137145996094e+00
3.723459279537201017e+00 6.200386005640029730e+00
3.617265820503234863e+00 6.264853632450103404e+00
3.511294412612914861e+00 6.326561331748962402e+00
3.398353195190429776e+00 6.386568117141723455e+00
3.284347105026244940e+00 6.441202545166015980e+00
3.163558435440063654e+00 6.491171646118163885e+00
3.042478084564208984e+00 6.536051988601684570e+00
2.920808601379394354e+00 6.576552534103393910e+00
2.801676464080810725e+00 6.613852882385254262e+00
2.684151649475097656e+00 6.647869539260864435e+00
2.567507076263427557e+00 6.680268907546997426e+00
2.451342582702636719e+00 6.710912275314330877e+00
8.476996147632599232e+00 2.834732066839933465e-02
8.535281264781952260e+00 4.530160557478666444e-02
8.588583993911743875e+00 6.133929621428251683e-02
8.634333896636963601e+00 7.746444474905729571e-02
8.678315639495849609e+00 9.043575059622527279e-02
8.716807150840759633e+00 9.960225950926543392e-02
8.749323034286499379e+00 1.059094680473208483e-01
8.779046344757080789e+00 1.099958492442965619e-01
8.806885242462158203e+00 1.107661737129092272e-01
8.833804273605347035e+00 1.076119137927889907e-01
8.860295295715332031e+00 1.027569843456149212e-01
8.884894514083862660e+00 9.685648214071990170e-02
1.068097472190856906e-01 -6.153131318278610984e-02
5.981232225894927979e-02 -1.203457016963511705e-01
1.104211509227751020e-02 -1.765914578456431738e-01
-4.565390646457673229e-02 -2.277691741008311677e-01
-1.039857059717178567e-01 -2.771711964625865332e-01
-1.686407715082168801e-01 -3.244605202693492396e-01
-2.347123295068740956e-01 -3.707072157878428809e-01
-3.022177845239639726e-01 -4.162332196254283634e-01
-3.702619701623917070e-01 -4.605377812404185534e-01
-4.375805526971817683e-01 -5.042000432033092450e-01
-5.047273308038712214e-01 -5.456978936213999765e-01
-5.719777733087539895e-01 -5.849116940516978502e-01
