1.999833941459655762e+00 5.368834364414214910e+00
1.721599245071411044e+00 5.371796870976686122e+00
1.449217462539672763e+00 5.376419933885335567e+00
1.171150827407836825e+00 5.383513197302818298e+00
8.927439212799070933e-01 5.389463531970977606e+00
6.062361240386962002e-01 5.394367685914039257e+00
3.275036334991454634e-01 5.398961946368217468e+00
5.051064491271972656e-02 5.401431256532669423e+00
-2.194087505340576172e-01 5.402655142545699896e+00
-4.851277828216553623e-01 5.402330988645553944e+00
-7.452655315399172586e-01 5.402061372995376587e+00
-1.001990079879760742e+00 5.401772174239158453e+00
9.753044378757476096e+00 3.590502291917800903e+00
9.796714752912521362e+00 3.573437848687171847e+00
9.835835242271423695e+00 3.556951540708541692e+00
9.866898584365845437e+00 3.542715311050415039e+00
9.896258008480071311e+00 3.526951205730438410e+00
9.920027184486389871e+00 3.509410238265991300e+00
9.938471674919128418e+00 3.490855002403259189e+00
9.955097699165344594e+00 3.471470522880554022e+00
9.970514082908630726e+00 3.449976444244384766e+00
9.985224318504332786e+00 3.425628912448883234e+00
9.999909257888793590e+00 3.400553894042968928e+00
1.001284878253936839e+01 3.375551629066467108e+00
1.030847822725772822e+01 3.644835305213928400e+00
1.032916015684604716e+01 3.696745216846466064e+00
1.034671608805656362e+01 3.746619260311126798e+00
1.035638163685798574e+01 3.794652295112610041e+00
1.036443953514099192e+01 3.837005972862243652e+00
1.036671626567840576e+01 3.874344539642334162e+00
1.036414959430694616e+01 3.906876635551452814e+00
1.035923498868942261e+01 3.935720062255859464e+00
1.035344775319099497e+01 3.959974861145019620e+00
1.034731882810592651e+01 3.979175257682800115e+00
1.034100881218910217e+01 3.997479677200317383e+00
1.033360968232154775e+01 4.013457679748535512e+00
6.993367815017700551e+00 1.580167722702026545e+00
7.519260597229004084e+00 2.085237598419189542e+00
8.024927425384522195e+00 2.567943763732910334e+00
8.515730476379394176e+00 3.020425415039062589e+00
8.999739837646483664e+00 3.437533378601074219e+00
9.481836128234863992e+00 3.822315597534180043e+00
9.935733795166015625e+00 4.178277015686035156e+00
1.038039016723632812e+01 4.512447166442871804e+00
1.080970306396484304e+01 4.826342964172363637e+00
1.123119621276855540e+01 5.121249961853027166e+00
1.163984260559082173e+01 5.399887275695800959e+00
1.203823280334472656e+01 5.665468788146973189e+00
1.586669206619262695e+00 5.263308203220367076e+00
1.784014844894409091e+00 5.322858858108520330e+00
1.972933387756347745e+00 5.379621303081512096e+00
2.152682209014892489e+00 5.433404636383056818e+00
2.330076026916503729e+00 5.480419135093688610e+00
2.503063774108886808e+00 5.521226310729980824e+00
2.663175964355469105e+00 5.556987285614013672e+00
2.818524837493896484e+00 5.588878870010375977e+00
2.966981792449951527e+00 5.616025447845458984e+00
3.112444686889648260e+00 5.637978506088257014e+00
3.252184104919433771e+00 5.656949996948242188e+00
3.387894630432128906e+00 5.673487854003906428e+00
7.795628118515014471e+00 1.649646711349487260e+00
8.161461687088012340e+00 2.101962947845458896e+00
8.511871147155762429e+00 2.534233379364013494e+00
8.849582386016844993e+00 2.939445018768310547e+00
9.181177902221680398e+00 3.312674045562744141e+00
9.509683799743651633e+00 3.656673908233642578e+00
9.817004203796386719e+00 3.974671840667724609e+00
1.011719169616699254e+01 4.273003101348876953e+00
1.040625686645507741e+01 4.552917957305908203e+00
1.068991432189941371e+01 4.815478992462158381e+00
1.096383666992187500e+01 5.063344669342041193e+00
1.123034248352050746e+01 5.299413394927978693e+00
6.259908676147460938e-01 5.806434313952922643e+00
6.780103921890259233e-01 5.799265393614769337e+00
7.252913355827331765e-01 5.792530642449856160e+00
7.648766875267029031e-01 5.786864322423935114e+00
8.027219295501708540e-01 5.779264757037163136e+00
8.350272655487060991e-01 5.769680339097976507e+00
8.616304874420166460e-01 5.758532625436783015e+00
8.858630418777466708e-01 5.746141058206558405e+00
9.083716154098511186e-01 5.731280434131622137e+00
9.300518989562989169e-01 5.713247227668762029e+00
9.517781734466552734e-01 5.694179129600525080e+00
9.716804504394531694e-01 5.674851584434509100e+00
3.409783065319061279e+00 5.765768824517726543e+00
3.375146985054016113e+00 5.785106456279754283e+00
3.339139711856842219e+00 5.803500795364380238e+00
3.295640408992767334e+00 5.821890825033188221e+00
3.250768506526946933e+00 5.837075972557068226e+00
3.199686789512634189e+00 5.848864936828613637e+00
3.146085667610168279e+00 5.857613229751587269e+00
3.090900564193725497e+00 5.864004063606262029e+00
3.036311054229736239e+00 5.866960382461547496e+00
2.982218837738037198e+00 5.868285322189331410e+00
2.929257583618164240e+00 5.868010807037353338e+00
2.876012325286865234e+00 5.867718660831451771e+00
3.687802660465240301e+00 6.171635958552360357e+00
3.546017599105835139e+00 6.210409283638000488e+00
3.405985069274902521e+00 6.247757649421691539e+00
3.259237289428710938e+00 6.284855842590332031e+00
3.111571502685547053e+00 6.317792177200317383e+00
2.956862831115722567e+00 6.347752761840820490e+00
2.804195404052734375e+00 6.375671863555908203e+00
2.651400756835937678e+00 6.400160479545593084e+00
2.502052497863769709e+00 6.422271919250488459e+00
2.354831314086913707e+00 6.441830444335937322e+00
2.209053993225097656e+00 6.460475540161132457e+00
2.064468002319335582e+00 6.478095865249633434e+00
8.493165475130080466e+00 -3.263063896447420537e-02
8.567590081691742299e+00 -7.315907943993807394e-02
8.640134882926940207e+00 -1.120784150436520687e-01
8.705359983444214578e+00 -1.478659259155392647e-01
8.768731451034545543e+00 -1.839959131553769167e-01
8.826797866821289418e+00 -2.204654799774289353e-01
8.878025722503661399e+00 -2.566409932449459919e-01
8.927291631698608398e+00 -2.926595078781247250e-01
8.976043748855591531e+00 -3.299327241256833076e-01
9.023516321182251332e+00 -3.693002806976437569e-01
9.071526002883910422e+00 -4.086640940979123227e-01
9.117710065841674094e+00 -4.480764972046017980e-01
6.360927522182463489e-02 1.170070427469909261e-02
-2.650975286960602362e-02 2.205678331665694714e-02
-1.160482078790665006e-01 3.218105244450271407e-02
-2.126814752817154375e-01 4.381255912594497759e-02
-3.104584842920303789e-01 5.266979145817458907e-02
-4.148749500513077004e-01 6.126746344380080977e-02
-5.197545200586319858e-01 6.929998206906021196e-02
-6.255315929651260598e-01 7.501510786823928356e-02
-7.292354732751846758e-01 7.931797909550369896e-02
-8.315979152917862827e-01 8.061064290814101696e-02
-9.316817432641983920e-01 8.187913107685745873e-02
-1.031601253151893660e+00 8.304676818661392568e-02
