2.046532392501831055e+00 5.327100938558578136e+00
1.814911127090454102e+00 5.290805810689926503e+00
1.581930351257324174e+00 5.256960248947143199e+00
1.340105295181274414e+00 5.227611720561981201e+00
1.097779321670532271e+00 5.199571275711059926e+00
8.476147174835204634e-01 5.172384357452392223e+00
6.042297840118406871e-01 5.147105264663696111e+00
3.602140903472899058e-01 5.121373271942138317e+00
1.221491336822508877e-01 5.095845293998718439e+00
-1.122630596160889560e-01 5.070056271553039728e+00
-3.464765071868898261e-01 5.045561528205871227e+00
-5.781402111053468573e-01 5.022335004806518732e+00
9.675087031722068076e+00 3.579340231418609797e+00
9.640942484140396118e+00 3.551753520965576172e+00
9.605411779880522971e+00 3.525221240520477473e+00
9.562311840057372336e+00 3.501581776142120184e+00
9.517015624046326394e+00 3.478009665012359530e+00
9.465505552291869407e+00 3.454843294620514094e+00
9.411998224258422141e+00 3.432571494579315097e+00
9.356914329528809304e+00 3.409678459167480469e+00
9.302076911926269176e+00 3.386843657493591397e+00
9.247741079330443981e+00 3.363618278503417880e+00
9.194391489028930664e+00 3.341562342643737971e+00
9.140571117401123047e+00 3.320643067359924316e+00
1.025835563242435455e+01 3.632587075233459473e+00
1.022900643944740295e+01 3.672950822114944280e+00
1.019792378544807399e+01 3.711369407176971613e+00
1.015932309627532959e+01 3.748886108398437500e+00
1.011932771205902171e+01 3.781894791126251043e+00
1.007316203117370534e+01 3.810253572463989435e+00
1.002401018142700195e+01 3.834426712989807307e+00
9.973212528228760476e+00 3.855379056930542170e+00
9.922882318496704102e+00 3.874135899543762029e+00
9.872976112365723367e+00 3.890501213073730646e+00
9.822551059722901101e+00 3.904247403144836426e+00
9.771710824966429954e+00 3.917229771614074707e+00
6.988996458053589045e+00 1.592238807678222567e+00
7.510526084899902699e+00 2.108687591552734553e+00
8.011613941192626598e+00 2.602272605895996183e+00
8.498918914794922230e+00 3.064610290527344016e+00
8.979446983337401988e+00 3.490867042541504262e+00
9.458105468750000355e+00 3.884152412414550781e+00
9.909042358398437500e+00 4.248029136657715199e+00
1.035081710815429723e+01 4.589671516418457387e+00
1.077733421325683594e+01 4.910650062561035867e+00
1.119607734680175781e+01 5.212299156188964666e+00
1.160163078308105611e+01 5.497350120544433949e+00
1.199752540588378835e+01 5.769084358215332387e+00
1.702439022064208940e+00 5.196081599593162181e+00
2.015343332290649325e+00 5.192259069532155991e+00
2.313572502136230558e+00 5.188507343083619716e+00
2.601988601684570135e+00 5.185633900761604131e+00
2.887559700012206854e+00 5.180056506395340321e+00
3.169601821899414418e+00 5.171983346343040466e+00
3.434118080139160423e+00 5.162242436408996937e+00
3.692588996887207209e+00 5.151178935170174000e+00
3.944982910156250355e+00 5.137578058242797674e+00
4.192595100402831676e+00 5.120743989944458008e+00
4.434845924377441406e+00 5.102816641330718994e+00
4.671448898315429865e+00 5.083962798118591309e+00
7.810568237304687855e+00 1.620539093017578036e+00
8.191314697265625000e+00 2.045416069030761896e+00
8.556049728393555043e+00 2.451452922821045100e+00
8.910310745239257812e+00 2.831907176971435902e+00
9.258382034301757102e+00 3.182155132293701172e+00
9.603438758850098012e+00 3.504795742034912287e+00
9.927471351623534446e+00 3.802910709381103871e+00
1.024420871734619176e+01 4.082471942901610973e+00
1.054934024810791016e+01 4.344582462310791371e+00
1.084878463745117116e+01 4.590195560455322621e+00
1.113799057006835902e+01 4.821938419342041371e+00
1.141939125061035121e+01 5.042543888092041016e+00
8.426570177078247514e-01 5.783010542392730713e+00
1.110946464538574263e+00 5.753760504722595037e+00
1.366220569610595792e+00 5.725624012947082342e+00
1.611836338043213024e+00 5.699920177459716797e+00
1.861561393737793058e+00 5.673150372505188166e+00
2.107602500915527699e+00 5.645380413532256725e+00
2.338499069213867188e+00 5.617304086685180664e+00
2.566705894470215021e+00 5.588931417465209606e+00
2.793034172058105558e+00 5.558911013603210272e+00
3.015029907226562500e+00 5.526447343826293768e+00
3.237115287780762074e+00 5.493651318550109686e+00
3.453888893127441406e+00 5.460536718368530273e+00
3.212053132057190119e+00 5.683638530969619573e+00
2.980048465728759588e+00 5.627109742164611461e+00
2.746443223953247248e+00 5.573759901523589910e+00
2.502583980560302734e+00 5.526006245613098500e+00
2.254854679107666016e+00 5.480974411964416149e+00
1.999191188812255771e+00 5.437629294395446955e+00
1.750550460815429643e+00 5.397308993339538397e+00
1.501163673400878862e+00 5.357377672195434926e+00
1.250557899475097656e+00 5.318380165100097479e+00
1.003812026977538796e+00 5.279769611358642756e+00
7.575933456420895773e-01 5.243077516555786133e+00
5.133497238159177023e-01 5.208301925659180043e+00
3.833455674350261688e+00 6.182095217704772772e+00
3.837057840824127375e+00 6.229320478439331232e+00
3.837837690114974887e+00 6.274366247653961004e+00
3.830851830542087555e+00 6.317923140525818049e+00
3.822331494092941373e+00 6.356086587905883434e+00
3.807901503145694644e+00 6.389638829231262029e+00
3.789835762977600275e+00 6.418646359443664906e+00
3.769541972875595004e+00 6.444162487983703613e+00
3.747486066818237482e+00 6.466724443435668768e+00
3.725368243455887018e+00 6.484313440322876154e+00
3.703282845020294367e+00 6.500831985473633168e+00
3.680112636089325040e+00 6.515122890472412109e+00
8.431133203208446503e+00 -2.405367977917195407e-03
8.443638885021210072e+00 -1.444104779511690140e-02
8.452942788600921631e+00 -2.611954677850008427e-02
8.454417398571967723e+00 -3.518862593919039328e-02
8.454320487380027060e+00 -4.583207834511995871e-02
8.448417875170708413e+00 -5.861377585679293512e-02
8.438502484560013173e+00 -7.273809183388948996e-02
8.426502101123332977e+00 -8.793965447694063187e-02
8.413836038112640026e+00 -1.053197013214230565e-01
8.400946575403214212e+00 -1.257511245086789242e-01
8.388140720129012351e+00 -1.451491223648190554e-01
8.374191290140151622e+00 -1.647962199524045102e-01
1.792289674282074030e-01 5.614809799008071978e-02
2.045185297727584728e-01 1.082677822094410686e-01
2.263624161481857522e-01 1.580797772388905509e-01
2.402840107679367065e-01 2.057834725361317452e-01
2.525781840085983276e-01 2.476829867344349789e-01
2.591286152601242065e-01 2.837361674290150293e-01
2.598025888204574807e-01 3.150717120151966810e-01
2.580807417631149070e-01 3.427855591755360476e-01
2.553930252790451161e-01 3.664551596622914187e-01
2.523103088140487560e-01 3.874968628864735587e-01
2.472819417715072521e-01 4.056013445835560671e-01
2.406889826059341320e-01 4.213905196171254253e-01
