1.934450244903564542e+00 5.305093467235565186e+00
1.590951776504516690e+00 5.248689794540405629e+00
1.245939111709594593e+00 5.198038053512573420e+00
8.932289600372314009e-01 5.153797173500061390e+00
5.403614521026609552e-01 5.112501454353332697e+00
1.786360263824460226e-01 5.074035525321960449e+00
-1.713698863983155185e-01 5.038257169723510565e+00
-5.212619304656982422e-01 5.002613568305969594e+00
-8.717662334442142225e-01 4.967683339118957875e+00
-1.216691923141479670e+00 4.932944393157958629e+00
-1.560239362716675071e+00 4.899935388565063832e+00
-1.899863004684448242e+00 4.868647241592407582e+00
9.809685909748077748e+00 3.528491413593292325e+00
9.909894180297850852e+00 3.452970528602600009e+00
1.000820028781890869e+01 3.380596256256103604e+00
1.009963614940643239e+01 3.313482618331909269e+00
1.019107856750488317e+01 3.248274040222168146e+00
1.027745513916015696e+01 3.184778022766113104e+00
1.035574240684509206e+01 3.123444890975952237e+00
1.043206663131713796e+01 3.063676834106445312e+00
1.050794420242309535e+01 3.003874969482422053e+00
1.058207836151123082e+01 2.943062639236450284e+00
1.065676984786987269e+01 2.883298063278198153e+00
1.072925367355346715e+01 2.824317836761474521e+00
1.027772076129913259e+01 3.695960044860839844e+00
1.026770132333040308e+01 3.796064209938049494e+00
1.025445794463157689e+01 3.891598320007324308e+00
1.023355320692062342e+01 3.982639431953430176e+00
1.021117547750472987e+01 4.065212869644165394e+00
1.018277029991149973e+01 4.139123106002807972e+00
1.015037230253219569e+01 4.205699777603149059e+00
1.011606752872467041e+01 4.266682243347167613e+00
1.008040983676910329e+01 4.321424198150634943e+00
1.004492378234863281e+01 4.372043371200561523e+00
1.000932776927947998e+01 4.420237016677856623e+00
9.972847008705139515e+00 4.464454412460327148e+00
7.018788957595825551e+00 1.575091171264648482e+00
7.570056343078613637e+00 2.075375366210937322e+00
8.100278854370117188e+00 2.553506088256836115e+00
8.618550300598144531e+00 3.001798248291015714e+00
9.129908180236816051e+00 3.415017318725586115e+00
9.639587593078612571e+00 3.796185111999511808e+00
1.011996574401855398e+01 4.148781967163086115e+00
1.059066238403320348e+01 4.479775810241699574e+00
1.104525680541992116e+01 4.790663719177246094e+00
1.149160079956054759e+01 5.082707405090332031e+00
1.192422065734863423e+01 5.358620643615722656e+00
1.234642295837402415e+01 5.621589469909667791e+00
1.648300886154174805e+00 5.259062373638153431e+00
1.907165908813476474e+00 5.314610600471496582e+00
2.155370903015136896e+00 5.367546474933623912e+00
2.393970966339111328e+00 5.417747163772583363e+00
2.629950141906738370e+00 5.462211465835570934e+00
2.862016010284423650e+00 5.500648450851440607e+00
3.078516769409179510e+00 5.534203028678893688e+00
3.289310455322265625e+00 5.564011716842651722e+00
3.492931365966796875e+00 5.589182233810424449e+00
3.692609977722168146e+00 5.609254312515258967e+00
3.887576866149902610e+00 5.626436376571655629e+00
4.077532768249511719e+00 5.641255998611450551e+00
7.729748702049255016e+00 1.697079420089721680e+00
8.029823207855224965e+00 2.194109725952148260e+00
8.316654300689696910e+00 2.669129562377929865e+00
8.591673564910887961e+00 3.114509105682373047e+00
8.860853004455567117e+00 3.525024318695068271e+00
9.126410102844237926e+00 3.903678989410400479e+00
9.373787879943847656e+00 4.253936290740966797e+00
9.615019989013671164e+00 4.582721424102783381e+00
9.846851730346680043e+00 4.891547107696533558e+00
1.007426834106445312e+01 5.181627750396728516e+00
1.029301624298095774e+01 5.455673694610595703e+00
1.050538692474365199e+01 5.716852283477783736e+00
6.872397303581238015e-01 5.738667875528335571e+00
8.003960847854614258e-01 5.667616844177246094e+00
9.116368293762207031e-01 5.599516010284423473e+00
1.016478395462036222e+00 5.536395311355590820e+00
1.121875762939453125e+00 5.475355887413025258e+00
1.222320032119751154e+00 5.415734791755676625e+00
1.314053535461425781e+00 5.358008766174316762e+00
1.403659629821777388e+00 5.301645946502685725e+00
1.492757987976074396e+00 5.245074319839477361e+00
1.579884719848632768e+00 5.187336778640746715e+00
1.667669296264648438e+00 5.130497312545776012e+00
1.752938270568847656e+00 5.074323892593383789e+00
3.389133933186530889e+00 5.723853072524070384e+00
3.333886456489563166e+00 5.703781425952911377e+00
3.277103197574615656e+00 5.684420043230057118e+00
3.212971949577331454e+00 5.667787456512451527e+00
3.147559833526611506e+00 5.650283682346343817e+00
3.075771379470825018e+00 5.632408952713012340e+00
3.002881622314453214e+00 5.615798878669738592e+00
2.928675460815429510e+00 5.598250699043274103e+00
2.855101823806762695e+00 5.580486035346984508e+00
2.782352161407470881e+00 5.562086868286132635e+00
2.711094760894775302e+00 5.544622206687927601e+00
2.639643096923828036e+00 5.526727867126465021e+00
3.801060535013675690e+00 6.112181398272514166e+00
3.772326588630676270e+00 6.093500268459320246e+00
3.741995954513549716e+00 6.075468301773071289e+00
3.703887677192688077e+00 6.059265774488449274e+00
3.664383101463317693e+00 6.041676652431488215e+00
3.618712186813354492e+00 6.023018169403075994e+00
3.570748209953308105e+00 6.003423559665679754e+00
3.521180987358093262e+00 5.983057880401611683e+00
3.472045254707336603e+00 5.962087750434875488e+00
3.423313331604004084e+00 5.939887309074402211e+00
3.374737787246703924e+00 5.917020702362060902e+00
3.325809335708618253e+00 5.894080376625060680e+00
8.535238087177276611e+00 6.406011711806058884e-02
8.651658844947814231e+00 1.146801603958010757e-01
8.761662173271179910e+00 1.629043949767947363e-01
8.863086843490600941e+00 2.086937798187136761e-01
8.962499427795410867e+00 2.482878340408206097e-01
9.056876134872435813e+00 2.821982754394412041e-01
9.142307806015015359e+00 3.115393532440066671e-01
9.223896217346190696e+00 3.373703612014651299e-01
9.302085590362548118e+00 3.587676180526614411e-01
9.378489398956299183e+00 3.752479447051882966e-01
9.450758552551269176e+00 3.890131367370486259e-01
9.520268058776855113e+00 4.005556954070925713e-01
1.438892401754855999e-01 -1.442345571704208886e-02
1.339035972952842823e-01 -2.883020532317459583e-02
1.215916961431503240e-01 -4.199933600611985285e-02
1.015993624925613376e-01 -5.354215693660080433e-02
8.012974560260772983e-02 -6.625232291407882890e-02
5.264708697795866810e-02 -7.981485319323838867e-02
2.210578620433806263e-02 -9.411163520999253629e-02
-1.033923923969271019e-02 -1.094760079402476577e-01
-4.419147074222565252e-02 -1.251691122073680107e-01
-7.790273725986482378e-02 -1.424923558253795020e-01
-1.113351017236709484e-01 -1.604110856074839886e-01
-1.454430729150772428e-01 -1.787409920711070521e-01
