1.965747451782226651e+00 5.321967905759811046e+00
1.653488349914550737e+00 5.281193166971206665e+00
1.350525331497192338e+00 5.244902682304382502e+00
1.041437482833862171e+00 5.213871240615844727e+00
7.321528911590575728e-01 5.184968912601471303e+00
4.145142078399657315e-01 5.159711432456970392e+00
1.066362857818603516e-01 5.136227750778198597e+00
-2.009551525115966797e-01 5.112190675735473810e+00
-5.032018184661866123e-01 5.088270545005798340e+00
-8.006965160369876600e-01 5.064012026786803844e+00
-1.091276884078979492e+00 5.040973258018493830e+00
-1.377756834030151367e+00 5.019125485420227406e+00
9.653884747624397633e+00 3.641783207654953003e+00
9.598576641082763317e+00 3.675125616788863958e+00
9.541626811027526855e+00 3.706831371784210294e+00
9.477340912818908336e+00 3.737786006927490412e+00
9.411773896217345836e+00 3.764574694633483709e+00
9.339829421043395641e+00 3.787846279144287287e+00
9.266792154312133434e+00 3.808454012870788663e+00
9.192456817626952770e+00 3.826040506362915039e+00
9.119276380538940074e+00 3.841604542732238947e+00
9.046913051605224965e+00 3.854930639266967773e+00
8.976058769226074929e+00 3.867646741867065252e+00
8.904867744445800426e+00 3.879653429985046476e+00
1.017661769390106130e+01 3.576780509948730646e+00
1.006567993164062536e+01 3.564711871743202032e+00
9.956345629692076926e+00 3.553097310662269415e+00
9.840063714981079457e+00 3.544437566399574191e+00
9.722733116149901988e+00 3.534502327442169189e+00
9.598605442047119851e+00 3.524437749385833651e+00
9.474938583374022727e+00 3.514063400030136286e+00
9.350664234161376598e+00 3.502401918172836304e+00
9.228520202636719461e+00 3.490221315622329623e+00
9.108025836944580789e+00 3.477137565612792969e+00
8.990277767181396484e+00 3.464729535579681219e+00
8.873029899597167258e+00 3.452947044372558505e+00
6.952826309204101385e+00 1.569346046447753995e+00
7.438251495361328125e+00 2.064214515686034979e+00
7.904637622833251775e+00 2.537167549133300781e+00
8.359114646911621094e+00 2.980295753479003995e+00
8.806957626342773793e+00 3.388721275329590110e+00
9.252594947814941406e+00 3.765433692932129262e+00
9.672031021118163707e+00 4.113883209228515803e+00
1.008279228210449219e+01 4.440961647033692117e+00
1.047920112609863352e+01 4.748150825500488281e+00
1.086837005615234375e+01 5.036673927307129262e+00
1.124529190063476491e+01 5.309237861633301137e+00
1.161265716552734517e+01 5.568994712829590021e+00
1.720767021179199219e+00 5.241260135173797963e+00
2.051965761184692205e+00 5.280026531219482067e+00
2.368418025970458807e+00 5.316917943954467596e+00
2.674745655059814542e+00 5.352093899250030873e+00
2.978145790100097834e+00 5.381836009025573908e+00
3.278157424926757990e+00 5.406589770317077992e+00
3.560630607604980735e+00 5.427406883239745738e+00
3.835612869262695401e+00 5.445191025733947754e+00
4.100209236145019531e+00 5.458955049514770508e+00
4.359831428527831676e+00 5.468169379234313787e+00
4.613852691650390803e+00 5.475022315979003906e+00
4.861664199829101918e+00 5.479935264587401988e+00
7.901808738708496094e+00 1.682073116302490234e+00
8.373628997802734730e+00 2.164957046508789062e+00
8.827015876770019531e+00 2.626452159881591975e+00
9.267445755004882102e+00 3.058802509307861683e+00
9.701304626464843039e+00 3.457223606109619318e+00
1.013290653228759730e+01 3.824637699127197532e+00
1.053927173614501989e+01 4.164431476593017933e+00
1.093705749511718750e+01 4.483338642120362039e+00
1.132087020874023509e+01 4.782755756378174183e+00
1.169764328002929688e+01 5.063880634307861506e+00
1.206225051879882848e+01 5.329406452178955256e+00
1.241744537353515554e+01 5.582413959503173650e+00
7.370723128318786843e-01 5.822435269504785182e+00
8.999705314636230469e-01 5.830350145697593689e+00
1.053857278823852495e+00 5.837745606899261475e+00
1.198821115493774458e+00 5.845399826765060425e+00
1.341582536697387695e+00 5.849594783782959162e+00
1.479658508300781161e+00 5.850604319572449086e+00
1.606324863433837846e+00 5.849318337440490900e+00
1.728393936157226696e+00 5.846236532926559093e+00
1.847138690948486373e+00 5.840207132697105230e+00
1.963400173187255904e+00 5.830580276250839411e+00
2.075850486755371094e+00 5.819509274512529196e+00
2.184971046447754084e+00 5.807232861220836817e+00
3.411479094624519259e+00 5.766012230515480397e+00
3.378535950183868319e+00 5.786182451248168768e+00
3.344155091047286810e+00 5.805294775962829945e+00
3.302271103858947843e+00 5.824334317445755360e+00
3.259006440639495850e+00 5.840108662843704224e+00
3.209545016288757324e+00 5.852664029598235729e+00
3.157996726036071955e+00 5.862272918224334717e+00
3.104795026779174627e+00 5.869476175308227184e+00
3.050792312622070401e+00 5.875190687179565607e+00
2.997276592254638494e+00 5.879141116142273304e+00
2.945032167434692205e+00 5.881215631961822510e+00
2.892329168319702326e+00 5.883184528350829723e+00
3.651738107204437256e+00 6.197533655166625799e+00
3.473954486846923650e+00 6.259340059757232844e+00
3.297984886169433416e+00 6.318898785114288152e+00
3.115565013885498225e+00 6.376973009109496715e+00
2.932387065887451350e+00 6.429572272300720037e+00
2.741878700256347834e+00 6.477282738685607555e+00
2.555519676208495738e+00 6.520962023735046742e+00
2.369843387603759677e+00 6.560328722000122070e+00
2.187235260009765536e+00 6.596553421020507457e+00
2.007322311401367188e+00 6.629546213150024236e+00
1.829590988159179643e+00 6.660971546173096058e+00
1.653761863708496094e+00 6.690692853927612482e+00
8.546751689910887961e+00 7.977628521621227611e-03
8.674664926528929954e+00 5.729796551167964241e-03
8.794884920120239258e+00 3.409080766141414295e-03
8.906450748443603516e+00 1.875429414212703705e-03
9.015958356857300515e+00 -2.458289451897145358e-03
9.120507049560547586e+00 -9.375538118183614905e-03
9.216159439086913707e+00 -1.804042924195528239e-02
9.308498954772948863e+00 -2.808813620358705659e-02
9.397125339508056285e+00 -4.072612393647432466e-02
9.483788585662841442e+00 -5.664362777024507800e-02
9.568574333190918324e+00 -7.369903195649385452e-02
9.649756526947021129e+00 -9.171641934663057882e-02
-1.474337875843048651e-02 -3.997403802350163807e-03
-1.830717235803604459e-01 -8.575717778876425224e-03
-3.476176410913467407e-01 -1.311016273684799741e-02
-5.186993747949600886e-01 -1.457305592484772240e-02
-6.905863910913467851e-01 -1.740128290839493275e-02
-8.697118908166885376e-01 -2.123971176333725591e-02
-1.045191207528114452e+00 -2.478383672423660825e-02
-1.220597186684608593e+00 -2.999739837832748890e-02
-1.391896262764930725e+00 -3.606148553080856800e-02
-1.560690894722938538e+00 -4.332299721427262246e-02
-1.725580421090126215e+00 -5.019223880954087197e-02
-1.889156165719032554e+00 -5.673019480891525884e-02
