2.093938767910003662e+00 5.370337168872356237e+00
1.909636402130126864e+00 5.375347038358450291e+00
1.729755735397338956e+00 5.380409559607505443e+00
1.543458032608032049e+00 5.387395159900188801e+00
1.356414270401000932e+00 5.393110084533691229e+00
1.162008905410766513e+00 5.397592657804489491e+00
9.719252109527587447e-01 5.401794600486755193e+00
7.821757793426513672e-01 5.403893551230430248e+00
5.969521045684813565e-01 5.404766115546226324e+00
4.144701480865478072e-01 5.404107540845870972e+00
2.358122348785398614e-01 5.403519782423972906e+00
5.920357704162571011e-02 5.402929455041885376e+00
9.725072790682315116e+00 3.641836047172546387e+00
9.740822762250900269e+00 3.673162931203842074e+00
9.753596097230911255e+00 3.702941709756851107e+00
9.758514523506164551e+00 3.732244384288788019e+00
9.761846220493316295e+00 3.757372164726257235e+00
9.759358543157578225e+00 3.777837228775024592e+00
9.751975381374359486e+00 3.794662225246429266e+00
9.742171999812125449e+00 3.808677697181701571e+00
9.731638774275779724e+00 3.818866753578185946e+00
9.720845288038253429e+00 3.827076482772826971e+00
9.709667984396219254e+00 3.832973718643188477e+00
9.697496236860752461e+00 3.837230658531189054e+00
1.013971762657165598e+01 3.643930363655090154e+00
9.991947078704834340e+00 3.696001839637756525e+00
9.845295906066894531e+00 3.745787310600280584e+00
9.692008066177368875e+00 3.794338083267212003e+00
9.537835502624512074e+00 3.838302302360534490e+00
9.376567268371582387e+00 3.877478146553039462e+00
9.217073345184326527e+00 3.913975811004638761e+00
9.057578849792481179e+00 3.946562862396240323e+00
8.901726341247558238e+00 3.976356458663940607e+00
8.748110294342041016e+00 4.003227567672729137e+00
8.597871780395507812e+00 4.028829240798950551e+00
8.449078750610350852e+00 4.053036355972290394e+00
6.948311853408813299e+00 1.638383007049560636e+00
7.429230880737304865e+00 2.198331356048583984e+00
7.890820312499999822e+00 2.733499908447265980e+00
8.338183593749999289e+00 3.235194206237792969e+00
8.778947067260741477e+00 3.697983741760253906e+00
9.217456626892090554e+00 4.125223731994628551e+00
9.629933166503906961e+00 4.520708274841308771e+00
1.003380470275878977e+01 4.892189598083495738e+00
1.042352561950683665e+01 5.241503715515136719e+00
1.080610809326172017e+01 5.570125007629394887e+00
1.117640304565429688e+01 5.880835151672363814e+00
1.153705673217773509e+01 6.177178001403809127e+00
1.529386770725250200e+00 5.198127177357673823e+00
1.669554853439330966e+00 5.196232972294092534e+00
1.801554584503173739e+00 5.194250348955392838e+00
1.924803638458251864e+00 5.193033246695994976e+00
2.045938920974731623e+00 5.188993369787931798e+00
2.162209129333496183e+00 5.182349227368831635e+00
2.269064807891845614e+00 5.173938554525375544e+00
2.371591758728027521e+00 5.164130833745002924e+00
2.470108127593994229e+00 5.151721245050429943e+00
2.566492271423340021e+00 5.136021149158477961e+00
2.660924625396728693e+00 5.119172573089599609e+00
2.752322483062743963e+00 5.101353955268860041e+00
7.845395278930664240e+00 1.646918439865112216e+00
8.260905170440674183e+00 2.096662998199462891e+00
8.659749031066894531e+00 2.526474761962890447e+00
9.047642326354980113e+00 2.929210376739502131e+00
9.429196357727050781e+00 3.300141048431396662e+00
9.808006286621093750e+00 3.642004871368408558e+00
1.016396980285644602e+01 3.958014202117920100e+00
1.051217746734619141e+01 4.254468250274658914e+00
1.084786071777343786e+01 4.532597446441650746e+00
1.117733802795410192e+01 4.793458271026612039e+00
1.149592247009277379e+01 5.039706516265869851e+00
1.180623054504394531e+01 5.274224567413329900e+00
6.765438675880431907e-01 5.822415324300527217e+00
7.790242195129394309e-01 5.830311402678489685e+00
8.744626998901368076e-01 5.837688893079757690e+00
9.614225864410400613e-01 5.845235252380371449e+00
1.046431303024291992e+00 5.849330085515975775e+00
1.126283550262451083e+00 5.850246563553810120e+00
1.198331451416015714e+00 5.848873910307884394e+00
1.266552019119262740e+00 5.845710283517837169e+00
1.331763887405395419e+00 5.839603269100189564e+00
1.395415115356445357e+00 5.829902529716491699e+00
1.457717227935791060e+00 5.818761242181063054e+00
1.518012046813964844e+00 5.806424552202225087e+00
3.420342388749122442e+00 5.688445544242858531e+00
3.396246314048767090e+00 5.634892010688782094e+00
3.369727814197540194e+00 5.583519876003265381e+00
3.335398936271667392e+00 5.537064790725708008e+00
3.299453973770141602e+00 5.492355871200561346e+00
3.257374179363250910e+00 5.449286603927612660e+00
3.212880969047546387e+00 5.408154368400573730e+00
3.166862154006957919e+00 5.367456555366516113e+00
3.120236873626708984e+00 5.326659107208252308e+00
3.073972249031066806e+00 5.283936882019043324e+00
3.028149032592773349e+00 5.243333292007446467e+00
2.981506919860839933e+00 5.203641080856323597e+00
3.687513530254364014e+00 6.230323648452758434e+00
3.545439910888672053e+00 6.323725652694702326e+00
3.404576826095580877e+00 6.413038182258605779e+00
3.257010412216186701e+00 6.498507213592529475e+00
3.108532142639160334e+00 6.576436090469360174e+00
2.953004550933838068e+00 6.647902154922485707e+00
2.799672508239746005e+00 6.714457893371582387e+00
2.646228027343750178e+00 6.775420618057251154e+00
2.494910240173339844e+00 6.832131433486938299e+00
2.345753002166747869e+00 6.884624814987182262e+00
2.197602844238280895e+00 6.934601402282714488e+00
2.050508117675780895e+00 6.981887340545654297e+00
8.597666120529174449e+00 -3.684781063348055441e-02
8.776400279998778586e+00 -8.135170806199312765e-02
8.953002452850341797e+00 -1.240718232467770687e-01
9.120672702789306641e+00 -1.634296642616391293e-01
9.286319160461426137e+00 -2.026453601196408494e-01
9.447574043273926137e+00 -2.419828759506345017e-01
9.597431373596190696e+00 -2.808272706344723812e-01
9.744911861419677024e+00 -3.193652974441647530e-01
9.892187213897704723e+00 -3.590284453704953305e-01
1.003648891448974645e+01 -4.006709681823850122e-01
1.018133258819580078e+01 -4.421989547088742700e-01
1.032248744964599574e+01 -4.836837874725461450e-01
2.012301772832870428e-01 6.961835501715541059e-03
2.484807103872299083e-01 1.271458077244460617e-02
2.912360519170761330e-01 1.814444768242538114e-02
3.259135931730270386e-01 2.386884498409927099e-02
3.588733285665511863e-01 2.627243804745376179e-02
3.862543910741805808e-01 2.630636501125991483e-02
4.081510633230209240e-01 2.411220776848495284e-02
4.274638503789902066e-01 2.017305600456893722e-02
4.451964229345321544e-01 1.382858264259994099e-02
4.621828645467758179e-01 4.442468611523508679e-03
4.786650270223617998e-01 -6.399512710049748594e-03
4.933926910161972046e-01 -1.795589816756546636e-02
