2.081095468997955500e+00 5.332916471362113775e+00
1.883974099159240634e+00 5.302181804180145619e+00
1.689824533462524370e+00 5.273074764013290228e+00
1.487310838699340776e+00 5.248014187812804821e+00
1.284120607376098455e+00 5.223757398128509699e+00
1.073383951187133700e+00 5.200652456283568981e+00
8.676850795745849609e-01 5.179173445701598766e+00
6.611652851104734552e-01 5.157028841972350897e+00
4.571545124053955078e-01 5.134903955459594549e+00
2.562107563018796164e-01 5.112354302406311390e+00
5.586781501770010649e-02 5.090941190719604492e+00
-1.422557353973390448e-01 5.070632529258728205e+00
9.752902001142501831e+00 3.646338728070259272e+00
9.796430230140686035e+00 3.681910216808319092e+00
9.836147880554198863e+00 3.715747094154357999e+00
9.867810249328613281e+00 3.748064589500427424e+00
9.897767949104309793e+00 3.775456714630126775e+00
9.922122144699097035e+00 3.798145651817321777e+00
9.940100145339965110e+00 3.817040729522704900e+00
9.955260753631591797e+00 3.833010411262512296e+00
9.967623758316040750e+00 3.845053219795226962e+00
9.979333281517028809e+00 3.852629113197326483e+00
9.990416479110717063e+00 3.857923388481140137e+00
1.000007774829864537e+01 3.861610817909240545e+00
1.031101385951042104e+01 3.502925747632980258e+00
1.033422657251358068e+01 3.421060252189636053e+00
1.035560348629951477e+01 3.342637991905212491e+00
1.036957765817642141e+01 3.270455598831176758e+00
1.038205722570419276e+01 3.201330804824829013e+00
1.038880941867828334e+01 3.134231853485107244e+00
1.039099026918411184e+01 3.069544553756713867e+00
1.039148409366607595e+01 3.006610059738159091e+00
1.039150346517562795e+01 2.943804502487182617e+00
1.039108129739761388e+01 2.880132961273193182e+00
1.039115562438964879e+01 2.818544054031371981e+00
1.038997708559036326e+01 2.759047365188598722e+00
7.033623886108398615e+00 1.468652534484863326e+00
7.599699211120605646e+00 1.868599033355712979e+00
8.144611167907715554e+00 2.250800895690917791e+00
8.674095535278320668e+00 2.608951759338379084e+00
9.196617126464843750e+00 2.938496780395507990e+00
9.717541503906250711e+00 3.241895484924316673e+00
1.020911102294921946e+01 3.522098541259765625e+00
1.069087677001953196e+01 3.784750366210937855e+00
1.115621337890625142e+01 4.030799674987793679e+00
1.161311035156250071e+01 4.261124229431151988e+00
1.205645370483398438e+01 4.478322792053223367e+00
1.248931884765625000e+01 4.684979820251465199e+00
1.648341250419616655e+00 5.197922259569168091e+00
1.907246303558349787e+00 5.195834877341985347e+00
2.153398942947387873e+00 5.193667564541101456e+00
2.389955520629882812e+00 5.192278464883566258e+00
2.623895454406738104e+00 5.188078923523425701e+00
2.853884029388427557e+00 5.181286382675170721e+00
3.068301391601562678e+00 5.172737580537796198e+00
3.276815414428710938e+00 5.162799462676048279e+00
3.478223228454589755e+00 5.150266122817993342e+00
3.675730514526367454e+00 5.134448230266571045e+00
3.868313789367675781e+00 5.117487591505050837e+00
4.055939865112304865e+00 5.099560821056366322e+00
7.877932357788085760e+00 1.710054636001586914e+00
8.325919818878173118e+00 2.219316387176514027e+00
8.756298923492431996e+00 2.706030368804931641e+00
9.173101043701171520e+00 3.162222576141357600e+00
9.583437156677245383e+00 3.582774829864502131e+00
9.991276168823242543e+00 3.970758342742920277e+00
1.037489395141601634e+01 4.329699802398682351e+00
1.075031280517578125e+01 4.666682910919189631e+00
1.111242942810058665e+01 4.983243656158447443e+00
1.146788406372070312e+01 5.280687427520752486e+00
1.181184387207031250e+01 5.561737537384033203e+00
1.214690399169921875e+01 5.829634189605712891e+00
7.359929323196411355e-01 5.783044436573982594e+00
8.978132486343384233e-01 5.753826355934142711e+00
1.057640838623046919e+00 5.725720423460006536e+00
1.210583496093750044e+00 5.700045204162597301e+00
1.361280298233032315e+00 5.673301970958709362e+00
1.507355403900146662e+00 5.645556712150574086e+00
1.641408157348632768e+00 5.617503380775451305e+00
1.773006820678711071e+00 5.589152431488036754e+00
1.903360366821289062e+00 5.559152579307555797e+00
2.031036281585693715e+00 5.526708483695983887e+00
2.158588790893555043e+00 5.493931055068969727e+00
2.282962226867676137e+00 5.460837650299072088e+00
3.482688498497009455e+00 5.721758455038070679e+00
3.520824611186981201e+00 5.699608382582664667e+00
3.554012584686279119e+00 5.678259891271591364e+00
3.579195737838745117e+00 5.659187388420105158e+00
3.602703380584716619e+00 5.639070320129394354e+00
3.620584416389465154e+00 5.617483592033385875e+00
3.632058918476104736e+00 5.595162951946258900e+00
3.641264247894286932e+00 5.572223818302154186e+00
3.649185371398925959e+00 5.547585499286651789e+00
3.656529140472412287e+00 5.520763707160949885e+00
3.664218783378601074e+00 5.493334865570068004e+00
3.670676875114440740e+00 5.466102004051208496e+00
3.796933916211128412e+00 6.239593601226806285e+00
3.764080893993377863e+00 6.341021442413330433e+00
3.728507399559020996e+00 6.438250041007995250e+00
3.685538685321807950e+00 6.530388665199279963e+00
3.639309382438659757e+00 6.613919019699096680e+00
3.586859297752380549e+00 6.689611101150513051e+00
3.531605720520019531e+00 6.759827661514282049e+00
3.474785542488098233e+00 6.824246311187744496e+00
3.417270040512085050e+00 6.882797527313232244e+00
3.360302448272705078e+00 6.937042713165283203e+00
3.302133893966674894e+00 6.986734294891357777e+00
3.243493223190307528e+00 7.032408428192138850e+00
8.451020345091819763e+00 1.866518761962652345e-02
8.483377039432525635e+00 2.649231683462858339e-02
8.511799156665802002e+00 3.380388300865888596e-02
8.532249081134796853e+00 4.133147131651640493e-02
8.551042914390563965e+00 4.609932433813810487e-02
8.564149165153503773e+00 4.764132332056760649e-02
8.572402179241180420e+00 4.685099851340055604e-02
8.577968764305115457e+00 4.423710834234952788e-02
8.582356607913970592e+00 3.865155708044767935e-02
8.586227798461914418e+00 2.944720219820737978e-02
8.588905525207518821e+00 1.877813246101141254e-02
8.590179371833801980e+00 7.385067455470561808e-03
1.148139268159866222e-01 -1.122826230712235113e-02
7.580605447292328158e-02 -2.262296867556870192e-02
3.560142219066619873e-02 -3.308780384249985357e-02
-1.206568777561189965e-02 -4.108223509974778115e-02
-6.108871996402742699e-02 -5.015347790904343267e-02
-1.163552194833755715e-01 -6.093948078341782093e-02
-1.741502195596695279e-01 -7.320599150843919156e-02
-2.334731251001358476e-01 -8.665373516269028742e-02
-2.920991092920303678e-01 -1.025163073558360421e-01
-3.501580864191055631e-01 -1.191048998851329116e-01
-4.067166954278945701e-01 -1.348471422214061188e-01
-4.635129123926162720e-01 -1.497097392100840973e-01
