2.012156701087951749e+00 5.355916795134544550e+00
1.746222162246704013e+00 5.346809697151184260e+00
1.480173921585083097e+00 5.339287817478179932e+00
1.208346223831176625e+00 5.334981039166450500e+00
9.361502170562743252e-01 5.330199432373047053e+00
6.558437824249265802e-01 5.325405526161193670e+00
3.836571216583251065e-01 5.320972022414207636e+00
1.129461765289305752e-01 5.314918863773345770e+00
-1.508746623992922586e-01 5.308058321475982666e+00
-4.106000423431397373e-01 5.300038671493529918e+00
-6.644771099090576172e-01 5.292448204755783259e+00
-9.148608684539798475e-01 5.285227471590042470e+00
9.760275900363922119e+00 3.600941079854965032e+00
9.811164772510528209e+00 3.593717089295387357e+00
9.857357335090636496e+00 3.586866246163844973e+00
9.895427525043487549e+00 3.581091240048408508e+00
9.931763148307799938e+00 3.573498561978340149e+00
9.962546873092652078e+00 3.563552346825599848e+00
9.987695765495299582e+00 3.552067273855209262e+00
1.000985231399536168e+01 3.539357233047485174e+00
1.003034555912017822e+01 3.524194502830505282e+00
1.005004515647888219e+01 3.505873715877533048e+00
1.007003324031829905e+01 3.486532044410705744e+00
1.008834972381591832e+01 3.466946053504943670e+00
1.032789209485054016e+01 3.604580274224281400e+00
1.036795237064361608e+01 3.618542551994323730e+00
1.040378766059875559e+01 3.631944328546524048e+00
1.043163659572601354e+01 3.645130968093872159e+00
1.045779740810394287e+01 3.655244630575180231e+00
1.047832593917846644e+01 3.661755168437957675e+00
1.049367306232452357e+01 3.665589976310729803e+00
1.050618445873260498e+01 3.667342340946197599e+00
1.051597561836242711e+01 3.665898621082305908e+00
1.052515735626220739e+01 3.660636836290359408e+00
1.053392047882080007e+01 3.653718394041061579e+00
1.054121563434600795e+01 3.645868486166000455e+00
7.005884075164795277e+00 1.622711753845214933e+00
7.544270133972167613e+00 2.167886829376220792e+00
8.061480712890624289e+00 2.688759803771972656e+00
8.563890647888182883e+00 3.177069664001464844e+00
9.059454154968261008e+00 3.627435302734375089e+00
9.553268814086914418e+00 4.043128013610839844e+00
1.001859207153320241e+01 4.427863502502441762e+00
1.047453727722168004e+01 4.789197349548340199e+00
1.091481094360351634e+01 5.128869056701660156e+00
1.134707565307617116e+01 5.448312187194824574e+00
1.176581573486328125e+01 5.750290870666503906e+00
1.217392730712890625e+01 6.038259315490723367e+00
1.543337285518646240e+00 5.187804439663887379e+00
1.697430253028869629e+00 5.176179185509681702e+00
1.842046833038330167e+00 5.164893069863319752e+00
1.977987718582153498e+00 5.154966342449188055e+00
2.111761283874511896e+00 5.143099826574325739e+00
2.240773487091064275e+00 5.129181385040283203e+00
2.359807872772216708e+00 5.113999199867248713e+00
2.475565052032470792e+00 5.097798991203307928e+00
2.586924648284912198e+00 5.079325461387634633e+00
2.695927906036376775e+00 5.057853150367736639e+00
2.806798171997070490e+00 5.035513377189635875e+00
2.914796829223632812e+00 5.012427687644958496e+00
7.839249467849731090e+00 1.624963808059692427e+00
8.248625087738037820e+00 2.054011821746826172e+00
8.641555976867675071e+00 2.464036464691162109e+00
9.021559143066406605e+00 2.848563671112060547e+00
9.395257949829101562e+00 3.202592372894287109e+00
9.766152381896972656e+00 3.528747081756591797e+00
1.011459693908691371e+01 3.830133152008056818e+00
1.045533657073974609e+01 4.112782382965088246e+00
1.078376922607421839e+01 4.377798175811767223e+00
1.110611763000488317e+01 4.626176929473876598e+00
1.141781539916992116e+01 4.860550785064697621e+00
1.172143058776855540e+01 5.083679294586181285e+00
7.007502317428588867e-01 5.763041770458221080e+00
8.273923873901367632e-01 5.714967525005340221e+00
9.521095514297486240e-01 5.668833923339843928e+00
1.070554637908935458e+00 5.626326739788055420e+00
1.187430191040039107e+00 5.584375262260437012e+00
1.299462699890136630e+00 5.542495036125183461e+00
1.402272415161132990e+00 5.501283693313598455e+00
1.502957344055175781e+00 5.460511207580566406e+00
1.602590179443359464e+00 5.418728280067443670e+00
1.700072002410888627e+00 5.375067996978759588e+00
1.799533271789550914e+00 5.331620454788208008e+00
1.896342277526855469e+00 5.288292884826660156e+00
3.403424835205078214e+00 5.728474754095077337e+00
3.362442135810852051e+00 5.712655997276305797e+00
3.319792139530181707e+00 5.697360637784004034e+00
3.269646024703979581e+00 5.684513628482818604e+00
3.218155550956725897e+00 5.670594000816345570e+00
3.160401582717895508e+00 5.655948859453201472e+00
3.100927400588989080e+00 5.641071629524231135e+00
3.039944934844970525e+00 5.625159299373626354e+00
2.979727458953857600e+00 5.607141828536986949e+00
2.920101356506347834e+00 5.588502013683319447e+00
2.861688804626465021e+00 5.570808410644531250e+00
2.802994346618652433e+00 5.552693140506744562e+00
3.802332600951194852e+00 6.125772440433502553e+00
3.774868375062942594e+00 6.119903317838907064e+00
3.745721650123596369e+00 6.114158797264098943e+00
3.709034037590027033e+00 6.110123518109321417e+00
3.670975184440612882e+00 6.104936727881431935e+00
3.626761817932128817e+00 6.097263580560683849e+00
3.579528808593750000e+00 6.087894710898399175e+00
3.530668067932128729e+00 6.077182424068451105e+00
3.482217597961425604e+00 6.063914692401885631e+00
3.434159159660339355e+00 6.049796104431152344e+00
3.386675024032592685e+00 6.035531115531921564e+00
3.338796472549438565e+00 6.021990287303924383e+00
8.457407498359680531e+00 -3.373657353222370148e-03
8.496139621734618785e+00 -1.632210481911897798e-02
8.530648767948150635e+00 -2.860864568501711447e-02
8.557183361053466442e+00 -3.944854903966188431e-02
8.582035434246062522e+00 -5.161817539483309208e-02
8.601242733001708274e+00 -6.581833232194185535e-02
8.614300751686096547e+00 -8.126276005059480945e-02
8.625542211532593484e+00 -9.771054852753878472e-02
8.635439181327820179e+00 -1.162868367508053946e-01
8.644724774360657449e+00 -1.378569470718503109e-01
8.654137897491455789e+00 -1.602897631004452927e-01
8.661933422088623047e+00 -1.833490001037716977e-01
2.438208431005478016e-01 -2.447942388243973255e-02
3.335841745138168335e-01 -4.836574387736618935e-02
4.171430677175522184e-01 -7.137418580241501609e-02
4.923206418752670288e-01 -9.227684331126512207e-02
5.655996173620223555e-01 -1.145899195689707994e-01
6.336673110723496372e-01 -1.382176775950938463e-01
6.944520324468612671e-01 -1.624380846042186022e-01
7.521121829748154131e-01 -1.871706624049693513e-01
8.070721477270126343e-01 -2.137379307765513714e-01
8.606457084417343806e-01 -2.429145951289683747e-01
9.145791858434677568e-01 -2.725836415309458860e-01
9.662418216466903687e-01 -3.025152583140879869e-01
