2.106244671344756902e+00 5.341342172026633861e+00
1.934226369857788175e+00 5.318577390909195124e+00
1.766081905364990323e+00 5.297417366504669545e+00
1.590648937225341619e+00 5.279425477981567028e+00
1.414430379867553711e+00 5.261802506446838557e+00
1.230937147140502841e+00 5.244718885421752574e+00
1.051283025741577060e+00 5.228844904899597523e+00
8.707742214202880415e-01 5.211991596221923650e+00
6.945212841033934215e-01 5.194886064529418590e+00
5.208534717559814009e-01 5.177114319801330744e+00
3.462044239044188565e-01 5.158833932876587092e+00
1.732822895050047940e-01 5.141491460800170721e+00
9.688085983693600411e+00 3.581681740283966242e+00
9.666916668415069580e+00 3.556302350759506403e+00
9.643883287906646729e+00 3.532272809743881137e+00
9.613266873359680886e+00 3.511200261116028010e+00
9.581220495700836892e+00 3.490004730224609553e+00
9.543071985244750977e+00 3.467941927909850897e+00
9.502336239814757946e+00 3.446439456939697443e+00
9.460052847862243652e+00 3.424272704124450506e+00
9.417757773399353383e+00 3.402126836776733221e+00
9.375748848915099742e+00 3.379557228088378995e+00
9.334135699272156472e+00 3.357342767715453924e+00
9.291985416412353871e+00 3.336276793479919345e+00
1.024281940460205043e+01 3.611509931087494074e+00
1.019796234369277954e+01 3.632004660367965876e+00
1.015165065526962351e+01 3.651427233219146640e+00
1.009792379140853846e+01 3.670787405967712580e+00
1.004286813735961914e+01 3.687146073579788297e+00
9.981520175933837891e+00 3.700238704681396484e+00
9.917879152297974343e+00 3.712455618381500067e+00
9.852794504165649059e+00 3.722120928764343084e+00
9.788594532012940164e+00 3.730170953273773016e+00
9.725057363510131836e+00 3.736005139350891291e+00
9.663289976119994407e+00 3.741594052314758390e+00
9.600958061218261008e+00 3.746877682209015070e+00
6.944601345062255682e+00 1.465337657928466708e+00
7.421816539764404475e+00 1.862159252166748047e+00
7.880514717102050426e+00 2.241373443603515980e+00
8.326404571533203125e+00 2.597054290771484197e+00
8.765700340270996094e+00 2.924306488037109464e+00
9.202760696411132812e+00 3.225574302673340110e+00
9.614710426330566051e+00 3.503793716430664062e+00
1.001804733276367188e+01 3.764573097229003906e+00
1.040724945068359375e+01 4.008843231201172586e+00
1.078932571411132812e+01 4.237474250793457742e+00
1.115949668884277379e+01 4.453061866760254617e+00
1.152070121765136790e+01 4.658172416687012429e+00
1.611019015312194824e+00 5.149031335115433095e+00
1.832669591903686612e+00 5.100855427980422796e+00
2.051695442199707120e+00 5.054624652862548473e+00
2.264055919647216975e+00 5.011979925632476629e+00
2.473916530609130859e+00 4.969484686851501465e+00
2.679740142822265803e+00 4.927099084854125621e+00
2.871837997436523793e+00 4.885417294502258478e+00
3.061427307128906428e+00 4.844200706481933238e+00
3.250805091857910334e+00 4.801996636390685858e+00
3.436484909057617276e+00 4.757935476303100764e+00
3.622273254394531516e+00 4.714106559753417969e+00
3.803945732116699396e+00 4.670409774780273082e+00
7.925946807861327770e+00 1.715128850936889826e+00
8.421862125396728516e+00 2.229173946380615057e+00
8.898562049865722301e+00 2.720461082458496271e+00
9.360942459106444957e+00 3.180732250213623047e+00
9.816655540466308949e+00 3.605070590972900391e+00
1.027030944824218750e+01 3.996572971343994141e+00
1.069682426452636648e+01 4.358790111541748225e+00
1.111446342468261683e+01 4.698865604400634943e+00
1.151754951477050781e+01 5.018368244171142578e+00
1.191326866149902486e+01 5.318612384796142400e+00
1.229648246765136754e+01 5.602326679229736150e+00
1.267030563354492223e+01 5.872778415679931641e+00
7.097105979919433594e-01 5.818801048398017706e+00
8.452970027923584206e-01 5.823290010541677830e+00
9.728915214538573775e-01 5.827410086989402771e+00
1.091762876510620206e+00 5.831911507248878301e+00
1.208461856842041104e+00 5.833548796176910578e+00
1.320260334014892623e+00 5.832181164622307179e+00
1.422843074798584073e+00 5.828682321310043157e+00
1.521184158325195490e+00 5.823511507362127304e+00
1.615636920928955167e+00 5.815500478446483434e+00
1.708024120330810636e+00 5.803987330943345846e+00
1.799211883544922008e+00 5.791121867299080073e+00
1.887572383880615323e+00 5.777124467492103399e+00
3.460328999161720098e+00 5.784255290031433461e+00
3.476146548986434937e+00 5.821019750833511530e+00
3.488925480842590243e+00 5.856380879878997803e+00
3.493854415416717707e+00 5.890127098560332897e+00
3.497196525335311890e+00 5.919088339805602672e+00
3.494719421863555997e+00 5.943628787994384766e+00
3.487102961540222257e+00 5.964247322082519176e+00
3.477240198850631625e+00 5.981843996047973455e+00
3.466649326682090582e+00 5.995430159568786443e+00
3.455799305438995273e+00 6.007556509971618830e+00
3.443917971849441706e+00 6.017601919174194514e+00
3.430639587342739105e+00 6.025777721405029652e+00
3.748450690507888705e+00 6.189987325668335316e+00
3.667202973365783603e+00 6.245135486125946045e+00
3.585890889167785645e+00 6.298070156574249623e+00
3.496850538253784002e+00 6.348602938652038397e+00
3.406611871719360529e+00 6.393706727027892889e+00
3.309795856475830078e+00 6.434893298149108709e+00
3.212986755371093572e+00 6.473262882232665660e+00
3.115214633941650213e+00 6.507617068290710627e+00
3.019281864166259766e+00 6.539086914062499645e+00
2.924557685852050781e+00 6.567553615570068004e+00
2.831944370269775302e+00 6.594673204421996893e+00
2.739505386352538707e+00 6.620315265655517756e+00
8.532560396194458718e+00 -3.912365902215242386e-02
8.646307897567748313e+00 -8.577297199517489035e-02
8.758134031295776722e+00 -1.305442439392208998e-01
8.862804031372069957e+00 -1.718224870041012986e-01
8.968693876266479847e+00 -2.130493031814694460e-01
9.069641256332397816e+00 -2.542559968307614437e-01
9.161851787567139027e+00 -2.948403464630246495e-01
9.251902866363526101e+00 -3.350209342315793037e-01
9.341468524932860618e+00 -3.762422190979123338e-01
9.429052734375000355e+00 -4.193678962066769711e-01
9.517325782775879262e+00 -4.623068438842892758e-01
9.603233146667481179e+00 -5.051483260467648506e-01
8.938324749469755970e-02 -1.706883800216019154e-02
2.499116361141204279e-02 -3.396932673640549322e-02
-3.960975706577302136e-02 -5.027858209796250144e-02
-1.114854961633682251e-01 -6.406368208117783902e-02
-1.846098333597183672e-01 -7.864445638842881836e-02
-2.641731888055801614e-01 -9.391135168261827149e-02
-3.444924980401993242e-01 -1.087833542842417955e-01
-4.260708481073379739e-01 -1.246907610911875963e-01
-5.068638950586319414e-01 -1.408990044612437598e-01
-5.867087990045547485e-01 -1.578166384715586901e-01
-6.650361210107803567e-01 -1.756093878764659333e-01
-7.434446483850479792e-01 -1.938223023433238434e-01
