1.934294056892394975e+00 5.388662345707416534e+00
1.590638923645019354e+00 5.411118972301482977e+00
1.255466508865356490e+00 5.435663789510726929e+00
9.150370121002195933e-01 5.461674284934997736e+00
5.745460987091064453e-01 5.485582840442657648e+00
2.254501819610594815e-01 5.507277059555053533e+00
-1.124845027923586649e-01 5.527502083778381703e+00
-4.470883846282962537e-01 5.544727277755737482e+00
-7.729360103607181287e-01 5.559948635101318537e+00
-1.093624448776245206e+00 5.572948551177978160e+00
-1.407891798019409446e+00 5.585354351997375844e+00
-1.717884016036987482e+00 5.597066998481750488e+00
9.704642002470791340e+00 3.527755802869796842e+00
9.699998384527862783e+00 3.451541507244110019e+00
9.693542901426553726e+00 3.378577256202697665e+00
9.679372620582579856e+00 3.311511445045471014e+00
9.663698211312294006e+00 3.247435021400451483e+00
9.642060190439224243e+00 3.185040950775146484e+00
9.617105138301848655e+00 3.125072097778320401e+00
9.590558648109436035e+00 3.066591978073120117e+00
9.563459599018097279e+00 3.008011770248413264e+00
9.536384999752044678e+00 2.948362302780151545e+00
9.509978866577148082e+00 2.889703941345215021e+00
9.482931995391846058e+00 2.832829856872558505e+00
1.028888316005468440e+01 3.597309552133083344e+00
1.029000577405095029e+01 3.604417861998081118e+00
1.028838970363140071e+01 3.611042192578315824e+00
1.027902505323290860e+01 3.618511414527893155e+00
1.026813632845878566e+01 3.623811513185501099e+00
1.025131304860115122e+01 3.626162880659103305e+00
1.023095983862876857e+01 3.626125934720039190e+00
1.020841861367225611e+01 3.624223253130912870e+00
1.018551956415176463e+01 3.619312345981597900e+00
1.016257300376892125e+01 3.610750177502632052e+00
1.014004275798797572e+01 3.600692027062177836e+00
1.011680976152420008e+01 3.591197223961353213e+00
6.866645860671996893e+00 1.582670307159423917e+00
7.266047954559326172e+00 2.090099239349365590e+00
7.649291419982910512e+00 2.575060844421386719e+00
8.021923255920409446e+00 3.029748344421387074e+00
8.388283538818360086e+00 3.448903846740722923e+00
8.751780128479003551e+00 3.835589218139648704e+00
9.092908477783202770e+00 4.193322181701660156e+00
9.426453018188476918e+00 4.529164695739746449e+00
9.747900772094727273e+00 4.844640922546386896e+00
1.006338272094726527e+01 5.141052436828613459e+00
1.036827392578124929e+01 5.421120643615722656e+00
1.066457557678222656e+01 5.688075065612792969e+00
1.463357597589492798e+00 5.201884474605321884e+00
1.537616837024688765e+00 5.203532195836305441e+00
1.606270360946655318e+00 5.204935870319604696e+00
1.666651487350463867e+00 5.207836645841598333e+00
1.725200510025024503e+00 5.207619200646877111e+00
1.778377366065978959e+00 5.204527728259563446e+00
1.824929285049438521e+00 5.199423889070748928e+00
1.868131351470947221e+00 5.192737916111946461e+00
1.909055423736572443e+00 5.183289551734924672e+00
1.948846817016601562e+00 5.170408222079276861e+00
1.987548780441284357e+00 5.156241184473037364e+00
2.024372482299804599e+00 5.141543638706207453e+00
7.774639534950256170e+00 1.640734386444091752e+00
8.119522666931151988e+00 2.084649372100829900e+00
8.449936676025391336e+00 2.508887767791748047e+00
8.769874572753906250e+00 2.906678676605224609e+00
9.083773040771484730e+00 3.273019504547119318e+00
9.394395446777343395e+00 3.610617351531982600e+00
9.685283279418944957e+00 3.922655773162841975e+00
9.969397163391112926e+00 4.215361118316650391e+00
1.024285717010497976e+01 4.489915943145751598e+00
1.051117763519287074e+01 4.747374820709229226e+00
1.077010269165038991e+01 4.990386676788330256e+00
1.102177543640136648e+01 5.221800327301025391e+00
7.899775743484497292e-01 5.826890194416046498e+00
1.005684471130371183e+00 5.839004638791084112e+00
1.212406253814697354e+00 5.850415146350860240e+00
1.409963512420654208e+00 5.861737444996833801e+00
1.605085849761962891e+00 5.869621241092682240e+00
1.795947647094726651e+00 5.874059283733368275e+00
1.974096965789795100e+00 5.875964838266372503e+00
2.146996498107910156e+00 5.875895935297012151e+00
2.313830184936523260e+00 5.872724550962447942e+00
2.477354240417480646e+00 5.865818220376968206e+00
2.636664199829101829e+00 5.857335296273231684e+00
2.791760444641113281e+00 5.847539636492729009e+00
3.504419183731079190e+00 5.762453803420067189e+00
3.564246439933776767e+00 5.778666430711746571e+00
3.619195604324340731e+00 5.794295325875282288e+00
3.666614842414856135e+00 5.809779542684554876e+00
3.712260079383850275e+00 5.821781253814696910e+00
3.752428555488586337e+00 5.830046600103377941e+00
3.786547255516052424e+00 5.835988670587539673e+00
3.817531037330627264e+00 5.839730352163314819e+00
3.845254993438720792e+00 5.840173697471618297e+00
3.872061061859130682e+00 5.836708188056945801e+00
3.897078943252563654e+00 5.831498575210571467e+00
3.920527076721191495e+00 5.824845910072326660e+00
3.814044423401355743e+00 6.177276673913001837e+00
3.798270708322525113e+00 6.219959574937820257e+00
3.780360442399978815e+00 6.260595417022704723e+00
3.754823815822601496e+00 6.299545061588287531e+00
3.727834498882293790e+00 6.333764934539795277e+00
3.694780325889587491e+00 6.363782429695129750e+00
3.658913850784301758e+00 6.390639328956604359e+00
3.621188759803771973e+00 6.414125204086303711e+00
3.582210636138916104e+00 6.433297848701476696e+00
3.543461394309997736e+00 6.449030828475952326e+00
3.505744171142578303e+00 6.464036631584167303e+00
3.467154335975647150e+00 6.478221583366393865e+00
8.504624325037003274e+00 6.352082621306182064e-02
8.590487003326416016e+00 1.136325014755129870e-01
8.671265792846678977e+00 1.613706959411501940e-01
8.743677735328674316e+00 2.067413104698062054e-01
8.812558984756469371e+00 2.464328182861209027e-01
8.876151990890502219e+00 2.809809817001223675e-01
8.932659626007080078e+00 3.109155310317874288e-01
8.985943794250488281e+00 3.373067988082766866e-01
9.036655569076538441e+00 3.592355145141482575e-01
9.086054039001464133e+00 3.762217177078128194e-01
9.132449865341186523e+00 3.904681576415896527e-01
9.176777982711792347e+00 4.024757755920291280e-01
1.278447151184081976e-01 7.078359602019190788e-03
1.018438428640365545e-01 1.294095697812736034e-02
7.413973510265349509e-02 1.842841613106429785e-02
3.888269364833830954e-02 2.547550308518111914e-02
2.216634154319746530e-03 3.002438354305923124e-02
-4.059273302555085894e-02 3.186647105030715466e-02
-8.578309118747712292e-02 3.135546254925429543e-02
-1.326342493295669667e-01 2.900525438599288464e-02
-1.804718405008316484e-01 2.366983848623931477e-02
-2.279290825128555409e-01 1.710194754414260526e-02
-2.742347389459610096e-01 1.089256512932479382e-02
-3.213808208703994862e-01 3.712438372895121661e-03
