2.012129855155945002e+00 5.391631165146828053e+00
1.746168375015258789e+00 5.416924339532852350e+00
1.487622976303100586e+00 5.443337941169739125e+00
1.223257017135620073e+00 5.470743405818939031e+00
9.584668636322020152e-01 5.495749425888061701e+00
6.856856822967527521e-01 5.518683445453643976e+00
4.201794147491453302e-01 5.540061652660369873e+00
1.562277317047118252e-01 5.558375489711761652e+00
-1.010310649871826172e-01 5.574629521369933727e+00
-3.543069362640380859e-01 5.588612437248229980e+00
-6.019233226776123935e-01 5.601953363418578746e+00
-8.463328838348389560e-01 5.614551401138305309e+00
9.657343930006026866e+00 3.659794366359710782e+00
9.605488705635071511e+00 3.708050221204757690e+00
9.551945161819457297e+00 3.754014146327972590e+00
9.491153883934021707e+00 3.798689520359039395e+00
9.429064869880676270e+00 3.838205981254577459e+00
9.360626077651977184e+00 3.873368954658508390e+00
9.289624309539794567e+00 3.903876042366027921e+00
9.217306232452392223e+00 3.930807805061340421e+00
9.146084117889405007e+00 3.955236768722534269e+00
9.075645446777343750e+00 3.977001309394836426e+00
9.006712579727173207e+00 3.997745037078857422e+00
8.937893438339234109e+00 4.017352437973022106e+00
1.029620141237974096e+01 3.573095685243606656e+00
1.030462888181209635e+01 3.557378044724464505e+00
1.031001385450363195e+01 3.542179352045059293e+00
1.030770074427127803e+01 3.529181140661239446e+00
1.030383215844631195e+01 3.514939939975738614e+00
1.029409055411815643e+01 3.498998939990997314e+00
1.028050630986690450e+01 3.481933999061584295e+00
1.026464926600456273e+01 3.463956403732299627e+00
1.024689681529998708e+01 3.443796885013580500e+00
1.022900812625885081e+01 3.420719695091247736e+00
1.021150497198104823e+01 3.397322428226471125e+00
1.019294561147689748e+01 3.373904967308044345e+00
6.988518857955932972e+00 1.590263223648071378e+00
7.509571456909180043e+00 2.104849815368652344e+00
8.010411643981933949e+00 2.596654605865478693e+00
8.498080444335936789e+00 3.057324790954589755e+00
8.978967857360839133e+00 3.482033920288086115e+00
9.457933616638182883e+00 3.873880767822265980e+00
9.909201431274414773e+00 4.236418724060058594e+00
1.035127182006835866e+01 4.576797294616699929e+00
1.077807540893554616e+01 4.896579933166504084e+00
1.119710159301757812e+01 5.197090339660644709e+00
1.160316543579101634e+01 5.481057929992675604e+00
1.199904899597168040e+01 5.751753425598145064e+00
1.564436769485473722e+00 5.259404981136322377e+00
1.739590740203857511e+00 5.315276169776916859e+00
1.906550168991088867e+00 5.368520820140838978e+00
2.064507198333740412e+00 5.419010591506958185e+00
2.220199394226074041e+00 5.462967824935913264e+00
2.371322059631347567e+00 5.500933504104613903e+00
2.510227680206298828e+00 5.534049367904662731e+00
2.644690322875976385e+00 5.563443899154663086e+00
2.774209690093994318e+00 5.588221669197082520e+00
2.901060962677002308e+00 5.607919883728027521e+00
3.025045585632324396e+00 5.624746274948120295e+00
3.145261573791503729e+00 5.639224910736084340e+00
7.784160971641540527e+00 1.610586500167846769e+00
8.138548469543456676e+00 2.026081371307372869e+00
8.478268623352050781e+00 2.423148250579834073e+00
8.805531311035156961e+00 2.795338344573974787e+00
9.126723480224608664e+00 3.137915134429931641e+00
9.444680595397949574e+00 3.453426074981689631e+00
9.742281913757324219e+00 3.744904041290283203e+00
1.003287029266357422e+01 4.018199825286865590e+00
1.031261672973632848e+01 4.274342632293700817e+00
1.058711338043212891e+01 4.514275074005126953e+00
1.085215492248535085e+01 4.740613651275634943e+00
1.111002693176269496e+01 4.956035709381103160e+00
6.969271063804626243e-01 5.898562580347061157e+00
8.197536230087281162e-01 5.978241205215454102e+00
9.363902568817139560e-01 6.054247236251830699e+00
1.044399929046630815e+00 6.126049113273620783e+00
1.150367498397827148e+00 6.190125155448913397e+00
1.251347160339355558e+00 6.246789789199828746e+00
1.342435884475708052e+00 6.297312259674072266e+00
1.429719161987304865e+00 6.343139123916626154e+00
1.512098407745361417e+00 6.383504390716552734e+00
1.592619800567627086e+00 6.418040180206299183e+00
1.670348834991455034e+00 6.448981857299804332e+00
1.745135307312011719e+00 6.476997470855712535e+00
3.402284660935401828e+00 5.749792953580618260e+00
3.360163867473602295e+00 5.755761592090129497e+00
3.316803455352783203e+00 5.761296330392360332e+00
3.266086828708648859e+00 5.768770074844359996e+00
3.214027285575866699e+00 5.773720368742942810e+00
3.155699658393859686e+00 5.776395517587661566e+00
3.095677185058593572e+00 5.776659977436065851e+00
3.034166717529296786e+00 5.775041830539703547e+00
2.973436546325683771e+00 5.770400851964950562e+00
2.913309574127197266e+00 5.764493992924689891e+00
2.854344987869262606e+00 5.758913457393646240e+00
2.795034217834472479e+00 5.753595572710037409e+00
3.684880363941192449e+00 6.174709492921829579e+00
3.540178537368774414e+00 6.215146887302398504e+00
3.397317075729370028e+00 6.254037308692931951e+00
3.247758579254150568e+00 6.292497396469116211e+00
3.097297716140746893e+00 6.326653397083282115e+00
2.939771747589111417e+00 6.356916928291321156e+00
2.783945178985595348e+00 6.385118126869201660e+00
2.628035163879394176e+00 6.409873056411742986e+00
2.474323749542236328e+00 6.432237124443053844e+00
2.322813796997070135e+00 6.452036118507384899e+00
2.172439956665038974e+00 6.470909976959228871e+00
2.023096084594726562e+00 6.488746929168700994e+00
8.505579203367233276e+00 -2.952973116189241964e-02
8.592394948005676270e+00 -6.713499892503023425e-02
8.676628661155699973e+00 -1.032596217468381011e-01
8.752885484695434926e+00 -1.364337312057614382e-01
8.827265977859497070e+00 -1.696099983528256416e-01
8.896445178985596058e+00 -2.033342944458127188e-01
8.958292007446289062e+00 -2.369541274383664131e-01
9.018131399154663441e+00 -2.705600129440426937e-01
9.076353025436400657e+00 -3.055445061996579503e-01
9.133132171630858664e+00 -3.427334414795041306e-01
9.190273571014405007e+00 -3.800246821716428136e-01
9.245412254333496449e+00 -4.174416648223996384e-01
1.527260422706603893e-01 -3.246161234565079351e-02
1.515609726309776195e-01 -6.387258362956345359e-02
1.485797554254531805e-01 -9.334461283870042203e-02
1.378920234739780537e-01 -1.201530475635081557e-01
1.256860345602035522e-01 -1.473087687510997168e-01
1.075471967458724865e-01 -1.751971859950572363e-01
8.593659698963165838e-02 -2.033845324534923060e-01
6.268199980258941373e-02 -2.318620104808360449e-01
3.890179097652435303e-02 -2.599941630382091029e-01
1.508933007717130903e-02 -2.882620472926646360e-01
-7.900372147560119629e-03 -3.170665640849620326e-01
-3.158786594867707409e-02 -3.456514496821910254e-01
