2.005872535705566229e+00 5.287016433477401911e+00
1.733665513992309393e+00 5.213335633277893066e+00
1.459886407852172940e+00 5.144411253929138006e+00
1.175427293777465687e+00 5.082510590553283691e+00
8.816222667694091353e-01 5.024256777763366877e+00
5.795094013214110440e-01 4.969296813011169434e+00
2.864712238311766246e-01 4.918164014816284180e+00
-7.021665573120117188e-03 4.868025398254394176e+00
-3.018647670745853162e-01 4.819345283508300604e+00
-5.920821666717532850e-01 4.771517944335937678e+00
-8.853618144989017225e-01 4.726057767868041992e+00
-1.175637006759643555e+00 4.682979869842529119e+00
9.654085251688957925e+00 3.551792848110198797e+00
9.598977315425873513e+00 3.498237800598144709e+00
9.542103409767150879e+00 3.446864223480224698e+00
9.477891635894774680e+00 3.401539492607116522e+00
9.412399625778197887e+00 3.357287859916687101e+00
9.340522861480712535e+00 3.314884328842162997e+00
9.267548704147339222e+00 3.273185348510742276e+00
9.193167972564697976e+00 3.231952500343322932e+00
9.118455362319945579e+00 3.191720628738403231e+00
9.044586420059204102e+00 3.151935148239135565e+00
8.970865535736084695e+00 3.114125299453735174e+00
8.897068309783936257e+00 3.078400707244873136e+00
1.025382444858550990e+01 3.617180803418159396e+00
1.021995232105255091e+01 3.643021357059478937e+00
1.018467509746551514e+01 3.668093883991241366e+00
1.014190081357955897e+01 3.693358623981475741e+00
1.009775085449218679e+01 3.714639198780059992e+00
1.004739687442779505e+01 3.732762026786804022e+00
9.994851684570312145e+00 3.748507118225097745e+00
9.940683507919311879e+00 3.761503124237060458e+00
9.887081241607665660e+00 3.772712647914886475e+00
9.833956575393676403e+00 3.780413079261779608e+00
9.780802488327026367e+00 3.786729764938354670e+00
9.726996850967406516e+00 3.791380405426025391e+00
6.854918622970581410e+00 1.482901287078857377e+00
7.242614984512329102e+00 1.896279907226562589e+00
7.614372920989990412e+00 2.291323661804199219e+00
7.973362350463867543e+00 2.661825180053710938e+00
8.326140785217285512e+00 3.002834510803222834e+00
8.675951194763182883e+00 3.316888618469238548e+00
9.004864311218261363e+00 3.607010459899902433e+00
9.326401329040526988e+00 3.879026031494140714e+00
9.636192512512206321e+00 4.133954048156738281e+00
9.940217590332030895e+00 4.372730064392090554e+00
1.023402862548828196e+01 4.597968864440918679e+00
1.052018890380859517e+01 4.812336158752441584e+00
1.655038762092590376e+00 5.251399177312850775e+00
1.920629024505615234e+00 5.299723440408707020e+00
2.175006484985351651e+00 5.345752763748168768e+00
2.419731807708740412e+00 5.389487147331237793e+00
2.661811447143554776e+00 5.427173686027527033e+00
2.900005531311035334e+00 5.459311199188232600e+00
3.123394203186035334e+00 5.487001729011535822e+00
3.341085624694824396e+00 5.511274576187133789e+00
3.551403045654296875e+00 5.531193757057190297e+00
3.757669448852539062e+00 5.546267127990722301e+00
3.957654190063476740e+00 5.558693838119507014e+00
4.152506446838378551e+00 5.568952608108520330e+00
7.851418018341064453e+00 1.720086717605590731e+00
8.272940063476562855e+00 2.238805580139159979e+00
8.677275753021239879e+00 2.734561061859130948e+00
9.068445587158203480e+00 3.199354076385497958e+00
9.453265762329101207e+00 3.627890110015869141e+00
9.835393714904785867e+00 4.023293781280518289e+00
1.019438018798828161e+01 4.389142704010009943e+00
1.054555168151855504e+01 4.732646656036377131e+00
1.088411178588867223e+01 5.055389881134033203e+00
1.121641082763671804e+01 5.358718585968017756e+00
1.153753013610839773e+01 5.645367527008056996e+00
1.185044898986816442e+01 5.918633365631103871e+00
7.924938917160033736e-01 5.867104816436767400e+00
1.010712623596191406e+00 5.917128801345825195e+00
1.219877719879150391e+00 5.964783155918121693e+00
1.419171333312988281e+00 6.010036587715148926e+00
1.616020584106445446e+00 6.049133157730102184e+00
1.808619689941406428e+00 6.082581210136413397e+00
1.987842655181884854e+00 6.111491680145263672e+00
2.161491203308105291e+00 6.136916184425354359e+00
2.329052162170410334e+00 6.157927846908568981e+00
2.493291854858398438e+00 6.174041128158568981e+00
2.652565574645996183e+00 6.187457132339477361e+00
2.807538223266601740e+00 6.198664832115173162e+00
3.276320028305053533e+00 5.664003360271453680e+00
3.108464908599853693e+00 5.588774406909942982e+00
2.938943290710449130e+00 5.516970801353454412e+00
2.760961198806762606e+00 5.452324008941650035e+00
2.581434249877929688e+00 5.391658282279967906e+00
2.394558143615722834e+00 5.335120964050292791e+00
2.211665344238281428e+00 5.282519674301147106e+00
2.027832984924316406e+00 5.230994749069213690e+00
1.843442535400390492e+00 5.180999660491943715e+00
1.661781883239745961e+00 5.131920623779296697e+00
1.480709648132324086e+00 5.085269689559936523e+00
1.301193618774413974e+00 5.041064929962158381e+00
3.864873614907264887e+00 6.213086134195327404e+00
3.899836468696594061e+00 6.289525926113128662e+00
3.930719125270843328e+00 6.362779760360718129e+00
3.953612399101257502e+00 6.432528996467590687e+00
3.974839758872986017e+00 6.495314502716064808e+00
3.990392601490020841e+00 6.550779676437377574e+00
3.999952781200408758e+00 6.600185537338257191e+00
4.006985163688659313e+00 6.644958257675170898e+00
4.011457335948944269e+00 6.684323549270629883e+00
4.015411412715911510e+00 6.718487167358398793e+00
4.018358743190765026e+00 6.749074745178222479e+00
4.019800662994384766e+00 6.776656627655029297e+00
8.487009489536285756e+00 -2.459038980305194855e-03
8.555289459228514914e+00 -1.454529929906130115e-02
8.617906379699707742e+00 -2.627215851098298888e-02
8.672369718551635742e+00 -3.660116959363222261e-02
8.725025200843811390e+00 -4.898876417428255081e-02
8.772261714935302379e+00 -6.339150536805392144e-02
8.813135957717895153e+00 -7.902461159974337457e-02
8.851623916625976918e+00 -9.565051663666963855e-02
8.887971496582030895e+00 -1.145278202369809095e-01
8.923252773284911399e+00 -1.363844739273190609e-01
8.958881044387817738e+00 -1.590898739174008425e-01
8.992621088027954457e+00 -1.818742023780942074e-01
2.773843973875045887e-01 5.029443311505019804e-02
4.006501048803329801e-01 9.689596700482071279e-02
5.177120059728622659e-01 1.412782530765980538e-01
6.261429637670516968e-01 1.837114076595753598e-01
7.325266689062118752e-01 2.203010420780628920e-01
8.339258044958115512e-01 2.514190773945301771e-01
9.262009471654892856e-01 2.781606535892933718e-01
1.014700302481651217e+00 3.015376667957753165e-01
1.099598774313926608e+00 3.206070284824818484e-01
1.182596573233604564e+00 3.348714451771229728e-01
1.263580307364463806e+00 3.465286116581410281e-01
1.341697964072227522e+00 3.560511689167469851e-01
