1.986572027206420898e+00 5.323352062702179310e+00
1.695100021362304643e+00 5.283903700113296686e+00
1.402685785293579013e+00 5.249005675315856934e+00
1.099351644515991211e+00 5.219033598899841309e+00
7.950186252593993697e-01 5.190768241882324219e+00
4.822603702545165127e-01 5.164101719856262207e+00
1.790472507476805752e-01 5.139307332038879572e+00
-1.226266384124756748e-01 5.114032912254333318e+00
-4.242854595184328836e-01 5.088938951492309570e+00
-7.211989879608156073e-01 5.063563060760498225e+00
-1.013985013961792081e+00 5.039461326599121271e+00
-1.303166913986206321e+00 5.016606783866881969e+00
9.742651265859603171e+00 3.699848997592925848e+00
9.775947642326354270e+00 3.785863566398620428e+00
9.805131006240845437e+00 3.868033862113952726e+00
9.826335597038269754e+00 3.945901727676391690e+00
9.845338606834411976e+00 4.015671491622924805e+00
9.858653628826141713e+00 4.077628040313721058e+00
9.865949869155883789e+00 4.133076715469360174e+00
9.870752131938933971e+00 4.183554029464721324e+00
9.873059320449829812e+00 4.228336715698242543e+00
9.874885749816893821e+00 4.267077398300171076e+00
9.874229288101195934e+00 4.302089309692382457e+00
9.872019755840302224e+00 4.333850765228271840e+00
1.024819389879703557e+01 3.629512980580329895e+00
1.020870151519775426e+01 3.666978836059570312e+00
1.016789064407348597e+01 3.703135883808136075e+00
1.011962362527847326e+01 3.738143849372863592e+00
1.007000529766082764e+01 3.768031311035156428e+00
1.001413874626159739e+01 3.793620848655700595e+00
9.956468510627747293e+00 3.816684603691101074e+00
9.897252535820006969e+00 3.836589646339416682e+00
9.837613058090209250e+00 3.854353117942809881e+00
9.778557825088501687e+00 3.869763851165771484e+00
9.720792198181152699e+00 3.884463095664977939e+00
9.662935400009155629e+00 3.898347330093383967e+00
7.023763990402221324e+00 1.575132083892822443e+00
7.579998207092285334e+00 2.075454711914062500e+00
8.115092468261718039e+00 2.553622150421142933e+00
8.638302612304688211e+00 3.001524162292480646e+00
9.154575157165528054e+00 3.414381217956543146e+00
9.669232177734375711e+00 3.795212364196777433e+00
1.015361824035644567e+01 4.147495841979980113e+00
1.062819328308105504e+01 4.478193855285644176e+00
1.108655319213867330e+01 4.788817787170410512e+00
1.153659400939941548e+01 5.080610466003418146e+00
1.197291564941406250e+01 5.356284523010254262e+00
1.239826278686523509e+01 5.619024848937988814e+00
1.707389044761657759e+00 5.275172501802444458e+00
2.025234699249267578e+00 5.345907402038574396e+00
2.330169773101806729e+00 5.413362669944763006e+00
2.625077152252197621e+00 5.477157258987427113e+00
2.914955806732177912e+00 5.533464765548705699e+00
3.201337051391601740e+00 5.582909131050110219e+00
3.470028877258300781e+00 5.626710510253905895e+00
3.732335472106933505e+00 5.666192436218262074e+00
3.985964965820312678e+00 5.700538969039916637e+00
4.234792327880859020e+00 5.729345560073852539e+00
4.477633094787597301e+00 5.754836940765381215e+00
4.714599227905273082e+00 5.777626037597656250e+00
7.896293067932129262e+00 1.654980373382568315e+00
8.362607765197754617e+00 2.112324619293212802e+00
8.810470771789550071e+00 2.549402236938476562e+00
9.245445632934570668e+00 2.959258174896240323e+00
9.673872756958008523e+00 3.336798381805420100e+00
1.009994258880615270e+01 3.684805202484131126e+00
1.050094070434570348e+01 4.006532955169678445e+00
1.089348564147949183e+01 4.308385372161865234e+00
1.127221069335937464e+01 4.591626453399658914e+00
1.164398536682129048e+01 4.857353305816650035e+00
1.200412368774414062e+01 5.108231067657470703e+00
1.235475387573242223e+01 5.347189426422119141e+00
7.089136242866516113e-01 5.751677215099334717e+00
8.437042236328125000e-01 5.692889857292175115e+00
9.765293598175048828e-01 5.636513888835906982e+00
1.103196525573730380e+00 5.584370660781860174e+00
1.228293991088867276e+00 5.533058381080627086e+00
1.348625993728637784e+00 5.482477974891662775e+00
1.459368515014648482e+00 5.433167791366576793e+00
1.567962646484375000e+00 5.384749746322631481e+00
1.676388454437255815e+00 5.335714435577392223e+00
1.782508754730224743e+00 5.285150671005249379e+00
1.890734672546386719e+00 5.235135746002197443e+00
1.996344757080078303e+00 5.185506343841552734e+00
3.270238864421844305e+00 5.769094538688659846e+00
3.096313619613647372e+00 5.792562389373779652e+00
2.924135351181030185e+00 5.815465342998504816e+00
2.745478963851928800e+00 5.838707196712493719e+00
2.566044712066650302e+00 5.858737945556640625e+00
2.379333686828613459e+00 5.876607263088226674e+00
2.195762252807616832e+00 5.893270802497863947e+00
2.012526893615722567e+00 5.907133865356445135e+00
1.833626937866210893e+00 5.919165897369384588e+00
1.657353401184082031e+00 5.929129910469055353e+00
1.485181236267089755e+00 5.938647603988647106e+00
1.314862251281738281e+00 5.947625660896301625e+00
3.784922850131988703e+00 6.192287051677704213e+00
3.740080696344375788e+00 6.249119949340820490e+00
3.693827795982360662e+00 6.303284060955047785e+00
3.640159940719604581e+00 6.355413198471069336e+00
3.585163640975951971e+00 6.402031135559082209e+00
3.523875498771667392e+00 6.443789100646972301e+00
3.460038852691650568e+00 6.482079148292541504e+00
3.394763040542602361e+00 6.516358256340026855e+00
3.329038858413696289e+00 6.546961307525634766e+00
3.264001893997192205e+00 6.574602890014648260e+00
3.199296283721923650e+00 6.600937557220459162e+00
3.134457445144653409e+00 6.624506711959838867e+00
8.442004045844077709e+00 3.295599650591611585e-02
8.465360802412032371e+00 5.425479542464017868e-02
8.485134601593017578e+00 7.444611322134733755e-02
8.497001278400421853e+00 9.446258675307035724e-02
8.507250559329985862e+00 1.113996399566531265e-01
8.511737370491028187e+00 1.242520345374941854e-01
8.511752051115035300e+00 1.339903606101870426e-01
8.509223425388336537e+00 1.413158191367983874e-01
8.504413825273513083e+00 1.454025639221072363e-01
8.499245727062225697e+00 1.454051626846194212e-01
8.494086027145385742e+00 1.434948218986392132e-01
8.487783551216125488e+00 1.405135048553347588e-01
1.451920839026570320e-01 -4.471753956750035286e-03
1.365069329738616832e-01 -9.497229428961874095e-03
1.254448384046554510e-01 -1.447355044074356660e-02
1.067040830850601169e-01 -1.827214849181473325e-02
8.648068606853484552e-02 -2.335156393237412115e-02
6.024719178676604669e-02 -3.002526056952774594e-02
3.069604337215423029e-02 -3.846343946643174250e-02
-8.921176195144653320e-04 -4.829712701030075550e-02
-3.257386982440949041e-02 -5.928160739131271839e-02
-6.415232717990876354e-02 -7.362514925189315995e-02
-9.529272615909578636e-02 -8.723163795657457031e-02
-1.273086458444595559e-01 -1.014758248347789049e-01
