1.956805086135864347e+00 5.322683900594711304e+00
1.635620641708373846e+00 5.282279628515243353e+00
1.313217687606811346e+00 5.245951020717621205e+00
9.850958347320555308e-01 5.215058112144470570e+00
6.568579196929931197e-01 5.186249756813049672e+00
3.201086521148681641e-01 5.158909869194030939e+00
-6.025457382202059620e-03 5.133488631248473766e+00
-3.320924282073978162e-01 5.107622432708740057e+00
-6.581473827362063211e-01 5.081967115402221680e+00
-9.790362834930421698e-01 5.056056880950928090e+00
-1.300297880172729847e+00 5.031446814537048340e+00
-1.617793989181518732e+00 5.008111119270324707e+00
9.774515485763549449e+00 3.638908070325851618e+00
9.839617872238159535e+00 3.667474818229675471e+00
9.899563813209534047e+00 3.694614738225936890e+00
9.951337909698485973e+00 3.720678567886352539e+00
1.000131738185882568e+01 3.742736089229583563e+00
1.004586081504821848e+01 3.760797870159149348e+00
1.008416101932525599e+01 3.775385522842407138e+00
1.011933860778808558e+01 3.787288892269134344e+00
1.015247263908386266e+01 3.795679283142090021e+00
1.018459601402282644e+01 3.799778485298156649e+00
1.021622447967529368e+01 3.801765310764312567e+00
1.024589200019836355e+01 3.802090358734131037e+00
1.039098536968231201e+01 3.670722436904907404e+00
1.049402408599853587e+01 3.747035646438598544e+00
1.059110732078552175e+01 3.819824123382568271e+00
1.067970917224883998e+01 3.888611960411071600e+00
1.076635413169860911e+01 3.949554419517517179e+00
1.084787220954894948e+01 4.003306627273559570e+00
1.092151231765746999e+01 4.051117897033691406e+00
1.099167504310607946e+01 4.094385290145874379e+00
1.105743370056152308e+01 4.132322692871094105e+00
1.112162303924560547e+01 4.164547395706176935e+00
1.118198060989379883e+01 4.193290472030639648e+00
1.123991670608520543e+01 4.219184541702270863e+00
6.944534778594970703e+00 1.648396825790405362e+00
7.421683597564697088e+00 2.217784690856933416e+00
7.880077838897705078e+00 2.761982727050781072e+00
8.326710510253906961e+00 3.272130775451660423e+00
8.766746520996093750e+00 3.742767906188964933e+00
9.204521942138672586e+00 4.177301597595215021e+00
9.616445922851562855e+00 4.579575920104980824e+00
1.001981353759765625e+01 4.957466697692870738e+00
1.040904541015624929e+01 5.312835502624511541e+00
1.079114532470703125e+01 5.647220039367676137e+00
1.116077194213867330e+01 5.963412666320801137e+00
1.152044601440429616e+01 6.265014076232910512e+00
1.719730114936828702e+00 5.222671233117580414e+00
2.049894380569457830e+00 5.243914228677749811e+00
2.367636680603027344e+00 5.264052194356918513e+00
2.675253963470459073e+00 5.283545631170272650e+00
2.979948616027832120e+00 5.298730385303497492e+00
3.281264495849609553e+00 5.309954142570495250e+00
3.564984321594238281e+00 5.318176400661468683e+00
3.841363906860351562e+00 5.324070644378662287e+00
4.108655548095702770e+00 5.326555645465850475e+00
4.370915603637695490e+00 5.325033569335937855e+00
4.625648498535156250e+00 5.321672773361205699e+00
4.874336242675781250e+00 5.316789615154266180e+00
7.793803000450134633e+00 1.660896062850952148e+00
8.157814645767212269e+00 2.123817157745361506e+00
8.506674671173096058e+00 2.566226482391357422e+00
8.843265724182128196e+00 2.981074237823486683e+00
9.173744583129883168e+00 3.363653469085693626e+00
9.501074218750000355e+00 3.716343784332275746e+00
9.807771492004395242e+00 4.042431354522705078e+00
1.010742893218994176e+01 4.348399639129638672e+00
1.039597911834716726e+01 4.635551929473876953e+00
1.067912750244140696e+01 4.905001926422119851e+00
1.095216407775878942e+01 5.159421253204346414e+00
1.121750221252441371e+01 5.401776981353759943e+00
7.852261066436767578e-01 5.798942855000495555e+00
9.961897373199463113e-01 5.784711885452270330e+00
1.195729637145996005e+00 5.770934551954269409e+00
1.386724376678466708e+00 5.758674609661102117e+00
1.575309371948242276e+00 5.745083987712860107e+00
1.759575939178466886e+00 5.729563117027282715e+00
1.931421566009521529e+00 5.712889266014099299e+00
2.099838447570800959e+00 5.695280861854553400e+00
2.262330627441406339e+00 5.675471353530883611e+00
2.421587181091308771e+00 5.652727365493774414e+00
2.580832672119140803e+00 5.629177820682525812e+00
2.735784530639648438e+00 5.604931616783142445e+00
3.449331589043140411e+00 5.735296219587326050e+00
3.454171772301196874e+00 5.725907933712005793e+00
3.456108322739601224e+00 5.717234927415847601e+00
3.450269356369972229e+00 5.710433751344680786e+00
3.442890679091215045e+00 5.701563736796378734e+00
3.429605837911367416e+00 5.690676325559616444e+00
3.412634626030921936e+00 5.678315627574920477e+00
3.393848061561584473e+00 5.664778965711593450e+00
3.374594020843505682e+00 5.649638599157333019e+00
3.355229681730270475e+00 5.633737468719482777e+00
3.336228191852569580e+00 5.617567396163940074e+00
3.316116559505462469e+00 5.600969898700713934e+00
3.882712113857269109e+00 6.107981601357460377e+00
3.935480773448944092e+00 6.085341405868530451e+00
3.983493196964263738e+00 6.064652836322784069e+00
4.023386192321777521e+00 6.045922172069549738e+00
4.061536312103271484e+00 6.026183021068573176e+00
4.094172334671020153e+00 6.004947543144226074e+00
4.121091651916503729e+00 5.982953691482544301e+00
4.146167421340942738e+00 5.960323059558868763e+00
4.169845557212829235e+00 5.935749661922455012e+00
4.192675256729126332e+00 5.909904336929320934e+00
4.215828251838684260e+00 5.883404445648193537e+00
4.237393474578857067e+00 5.856343865394592285e+00
8.540756464004516602e+00 2.537601571530103545e-02
8.662685346603392844e+00 3.952931296080351015e-02
8.777152109146118875e+00 5.288908611983061253e-02
8.883046531677246449e+00 6.604399811476469040e-02
8.986909484863280895e+00 7.610769402235746661e-02
9.085767221450804954e+00 8.257179986685514450e-02
9.175192880630493875e+00 8.636338245123625912e-02
9.260607433319091086e+00 8.807494174689055322e-02
9.342511177062988281e+00 8.659250866621732989e-02
9.422565269470215554e+00 8.129387032240630029e-02
9.500445747375488637e+00 7.434037458151579458e-02
9.575317001342773082e+00 6.603514682501554489e-02
2.163430839776993020e-01 -5.738615584559739191e-02
2.786787599325180054e-01 -1.122929949779063463e-01
3.391422599554062001e-01 -1.649589676875621302e-01
3.909319490194320679e-01 -2.136286873836070466e-01
4.433698743581772073e-01 -2.608354706782847754e-01
4.904584974050522073e-01 -3.076001067180186843e-01
5.311936706304549727e-01 -3.533586401958018763e-01
5.700958579778672153e-01 -3.984238047618419154e-01
6.084685176610946655e-01 -4.442785401362925879e-01
6.457401126623154575e-01 -4.918147702235728946e-01
6.831962913274765015e-01 -5.389495511073619793e-01
7.189384311437606589e-01 -5.847915310878306627e-01
