1.992466115951537997e+00 5.427429986000061213e+00
1.706876611709594815e+00 5.485901951789855957e+00
1.427367448806762695e+00 5.544053149223327814e+00
1.142179346084594593e+00 5.601861286163329900e+00
8.566812992095946822e-01 5.654924464225769221e+00
5.630234241485594371e-01 5.707779717445373713e+00
2.771322727203369141e-01 5.757011222839355291e+00
-6.919240951538174755e-03 5.801619386672973278e+00
-2.850295543670657850e-01 5.842816305160522639e+00
-5.587985515594482422e-01 5.880542135238647106e+00
-8.282117366790773261e-01 5.916470098495483221e+00
-1.094141721725463867e+00 5.950454711914062500e+00
9.691370988637208583e+00 3.644937598705291659e+00
9.673480689525604248e+00 3.679188263416290461e+00
9.653623303771018627e+00 3.711856079101562678e+00
9.626158368587493186e+00 3.743749070167541326e+00
9.597249305248260143e+00 3.771734905242920100e+00
9.562259757518768666e+00 3.795484304428100586e+00
9.524543476104735618e+00 3.815952467918395818e+00
9.484935092926026101e+00 3.833407211303710760e+00
9.445467352867126465e+00 3.846858739852905273e+00
9.406236767768859863e+00 3.855775594711303711e+00
9.366667437553406472e+00 3.864297103881836115e+00
9.326570773124695179e+00 3.871000289916992188e+00
1.019877833127975464e+01 3.612543654441833674e+00
1.010996062755584646e+01 3.634012854099273770e+00
1.002130613327026332e+01 3.655203783512115390e+00
9.925550603866577504e+00 3.677536773681640447e+00
9.828651285171508434e+00 3.696733832359313965e+00
9.725120687484741566e+00 3.713720595836639493e+00
9.621893644332885742e+00 3.727677226066589355e+00
9.517899036407470703e+00 3.738984882831573486e+00
9.414586830139160867e+00 3.748592829704284757e+00
9.312610149383544922e+00 3.756249380111694514e+00
9.212088775634764914e+00 3.763571941852569491e+00
9.112178611755371804e+00 3.770471704006195246e+00
7.016415739059448597e+00 1.559684085845947310e+00
7.565314483642578303e+00 2.045444297790527166e+00
8.093249511718749289e+00 2.509689331054687500e+00
8.607061004638671520e+00 2.944980812072754084e+00
9.113983535766601918e+00 3.346131706237792880e+00
9.619181823730468039e+00 3.716082954406738637e+00
1.009531669616699290e+01 4.058238601684569957e+00
1.056184158325195455e+01 4.379375648498535334e+00
1.101238555908203054e+01 4.680941963195801137e+00
1.145474433898925781e+01 4.964112281799316406e+00
1.188341445922851491e+01 5.231583976745605824e+00
1.230197219848632884e+01 5.486459922790527521e+00
1.606164121627807528e+00 5.286638444662093761e+00
1.822969865798950151e+00 5.368182086944580433e+00
2.029991245269775479e+00 5.445971155166626332e+00
2.227711200714111328e+00 5.519440817832946600e+00
2.422986602783203214e+00 5.584966039657592418e+00
2.613999366760253906e+00 5.642977619171142933e+00
2.792109107971191495e+00 5.694753837585449396e+00
2.965187549591064453e+00 5.741764259338379084e+00
3.132194900512695668e+00 5.783252382278442738e+00
3.295889663696288885e+00 5.818857002258300604e+00
3.454680252075195579e+00 5.850815439224243519e+00
3.609130859375000000e+00 5.879807138442993519e+00
7.858848905563354137e+00 1.721371507644653409e+00
8.287788009643554332e+00 2.241301250457763850e+00
8.699712753295898438e+00 2.738214397430420277e+00
9.098147392272949219e+00 3.204090976715087802e+00
9.490196037292481179e+00 3.633632564544678090e+00
9.879592132568358664e+00 4.029970836639404475e+00
1.024511966705322230e+01 4.396689701080322976e+00
1.060270442962646520e+01 4.741014957427978516e+00
1.094749832153320312e+01 5.064538288116455789e+00
1.128592262268066371e+01 5.368609714508056463e+00
1.161305618286132812e+01 5.655964756011963246e+00
1.193152694702148509e+01 5.929907703399658558e+00
6.630885243415832742e-01 5.846076178550720037e+00
7.521380662918091264e-01 5.876276874542236683e+00
8.358231544494629794e-01 5.904978954792023060e+00
9.111258506774901900e-01 5.932499623298644664e+00
9.845316886901855913e-01 5.955135679244994762e+00
1.052686119079589755e+00 5.973284888267516912e+00
1.113553428649902255e+00 5.987953937053680065e+00
1.170974063873291060e+00 5.999934136867523193e+00
1.225701475143432528e+00 6.008192515373229625e+00
1.279046535491943359e+00 6.012166070938110174e+00
1.329259967803955167e+00 6.014033365249633611e+00
1.377007484436035156e+00 6.014167761802672985e+00
3.396733063459396185e+00 5.673110896348953602e+00
3.349070823192596524e+00 5.605278491973876953e+00
3.299636042118072599e+00 5.540399456024170277e+00
3.242003512382507502e+00 5.481803035736083629e+00
3.182920050621032892e+00 5.425748944282531738e+00
3.117506599426269620e+00 5.370798778533935725e+00
3.050710201263427734e+00 5.319674491882324219e+00
2.982483386993408203e+00 5.269543933868408025e+00
2.913722515106201172e+00 5.220871543884276988e+00
2.845702981948852628e+00 5.173051595687866211e+00
2.777969026565551669e+00 5.127536201477051137e+00
2.709968614578246893e+00 5.083872127532958807e+00
3.709308338165283381e+00 6.130653449892998097e+00
3.588989734649658203e+00 6.130235334485769627e+00
3.470638465881347834e+00 6.130678238719701412e+00
3.345406723022461115e+00 6.133110372722148540e+00
3.219161891937255771e+00 6.133954153954983113e+00
3.086047029495239347e+00 6.133378643542528152e+00
2.954543590545654297e+00 6.130780411511659977e+00
2.822552299499511363e+00 6.126459804177284418e+00
2.693399906158447266e+00 6.121242784708738505e+00
2.566026782989501598e+00 6.114787593483924866e+00
2.441089630126953125e+00 6.108685421943664373e+00
2.317308425903320312e+00 6.102873882651328685e+00
8.478992909193038940e+00 -3.850273955613375126e-02
8.539271092414855602e+00 -8.456670511513948718e-02
8.597675752639769797e+00 -1.287783371284604017e-01
8.648307418823241832e+00 -1.695253478363156485e-01
8.697149085998535867e+00 -2.101801024749875291e-01
8.740573883056640625e+00 -2.508551226928830147e-01
8.777807021141052601e+00 -2.909448729828000291e-01
8.813224029541014914e+00 -3.306585418060422055e-01
8.848271846771240234e+00 -3.714368449524045324e-01
8.882275724411011097e+00 -4.141408549621701241e-01
8.917482185363770242e+00 -4.566786872223019822e-01
8.951092672348021750e+00 -4.991035567596554534e-01
2.826699912548064075e-02 -6.962683987803756913e-02
-9.712955057621003307e-02 -1.343978900928050335e-01
-2.242306381464004850e-01 -1.964946646708995159e-01
-3.603903919458389948e-01 -2.521065850276499876e-01
-4.976827293634414895e-01 -3.053822894115001407e-01
-6.419726520776749545e-01 -3.562134165782481765e-01
-7.841567188501358254e-01 -4.043169636745005957e-01
-9.274831920862198764e-01 -4.515958924312144518e-01
-1.071601882576942444e+00 -4.975631375331431849e-01
-1.213683333992958246e+00 -5.428080697078258021e-01
-1.355709376931190535e+00 -5.858115334529430118e-01
-1.496762099862098738e+00 -6.265631337184459637e-01
