2.021828269958496183e+00 5.256543302536011097e+00
1.765548086166381925e+00 5.154370093345642445e+00
1.507683420181274325e+00 5.058434724807739258e+00
1.240817308425903320e+00 4.971334910392760875e+00
9.692780017852782315e-01 4.890255451202392578e+00
6.896175861358642134e-01 4.814641523361205877e+00
4.180399417877196377e-01 4.744280147552490057e+00
1.458508014678954190e-01 4.675989198684692205e+00
-1.276254177093507636e-01 4.610089731216430842e+00
-3.968398571014404297e-01 4.545871448516845881e+00
-6.662147045135498047e-01 4.484818267822265447e+00
-9.328788280487061435e-01 4.426976108551025746e+00
9.756030166149139760e+00 3.635953879356384366e+00
9.802680993080139515e+00 3.661735761165618719e+00
9.845426154136657004e+00 3.686213183403014959e+00
9.880098295211791282e+00 3.709913778305053533e+00
9.913052272796630149e+00 3.729623115062713712e+00
9.940427613258361106e+00 3.745052146911620916e+00
9.962260508537292836e+00 3.757189035415649414e+00
9.981408882141113992e+00 3.766778802871704190e+00
9.998981833457946777e+00 3.772769629955291748e+00
1.001581137180328440e+01 3.774584710597991943e+00
1.003112640380859411e+01 3.774398612976074041e+00
1.004478225708007777e+01 3.772908771038055331e+00
1.025993276238441432e+01 3.596958727389574229e+00
1.023215779960155558e+01 3.603736321628093542e+00
1.020274900197982859e+01 3.610044468939304529e+00
1.016579378843307424e+01 3.617399066686630249e+00
1.012743605375289846e+01 3.622421810030937106e+00
1.008292133808135915e+01 3.626099073886871249e+00
1.003587925434112549e+01 3.628259703516960144e+00
9.987101697921753285e+00 3.628431597352027804e+00
9.938732576370238547e+00 3.625488641858100713e+00
9.890753674507141824e+00 3.620537504553794861e+00
9.841590595245360618e+00 3.615866163372993380e+00
9.791886425018310192e+00 3.611416137218475431e+00
6.926030540466308949e+00 1.604545307159424006e+00
7.384708976745605113e+00 2.132595252990722834e+00
7.825269317626952770e+00 2.637271690368652166e+00
8.253735542297363281e+00 3.110000610351562500e+00
8.675684356689453480e+00 3.546562767028808683e+00
9.095205688476562855e+00 3.949426269531250089e+00
9.489509391784668679e+00 4.322219276428223012e+00
9.875386810302734020e+00 4.672278785705566762e+00
1.024763908386230504e+01 5.001239585876465554e+00
1.061305503845214915e+01 5.310486793518066406e+00
1.096666870117187642e+01 5.602765846252441229e+00
1.131107711791992188e+01 5.881431770324707209e+00
1.584027123451232866e+00 5.220240685343742193e+00
1.778735637664794922e+00 5.239192453026771723e+00
1.965093898773193404e+00 5.257139861583709717e+00
2.142293357849121005e+00 5.274582374095916570e+00
2.317126369476318448e+00 5.287863355875015436e+00
2.487532424926757635e+00 5.297364270687102916e+00
2.646130371093749822e+00 5.303982770442962291e+00
2.799988937377929865e+00 5.308363020420074463e+00
2.948337650299072354e+00 5.309412109851836981e+00
3.093693923950195490e+00 5.306523203849792480e+00
3.234518051147460938e+00 5.301862120628356934e+00
3.371404838562011896e+00 5.295731937885284069e+00
7.806161499023437145e+00 1.691280603408813477e+00
8.182509136199950461e+00 2.182844448089599432e+00
8.543207168579101562e+00 2.652638149261474787e+00
8.893368911743163352e+00 3.093124675750732244e+00
9.237358283996581321e+00 3.499097919464111417e+00
9.578327178955078125e+00 3.873531246185303090e+00
9.897984695434569602e+00 4.219859027862549183e+00
1.021044654846191335e+01 4.544934558868408914e+00
1.051142768859863352e+01 4.850199222564697266e+00
1.080680503845214879e+01 5.136890506744384410e+00
1.109205322265625071e+01 5.407711505889892578e+00
1.136912002563476598e+01 5.665797138214111683e+00
6.895870208740234597e-01 5.857378828525543035e+00
8.050868988037109819e-01 5.898234307765960693e+00
9.146114826202392800e-01 5.937123012542724787e+00
1.015561628341674849e+00 5.974250829219817760e+00
1.114503431320190474e+00 6.005804777145385742e+00
1.208400440216064631e+00 6.032242488861084162e+00
1.293872117996215820e+00 6.054627156257629039e+00
1.375699615478515714e+00 6.073891139030456188e+00
1.452782440185546919e+00 6.089058923721313299e+00
1.528098392486572310e+00 6.099609470367431285e+00
1.599940681457519664e+00 6.107733559608459650e+00
1.669217491149902477e+00 6.113866996765136896e+00
3.358364868164062322e+00 5.712544706463813959e+00
3.272404479980468572e+00 5.682429981231689631e+00
3.187142515182495028e+00 5.653951764106750488e+00
3.094754981994628729e+00 5.628992199897766113e+00
3.001205873489380060e+00 5.604488801956176935e+00
2.901025819778442205e+00 5.580466997623443781e+00
2.800999927520751775e+00 5.556376826763153254e+00
2.699700164794921697e+00 5.531767201423645197e+00
2.598956680297851651e+00 5.507303977012634633e+00
2.499497604370117365e+00 5.482528519630432307e+00
2.400456047058105113e+00 5.457732772827148082e+00
2.301939678192138850e+00 5.434225130081176580e+00
3.805893628299236386e+00 6.158545213937759222e+00
3.781983968615532099e+00 6.183658385276794789e+00
3.756288546323776067e+00 6.207496476173401057e+00
3.723024237155914129e+00 6.230839747190475286e+00
3.688341891765594571e+00 6.250145995616913197e+00
3.647537541389465510e+00 6.266101765632629217e+00
3.604263567924499423e+00 6.280366778373718262e+00
3.559206199645996271e+00 6.291965556144714533e+00
3.514448618888855069e+00 6.299862122535705211e+00
3.470019555091857999e+00 6.304071271419525502e+00
3.426330733299255193e+00 6.308114254474640248e+00
3.381986713409423917e+00 6.310613346099853693e+00
8.493871831893921254e+00 5.900766085833311636e-02
8.569001638889313099e+00 1.048648608848452568e-01
8.639371633529663086e+00 1.485355271026492230e-01
8.700953769683838601e+00 1.903022183105349541e-01
8.760495376586913352e+00 2.264431370422244072e-01
8.814673709869385476e+00 2.571441067382693735e-01
8.860914230346679688e+00 2.834973705932498089e-01
8.903822231292725320e+00 3.065078152343631013e-01
8.943122243881225231e+00 3.252294911071658134e-01
8.981306028366088157e+00 3.391629351302981599e-01
9.016295480728150125e+00 3.505052460357547250e-01
9.049365997314453125e+00 3.599062098190188852e-01
7.286521494388580045e-02 1.590030449442565719e-02
-8.014741539955155814e-03 3.007917511276900907e-02
-8.896986544132234886e-02 4.374990868382155895e-02
-1.770817190408706665e-01 5.798447537235915800e-02
-2.663695961236953735e-01 6.962347435764969228e-02
-3.622274547815322876e-01 7.952560591511428911e-02
-4.582135349512100886e-01 8.651755261234939098e-02
-5.554240852594376499e-01 9.125034618191421587e-02
-6.508115917444229348e-01 9.462138223461807884e-02
-7.450002819299698098e-01 9.634107756428421376e-02
-8.370017200708389504e-01 9.801580714993179955e-02
-9.286739498376845869e-01 9.956802534870803911e-02
