1.908217144012451127e+00 5.347027811408042730e+00
1.538533067703247159e+00 5.330642670392990112e+00
1.169168806076049671e+00 5.317235869169235407e+00
7.947971820831298828e-01 5.307596558332443593e+00
4.205044269561766246e-01 5.298684298992156982e+00
3.733220100402823149e-02 5.290362900495528820e+00
-3.331719875335696912e-01 5.282645750045776190e+00
-7.002555370330814100e-01 5.273492735624313532e+00
-1.062292051315307795e+00 5.263691651821136297e+00
-1.418544721603393732e+00 5.252872920036315563e+00
-1.766638135910034713e+00 5.242619633674621582e+00
-2.109606122970581588e+00 5.232877647876739147e+00
9.684479138255118968e+00 3.628579261898994268e+00
9.659709554910659079e+00 3.647409239411353976e+00
9.633179372549056652e+00 3.665824317932128817e+00
9.599086630344391580e+00 3.684358119964599609e+00
9.563578987121582387e+00 3.699460828304290683e+00
9.521937406063079479e+00 3.711410737037658780e+00
9.477863168716430309e+00 3.720308947563171209e+00
9.432003498077392578e+00 3.726841306686401456e+00
9.386467051506041770e+00 3.729931879043578924e+00
9.341272306442260032e+00 3.731384611129760831e+00
9.295041608810425515e+00 3.732805371284484863e+00
9.248071527481078746e+00 3.732830274105071844e+00
1.023941247761249507e+01 3.625334611535072415e+00
1.019115470647811961e+01 3.658861595392226995e+00
1.014184136390685964e+01 3.691340398788452326e+00
1.008533921241760289e+01 3.723271584510803311e+00
1.002752244472503662e+01 3.751133000850677579e+00
9.963387823104858043e+00 3.775504386425018399e+00
9.897815084457397106e+00 3.798220682144164861e+00
9.830828857421874289e+00 3.817797708511352361e+00
9.764782905578613281e+00 3.835249948501586736e+00
9.699430990219116921e+00 3.850373435020446600e+00
9.635468339920043590e+00 3.863599443435668856e+00
9.571227455139160512e+00 3.876095104217529119e+00
6.907673549652099787e+00 1.539238643646240190e+00
7.348028564453125355e+00 2.005725383758544922e+00
7.770552825927734553e+00 2.451543712615967152e+00
8.179423904418944957e+00 2.869583129882812500e+00
8.581861877441406605e+00 3.255517005920410156e+00
8.981739997863769531e+00 3.611325073242187766e+00
9.357812881469726562e+00 3.940315055847168235e+00
9.725914001464843750e+00 4.249023246765137429e+00
1.008090896606445241e+01 4.538820075988770242e+00
1.042939262390136790e+01 4.810787773132323863e+00
1.076657752990722727e+01 5.067601966857909979e+00
1.109470748901367188e+01 5.312253379821777699e+00
1.618050861358642623e+00 5.146698719263076427e+00
1.846720552444458097e+00 5.096323943138122203e+00
2.072341346740722567e+00 5.047990906238555731e+00
2.288580322265624911e+00 5.003377938270569203e+00
2.508246421813964844e+00 4.959055685997009633e+00
2.723933601379394887e+00 4.914971995353698553e+00
2.925814056396484730e+00 4.871709275245666326e+00
3.125189399719238370e+00 4.829000234603881836e+00
3.323244857788085760e+00 4.785380363464355469e+00
3.517454719543457120e+00 4.739971494674682262e+00
3.711577606201172053e+00 4.694860506057739080e+00
3.901799583435058949e+00 4.649934339523315252e+00
7.879593563079834162e+00 1.635541725158691451e+00
8.329239273071289418e+00 2.074561691284179776e+00
8.761375904083251953e+00 2.494120121002197266e+00
9.182535743713378551e+00 2.887428569793700994e+00
9.597207450866699574e+00 3.249608707427978693e+00
1.000939750671386719e+01 3.583339405059814631e+00
1.039711170196533274e+01 3.891777896881103871e+00
1.077659072875976598e+01 4.181084918975830789e+00
1.114263153076171875e+01 4.452415943145751953e+00
1.150193977355957031e+01 4.706805896759033381e+00
1.184986305236816406e+01 4.946898365020752308e+00
1.218827209472656392e+01 5.175512027740478693e+00
8.260001897811890537e-01 5.802754594385623577e+00
1.077663850784301935e+00 5.792116883397102178e+00
1.316815853118896484e+00 5.781774926185607733e+00
1.547980690002441317e+00 5.772741812467574896e+00
1.776563930511474654e+00 5.761446690559386852e+00
2.001154708862304510e+00 5.748059320449828924e+00
2.211541748046875089e+00 5.733371508121490656e+00
2.417917633056640980e+00 5.717637985944747925e+00
2.619269371032714844e+00 5.699607181549072088e+00
2.816717147827148438e+00 5.678556311130523504e+00
3.013118934631347834e+00 5.656617450714111150e+00
3.204659652709961115e+00 5.633915853500366389e+00
3.448134262114763260e+00 5.716559723019599915e+00
3.451779322326183230e+00 5.689508914947509766e+00
3.453564925491809934e+00 5.663475024700164617e+00
3.447676432132721125e+00 5.639972436428069891e+00
3.440251549333333880e+00 5.616243672370910822e+00
3.426932299882173627e+00 5.591676366329193293e+00
3.409928190708160223e+00 5.566581284999847057e+00
3.391271966695785345e+00 5.541023015975952148e+00
3.372090864181518377e+00 5.514915871620178045e+00
3.352798426151275546e+00 5.489969158172607777e+00
3.333888745307922452e+00 5.464324116706848145e+00
3.314034152030944647e+00 5.438770556449890492e+00
3.776961201429366977e+00 6.207191771268844249e+00
3.724171936511993408e+00 6.278075075149535778e+00
3.670463275909424006e+00 6.345835876464843928e+00
3.609394431114196777e+00 6.410538697242737172e+00
3.547030901908874601e+00 6.469243454933166326e+00
3.478315830230712891e+00 6.522063398361206410e+00
3.407287216186523526e+00 6.571262025833130238e+00
3.334925413131713867e+00 6.615839099884032848e+00
3.263660860061645685e+00 6.657006359100341442e+00
3.193180656433105558e+00 6.694703912734984996e+00
3.123278522491454989e+00 6.730604982376098278e+00
3.052740478515624911e+00 6.764538860321044567e+00
8.607431161403656716e+00 8.510101567953824719e-02
8.795913028717041726e+00 1.555559052154421862e-01
8.975820636749267223e+00 2.227434528991580065e-01
9.146610975265502930e+00 2.863110436126589664e-01
9.315084075927734020e+00 3.424078596755862347e-01
9.479075813293457387e+00 3.916563881561160310e-01
9.630343437194824219e+00 4.352752579376101827e-01
9.776993751525878906e+00 4.745849026367068291e-01
9.917006206512450461e+00 5.087679279968142509e-01
1.005416984558105398e+01 5.374189270660281181e-01
1.018587684631347656e+01 5.627622498199343903e-01
1.031364269256591726e+01 5.854093445464968459e-01
1.553160950541496166e-01 1.863641249947249959e-02
1.567366532981395721e-01 3.539455938152968884e-02
1.554079890251159612e-01 5.124473380856216231e-02
1.463292725384235382e-01 6.757035064511000833e-02
1.357253313064575306e-01 8.070842432789504528e-02
1.191891938447952326e-01 9.030982661060989181e-02
9.911042749881743275e-02 9.702179240994156240e-02
7.696845233440398337e-02 1.014902811031788699e-01
5.445698797702788752e-02 1.027494769077748060e-01
3.189145028591156006e-02 1.000605623703449965e-01
9.733495116233809030e-03 9.558973717503249645e-02
-1.345640718936921831e-02 9.004749464802444536e-02
