0 0.284337 0.697037 0.0536404 0.222991 515
2 0.276168 0.428867 0.0932557 0.0882814 787
0 0.361065 0.628325 0.0234604 0.0815736 863
0 0.24399 0.486394 0.0203289 0.1041 870
0 0.12338 0.361762 0.00914913 0.0613754 894
0 0.143645 0.316547 0.0102397 0.0544062 884
0 0.150395 0.377902 0.0152111 0.077043 900
2 0.04171 0.483447 0.0635576 0.125444 902
0 0.383824 0.769079 0.0576485 0.236096 909
0 0.355596 0.756339 0.0448403 0.227236 927
0 0.288651 0.483354 0.0191301 0.101548 928
0 0.452122 0.865018 0.0756974 0.261701 934
0 0.313259 0.906158 0.08845 0.18455 940
0 0.0835137 0.948237 0.0446753 0.103044 949
2 0.122672 0.31767 0.0340895 0.0461455 953
0 0.506392 0.570791 0.0589937 0.172131 950
0 0.259969 0.452957 0.0222968 0.104511 957
0 0.903624 0.480839 0.0228632 0.0996081 941
0 0.371231 0.594181 0.0287228 0.108893 952
