2 0.875641 0.630657 0.228696 0.228743 407
0 0.285336 0.474917 0.0219335 0.108167 421
2 0.258896 0.630744 0.203469 0.212634 425
2 0.038257 0.395277 0.0470707 0.0807203 448
0 0.387042 0.519137 0.0373276 0.175455 515
2 0.0857706 0.337688 0.051108 0.0578875 546
0 0.332845 0.504538 0.023678 0.124312 492
0 0.430237 0.515306 0.0291598 0.152033 554
2 0.336597 0.443715 0.0320449 0.0625599 548
0 0.313281 0.514673 0.022233 0.119794 497
2 0.041646 0.338774 0.0373317 0.0488153 587
0 0.463876 0.521097 0.0315508 0.147653 566
0 0.489806 0.498611 0.0205205 0.0416667 595
