0 0.386817 0.58452 0.0379754 0.184191 515
0 0.44871 0.567116 0.0286724 0.157994 702
0 0.428611 0.531753 0.0244535 0.155881 701
7 0.268107 0.427747 0.103819 0.0913422 787
0 0.500086 0.581697 0.0341196 0.168178 863
0 0.337122 0.508205 0.0286414 0.12893 870
0 0.29068 0.482313 0.0206085 0.102158 886
0 0.121198 0.351866 0.00887146 0.0564466 894
0 0.142963 0.316777 0.00991934 0.0542055 884
0 0.151709 0.419165 0.0181099 0.088987 900
2 0.0586229 0.362338 0.0523745 0.065366 902
0 0.168363 0.421694 0.0119549 0.0816336 907
2 0.299168 0.418056 0.0377083 0.0277778 905
0 0.0469583 0.952005 0.0316541 0.0959905 909
0 0.239471 0.412008 0.0126653 0.0451066 916
