0 0.314537 0.651776 0.044891 0.22209 515
0 0.391606 0.635022 0.0386704 0.213169 702
7 0.27659 0.42839 0.093531 0.0889389 787
0 0.413301 0.663935 0.0406025 0.210638 863
0 0.258879 0.49422 0.0217997 0.110349 870
0 0.121462 0.359011 0.00831918 0.0602888 894
0 0.143291 0.317473 0.0096379 0.0532568 884
0 0.152755 0.391074 0.0158886 0.0781397 900
2 0.0306115 0.447272 0.0531421 0.104472 902
0 0.173564 0.446499 0.0115539 0.0697358 907
0 0.304326 0.832147 0.0659787 0.255127 909
0 0.279577 0.8227 0.0541636 0.249031 927
0 0.289438 0.482708 0.0197955 0.101416 928
0 0.402336 0.919245 0.078358 0.158295 934
0 0.205443 0.958895 0.0506915 0.0804824 940
0 0.941965 0.483622 0.020496 0.0940756 941
