2 0.358081 0.623051 0.275416 0.267526 362
2 0.0570276 0.462548 0.0615564 0.132008 407
0 0.285766 0.455814 0.0192401 0.0712809 421
2 0.031289 0.401607 0.0510382 0.079589 425
2 0.093673 0.330955 0.0445804 0.0527377 448
0 0.339407 0.468843 0.0139518 0.0520446 492
0 0.315321 0.469452 0.013091 0.0477441 497
0 0.391394 0.472834 0.0216188 0.0738623 515
0 0.136212 0.331114 0.0115221 0.0587546 533
0 0.652552 0.526795 0.0293504 0.144634 524
0 0.479992 0.51129 0.0329576 0.137494 531
2 0.829887 0.867959 0.211366 0.256427 542
2 0.143189 0.300736 0.0207049 0.0389571 546
