0 0.310179 0.632219 0.03581 0.162597 515
0 0.38211 0.647074 0.0337705 0.195277 702
7 0.277051 0.428759 0.0924401 0.0886368 787
0 0.39902 0.67095 0.042952 0.202773 863
0 0.253239 0.490754 0.0214975 0.108779 870
0 0.121608 0.360528 0.00798319 0.0591576 894
0 0.143419 0.317577 0.00958732 0.053291 884
0 0.152935 0.389792 0.0163676 0.0812684 900
2 0.0327033 0.455443 0.0539925 0.108274 902
0 0.330693 0.823763 0.0638373 0.256584 909
0 0.29768 0.815182 0.0531047 0.252602 927
0 0.289445 0.482636 0.0203004 0.101403 928
0 0.415201 0.905688 0.0850752 0.184109 934
0 0.238015 0.94512 0.0679329 0.107035 940
0 0.931128 0.481353 0.022209 0.100021 941
0 0.0117817 0.97216 0.0150838 0.0553413 949
0 0.552039 0.553046 0.0903971 0.151336 950
