0 0.40094 0.523986 0.0340992 0.172227 515
0 0.45624 0.52848 0.0239139 0.154151 702
0 0.429656 0.522218 0.021854 0.135653 701
2 0.275829 0.427956 0.0946564 0.0881584 787
0 0.171196 0.372331 0.0135931 0.0657681 845
0 0.52032 0.519476 0.0313858 0.163828 863
0 0.375478 0.608636 0.0370775 0.170179 870
0 0.306907 0.481683 0.0213842 0.10023 886
0 0.157235 0.395898 0.013161 0.0806527 877
0 0.133651 0.332262 0.00731521 0.0375128 894
0 0.144579 0.317049 0.0102516 0.0533925 884
0 0.242025 0.436393 0.0145865 0.075513 898
0 0.850881 0.501281 0.0298863 0.13963 885
