2 0.281423 0.428542 0.106218 0.0881947 787
2 0.133736 0.587652 0.153388 0.188944 902
0 0.499395 0.60175 0.0422538 0.199828 940
0 0.443863 0.651727 0.0390417 0.225016 949
2 0.0481505 0.391588 0.0475799 0.0761282 953
0 0.13135 0.825036 0.080957 0.250244 950
0 0.121208 0.941796 0.0502589 0.115344 971
0 0.141732 0.316609 0.0107675 0.0535798 884
0 0.142842 0.414661 0.0159464 0.0791252 999
0 0.164398 0.40974 0.0143583 0.0702981 894
0 0.410289 0.840809 0.0535298 0.255943 1025
0 0.128529 0.345697 0.0129032 0.0627576 1015
0 0.328261 0.50674 0.0334575 0.14257 957
0 0.429937 0.541206 0.0357724 0.125948 934
0 0.286326 0.48471 0.0214095 0.102677 1053
0 0.587012 0.55808 0.0264612 0.134983 909
0 0.531558 0.531113 0.0355306 0.105509 927
0 0.305551 0.485458 0.0178569 0.0940043 928
