2 0.133699 0.588193 0.152948 0.187504 902
0 0.13607 0.337642 0.0105495 0.0528455 999
2 0.0228574 0.404659 0.0457149 0.099402 1074
0 0.305617 0.479265 0.0181862 0.0990175 1081
0 0.135544 0.307838 0.00628414 0.0248827 1122
0 0.325706 0.521677 0.0286928 0.149488 1130
0 0.680525 0.529035 0.0257294 0.1447 1173
0 0.899634 0.495187 0.0283785 0.142687 1163
0 0.379043 0.510789 0.0213773 0.130071 928
0 0.271459 0.449409 0.019113 0.105927 1060
0 0.92465 0.4874 0.0252003 0.0876099 1179
2 0.0120114 0.352344 0.014605 0.0452198 1182
0 0.359729 0.515303 0.0269233 0.126876 1104
2 0.951486 0.874482 0.0970272 0.206004 1139
