2 0.887128 0.647609 0.225744 0.226016 327
2 0.0873141 0.540144 0.127139 0.211936 362
2 0.0438952 0.404888 0.0441585 0.0758005 407
0 0.285933 0.476382 0.0219879 0.113904 421
2 0.0539174 0.364738 0.0402867 0.0552128 425
2 0.110638 0.322709 0.0511485 0.0524884 448
0 0.34061 0.482907 0.020693 0.0950281 492
0 0.324208 0.487154 0.0181449 0.0906525 497
2 0.18518 0.859889 0.37036 0.268099 514
0 0.466341 0.520846 0.0532345 0.174325 515
0 0.123798 0.342199 0.0105158 0.0583873 533
0 0.682026 0.527867 0.0172713 0.147382 524
0 0.562881 0.56623 0.0292488 0.126195 531
