2 0.181525 0.570932 0.137906 0.196363 407
0 0.284759 0.477359 0.0209 0.113062 421
2 0.0297012 0.466497 0.0560123 0.113874 425
2 0.0706415 0.348867 0.0505896 0.0632261 448
0 0.297033 0.502625 0.0200108 0.105683 497
0 0.382123 0.514684 0.0355745 0.169975 515
2 0.13294 0.307795 0.03635 0.0463103 546
0 0.319665 0.497869 0.0208052 0.102898 492
0 0.429191 0.512032 0.0274168 0.152335 554
2 0.812042 0.854883 0.210021 0.274899 564
2 0.336326 0.44301 0.0339232 0.0653336 548
2 0.944487 0.610039 0.10331 0.222043 558
2 0.536724 0.886046 0.105539 0.222344 565
0 0.539703 0.553158 0.0295547 0.109633 566
