2 0.275877 0.424862 0.100301 0.0826033 787
2 0.131344 0.585407 0.149247 0.186278 902
0 0.558761 0.558892 0.0241488 0.147635 909
0 0.536052 0.566711 0.0245091 0.127928 927
0 0.479095 0.632844 0.0451457 0.229039 940
0 0.41629 0.686121 0.045635 0.253114 949
2 0.0504974 0.386914 0.0470562 0.0751031 953
0 0.206424 0.768038 0.0635234 0.250748 950
0 0.0736091 0.962634 0.048876 0.0744266 702
0 0.185472 0.897506 0.0587908 0.20343 971
0 0.141387 0.316317 0.0109884 0.0544271 884
0 0.14145 0.422123 0.0164583 0.0792274 999
0 0.158355 0.397832 0.0154874 0.0695073 894
0 0.35691 0.893562 0.06703 0.210155 1025
0 0.12755 0.349303 0.0133955 0.066493 1015
0 0.297459 0.499893 0.0302111 0.133151 957
0 0.0869829 0.925551 0.0571055 0.148897 1031
0 0.439165 0.601691 0.0312496 0.170395 934
