2 0.932797 0.896714 0.134073 0.190883 308
2 0.119235 0.587408 0.162415 0.215098 327
0 0.309316 0.477702 0.0199942 0.107139 296
2 0.027564 0.467413 0.0551279 0.158136 362
2 0.33711 0.441549 0.0330974 0.067133 234
0 0.907702 0.490841 0.0211545 0.0789719 403
0 0.160372 0.400452 0.011952 0.0693265 338
0 0.168086 0.395181 0.0121673 0.075217 406
2 0.0828634 0.339751 0.0431634 0.0647315 407
0 0.476477 0.517374 0.0404236 0.160131 421
2 0.144551 0.307113 0.0143051 0.0296603 425
0 0.903125 0.459306 0.020557 0.0769444 427
