0 0.232439 0.750628 0.0607925 0.238645 515
2 0.277142 0.428603 0.0925437 0.0874359 787
0 0.125415 0.365939 0.0116062 0.063791 894
0 0.145708 0.369846 0.0139859 0.0730875 900
2 0.0605922 0.518277 0.0831945 0.145753 902
0 0.446446 0.711451 0.0435601 0.220393 909
0 0.419363 0.696717 0.0370345 0.209541 927
0 0.292978 0.482557 0.0192957 0.102361 928
0 0.461741 0.784701 0.0530891 0.25683 934
0 0.39322 0.846752 0.0842337 0.298215 940
0 0.222704 0.895314 0.0841264 0.206345 949
2 0.0906339 0.340483 0.0476177 0.0548682 953
0 0.437539 0.563886 0.0282093 0.0982942 950
0 0.264472 0.464134 0.0150749 0.0898474 957
0 0.305331 0.745354 0.053057 0.249358 702
0 0.329706 0.66564 0.059619 0.190194 971
0 0.839441 0.504205 0.0348929 0.153054 966
