2 0.133767 0.588892 0.1528 0.187499 902
0 0.125705 0.349692 0.0113385 0.0564921 999
2 0.040788 0.371578 0.0539204 0.083323 1074
0 0.268581 0.477264 0.0174578 0.0971861 1081
0 0.291115 0.473263 0.0213631 0.11541 1060
0 0.413215 0.537446 0.035684 0.155999 1104
0 0.356273 0.508423 0.0207932 0.126228 928
0 0.140391 0.318548 0.0103145 0.0539296 1122
0 0.340383 0.511101 0.0253309 0.131557 1130
0 0.939097 0.489479 0.021594 0.0816772 1129
0 0.844217 0.519864 0.0331932 0.149457 1153
0 0.318479 0.487328 0.0178359 0.0984659 1155
0 0.925247 0.484223 0.020886 0.0921536 1117
0 0.798561 0.501427 0.021887 0.140992 1163
0 0.582421 0.55526 0.0240559 0.112062 1025
