0 0.141909 0.412583 0.0144035 0.088888 29
0 0.484502 0.545412 0.0350375 0.187492 113
2 0.0418441 0.804703 0.0836882 0.227794 120
5 0.074499 0.300942 0.0624029 0.0841614 128
2 0.336717 0.44302 0.0340465 0.0681398 115
0 0.438762 0.528223 0.0260236 0.136901 82
0 0.421926 0.543548 0.0276306 0.129885 4
0 0.51436 0.562542 0.0320664 0.159247 140
2 0.086749 0.344969 0.0434494 0.0564029 143
7 0.0151712 0.310832 0.0303425 0.0652482 158
2 0.394077 0.89721 0.188906 0.194493 159
2 0.769253 0.910938 0.13852 0.171059 132
