2 0.386557 0.651415 0.265385 0.246123 327
2 0.0362403 0.490395 0.0708474 0.172383 362
2 0.0481371 0.387051 0.0419094 0.0818135 407
0 0.287024 0.476043 0.0239583 0.112816 421
2 0.0689267 0.354902 0.0391158 0.0600487 425
2 0.849293 0.880337 0.247709 0.228434 308
2 0.337109 0.440276 0.0337406 0.0708393 451
2 0.117999 0.31878 0.0503159 0.0512721 448
0 0.111315 0.350524 0.00986687 0.061124 434
0 0.643923 0.535371 0.0332048 0.159019 487
0 0.310667 0.463171 0.0189902 0.0977507 492
0 0.303189 0.467668 0.015141 0.0928026 497
