0 0.284765 0.477799 0.0222349 0.113936 421
0 0.404254 0.522632 0.0450176 0.174917 515
2 0.72633 0.651345 0.292614 0.211136 546
0 0.431051 0.515072 0.0270351 0.146771 554
0 0.453823 0.530572 0.0326351 0.154131 566
2 0.136709 0.560295 0.12201 0.179465 618
2 0.337083 0.44131 0.033874 0.0694614 624
0 0.134385 0.326122 0.0102485 0.0590074 635
0 0.319547 0.518428 0.0244426 0.136909 492
2 0.014606 0.357548 0.0155629 0.0546254 647
2 0.887562 0.857245 0.156504 0.275314 648
2 0.808914 0.675611 0.102754 0.155671 651
