2 0.301436 0.42977 0.105946 0.0844079 787
2 0.133741 0.588206 0.152338 0.187542 902
0 0.544526 0.556395 0.0353497 0.156145 949
2 0.0309506 0.410152 0.0619012 0.0809206 953
0 0.127842 0.378389 0.013944 0.0667357 999
0 0.499313 0.641037 0.033211 0.157295 1025
0 0.456822 0.538136 0.0371715 0.155885 957
0 0.30202 0.495489 0.0191661 0.111635 1053
2 0.105942 0.321317 0.0493018 0.0595348 1074
0 0.324355 0.504557 0.0265601 0.132066 1081
2 0.0194276 0.347429 0.0271517 0.055957 1085
0 0.360408 0.508178 0.0277206 0.143776 1060
0 0.140423 0.331716 0.0112859 0.0580534 1015
0 0.642317 0.527905 0.0214308 0.1687 1099
0 0.757734 0.516806 0.0140625 0.147222 1103
0 0.0930859 0.933889 0.0678767 0.132222 1104
2 0.0767078 0.229483 0.0489876 0.0417478 1084
