0 0.147171 0.867585 0.044725 0.262111 113
0 0.186525 0.911289 0.0563835 0.17515 226
2 0.337109 0.441314 0.033578 0.0694444 234
0 0.140291 0.330427 0.0101466 0.0568802 278
2 0.932787 0.8959 0.133446 0.186103 308
2 0.0388198 0.371013 0.0497479 0.0787298 327
0 0.124212 0.344492 0.0100495 0.0542098 333
0 0.346486 0.64289 0.0395029 0.19179 296
2 0.136926 0.301747 0.0294899 0.0575666 362
0 0.956923 0.478713 0.0192877 0.0975366 369
0 0.248605 0.41357 0.0186633 0.0872841 370
0 0.818183 0.496941 0.031583 0.148712 361
0 0.870501 0.545694 0.024898 0.112011 368
0 0.86658 0.520624 0.0257337 0.125932 353
