0 0.39337 0.525036 0.0367539 0.175675 515
0 0.457038 0.52805 0.0236149 0.154681 702
0 0.429285 0.513195 0.0247844 0.152777 701
2 0.267529 0.426235 0.111083 0.0934189 787
0 0.151531 0.357048 0.0138538 0.0679008 845
0 0.521105 0.520158 0.0321634 0.162459 863
0 0.339627 0.719399 0.0469854 0.222088 870
0 0.274658 0.472481 0.0246436 0.101977 874
0 0.136989 0.387588 0.0124036 0.0692718 877
0 0.140636 0.309619 0.0110356 0.0381453 884
0 0.336874 0.484643 0.0176928 0.1015 886
0 0.932623 0.475281 0.0214486 0.110179 885
