2 0.855908 0.652644 0.249625 0.235043 327
2 0.0709051 0.529327 0.111112 0.202253 362
2 0.0441837 0.398426 0.0403742 0.0704809 407
0 0.285929 0.476491 0.0220874 0.113919 421
2 0.0576594 0.362821 0.0410573 0.0585939 425
2 0.1119 0.322014 0.0515064 0.0525926 448
0 0.3387 0.483649 0.0180235 0.09385 492
0 0.32443 0.485972 0.0185558 0.0888921 497
2 0.266973 0.87337 0.343861 0.241699 514
0 0.489959 0.521689 0.0683527 0.173082 515
0 0.120693 0.344734 0.00936746 0.0556707 533
0 0.682813 0.52999 0.0192844 0.148053 524
