0 0.284954 0.477274 0.0231098 0.114047 421
2 0.518504 0.649143 0.288815 0.217405 448
0 0.397434 0.510317 0.0296108 0.147233 515
2 0.0865137 0.519695 0.091286 0.153951 546
0 0.338709 0.510702 0.026326 0.130521 492
0 0.428099 0.503148 0.0314979 0.138245 554
0 0.319763 0.519589 0.0266918 0.122745 497
0 0.455448 0.498748 0.0184633 0.0932594 566
2 0.0567194 0.388574 0.050463 0.0796723 618
2 0.0906903 0.309807 0.0395569 0.0465674 623
2 0.336724 0.44374 0.0334898 0.0652325 624
2 0.853756 0.841366 0.171679 0.306867 625
