0 0.102885 0.885394 0.0750214 0.22756 515
2 0.275806 0.425697 0.0919039 0.0830904 787
2 0.108917 0.56953 0.126723 0.174937 902
0 0.522724 0.612292 0.0351176 0.168917 909
0 0.497545 0.618566 0.032891 0.179403 927
0 0.302403 0.484328 0.0179092 0.0927295 928
0 0.457991 0.705095 0.0513603 0.280254 940
0 0.368584 0.767232 0.0554994 0.281355 949
2 0.0580553 0.374485 0.0481715 0.0680941 953
0 0.314156 0.690172 0.0576607 0.229954 950
0 0.189472 0.873364 0.0540001 0.191512 702
0 0.248793 0.781139 0.0512241 0.244301 971
0 0.142893 0.315261 0.00967568 0.0489736 884
0 0.157581 0.440271 0.0172787 0.0892107 999
0 0.144638 0.380592 0.013893 0.0667353 894
0 0.206179 0.966704 0.0405413 0.0665636 1025
0 0.133907 0.355347 0.0161104 0.0677585 1015
0 0.276152 0.489365 0.0259308 0.115859 957
0 0.322321 0.416767 0.018166 0.0763238 995
0 0.183081 0.808458 0.0552098 0.158403 1031
