0 0.393153 0.523691 0.0366961 0.176206 515
0 0.456907 0.527775 0.0240397 0.154141 702
0 0.429308 0.513195 0.0249547 0.152776 701
7 0.267358 0.424637 0.10414 0.0876813 787
0 0.146317 0.356899 0.0126731 0.0631417 845
0 0.520722 0.519647 0.0324855 0.163931 863
0 0.324332 0.776626 0.0596568 0.24371 870
0 0.301165 0.477706 0.0244642 0.104262 874
0 0.130408 0.383323 0.0108166 0.0680324 877
0 0.14078 0.309536 0.0107799 0.037866 884
0 0.34831 0.486299 0.0109177 0.0980086 886
0 0.956221 0.47493 0.0161927 0.102974 885
