2 0.133619 0.588196 0.152803 0.187499 902
0 0.125802 0.347847 0.0112131 0.0568044 999
2 0.0378101 0.374349 0.0538591 0.0851085 1074
0 0.268485 0.477883 0.0190161 0.0999803 1081
0 0.292141 0.469306 0.0216167 0.117648 1060
0 0.407316 0.530919 0.0353024 0.157438 1104
0 0.357029 0.507846 0.0207812 0.127704 928
0 0.140733 0.318442 0.0104648 0.054371 1122
0 0.342296 0.509949 0.0259816 0.133134 1130
0 0.942607 0.488975 0.0230164 0.0824038 1129
0 0.319133 0.490756 0.0196881 0.102575 1155
0 0.931153 0.485651 0.0208392 0.0894359 1117
7 0.332805 0.433537 0.0426583 0.0529531 787
0 0.849595 0.521315 0.0338335 0.151106 1153
0 0.587496 0.550034 0.0274722 0.122308 1025
0 0.808641 0.497664 0.0249496 0.146675 1163
