2 0.311095 0.430451 0.0958328 0.0830879 787
2 0.133731 0.58831 0.152528 0.187244 902
2 0.0278072 0.414137 0.0556144 0.0794608 953
0 0.124019 0.375556 0.0135253 0.0693462 999
0 0.502454 0.634189 0.0348762 0.165596 1025
0 0.484942 0.533137 0.0378 0.156988 957
2 0.0985744 0.325139 0.0504404 0.0623176 1074
0 0.302205 0.504517 0.0249464 0.132986 1081
2 0.0290076 0.339824 0.0396076 0.0539331 1085
0 0.335267 0.500705 0.0326318 0.155365 1060
0 0.14245 0.331781 0.00974644 0.0528605 1015
0 0.656254 0.530313 0.0308642 0.165237 1099
0 0.174953 0.900218 0.0904673 0.196628 1104
2 0.0677931 0.234566 0.0424675 0.0439925 1084
2 0.296079 0.410814 0.07111 0.04511 1088
