0 0.39329 0.523846 0.0366753 0.175899 515
0 0.456941 0.527775 0.0239934 0.154147 702
0 0.429564 0.513195 0.0249626 0.152776 701
7 0.267185 0.426398 0.108588 0.0911617 787
0 0.146972 0.356719 0.0126026 0.0625865 845
0 0.52072 0.519793 0.0322928 0.163245 863
0 0.327147 0.769361 0.0597036 0.245126 870
0 0.296207 0.475879 0.024573 0.10663 874
0 0.130999 0.381201 0.0115677 0.0720368 877
0 0.140461 0.308818 0.0107951 0.0378891 884
0 0.345946 0.484516 0.0111681 0.0965753 886
0 0.952751 0.475461 0.0162454 0.100772 885
