2 0.3001 0.429885 0.109752 0.0857669 787
2 0.133691 0.588192 0.152649 0.188197 902
0 0.535809 0.568043 0.0417956 0.169773 949
2 0.0318121 0.40808 0.0625535 0.0811383 953
0 0.142774 0.313414 0.00808574 0.0456352 884
0 0.131175 0.378917 0.015617 0.0690908 999
0 0.497496 0.647123 0.0293161 0.146778 1025
0 0.443231 0.54017 0.0386999 0.152172 957
0 0.302235 0.497074 0.020068 0.109301 1053
0 0.318646 0.495491 0.0177862 0.10759 928
2 0.110281 0.319533 0.0486572 0.0597907 1074
0 0.333098 0.503354 0.0240065 0.132545 1081
2 0.015609 0.351737 0.021216 0.0554604 1085
0 0.373977 0.501881 0.0312268 0.156573 1060
0 0.138406 0.333168 0.0111886 0.0580335 1015
2 0.0880753 0.227473 0.0514788 0.0423536 1084
0 0.626574 0.481248 0.0263156 0.0650171 1092
