0 0.397183 0.554857 0.0324763 0.164721 515
0 0.453957 0.548862 0.0265399 0.152074 702
0 0.428068 0.519283 0.0241941 0.151772 701
7 0.272584 0.427844 0.0963516 0.0888753 787
0 0.509669 0.556137 0.0338569 0.168442 863
0 0.353446 0.51295 0.0295346 0.133146 870
0 0.290568 0.48274 0.0218004 0.101374 886
0 0.121419 0.35039 0.00917284 0.0540035 894
0 0.143134 0.318403 0.00952325 0.0513973 884
0 0.15546 0.423748 0.0177852 0.0901421 900
2 0.0736575 0.348952 0.0502703 0.0584724 902
0 0.245369 0.431195 0.0191133 0.0853379 898
0 0.168047 0.418531 0.0100451 0.0779709 907
0 0.00774414 0.965694 0.0127624 0.0683333 908
2 0.299166 0.418056 0.0375317 0.0277778 905
