2 0.13355 0.588194 0.152841 0.1875 902
0 0.143887 0.330167 0.00981655 0.0515323 999
2 0.0184601 0.432003 0.0369201 0.115302 1074
0 0.297826 0.506282 0.0269604 0.142554 1130
0 0.410827 0.515813 0.025053 0.138749 928
0 0.246741 0.424262 0.0190063 0.098416 1060
2 0.0776896 0.315683 0.0450801 0.042794 1182
0 0.392216 0.523647 0.0275426 0.145146 1104
2 0.954687 0.858784 0.0893079 0.167886 1139
0 0.347496 0.506562 0.0233483 0.120979 1155
0 0.129053 0.329476 0.00996181 0.0603111 1192
0 0.960137 0.47917 0.024242 0.0988755 1163
0 0.896894 0.484799 0.0182119 0.0955486 1174
