2 0.133679 0.588194 0.152904 0.187502 902
0 0.141103 0.333212 0.0100885 0.0524435 999
2 0.0199925 0.417983 0.039985 0.105973 1074
0 0.303306 0.514875 0.0281238 0.146264 1130
0 0.932272 0.478581 0.02227 0.104389 1163
0 0.397477 0.509442 0.025556 0.1321 928
0 0.259599 0.4318 0.0183457 0.0957494 1060
0 0.946697 0.489343 0.0246609 0.0827245 1179
2 0.0357514 0.33408 0.037633 0.0474878 1182
0 0.377633 0.518198 0.0272257 0.140038 1104
2 0.954687 0.858295 0.0882709 0.168637 1139
0 0.339465 0.504356 0.0226812 0.113559 1155
0 0.131022 0.327541 0.0083598 0.0583245 1192
0 0.869494 0.505808 0.0251059 0.136487 1174
