0 0.352437 0.609174 0.0397292 0.194662 515
0 0.431325 0.602955 0.0338908 0.177111 702
0 0.412862 0.564856 0.0238002 0.159233 701
2 0.274902 0.428186 0.100565 0.0873347 787
0 0.469122 0.624447 0.0369301 0.188012 863
0 0.292664 0.502566 0.0296596 0.125549 870
0 0.121887 0.353825 0.00866714 0.0566362 894
0 0.14297 0.316725 0.00985376 0.0546893 884
0 0.149278 0.408211 0.017154 0.086047 900
2 0.035308 0.398571 0.0522317 0.0793508 902
0 0.166541 0.428998 0.0140963 0.0834268 907
0 0.170766 0.906622 0.073626 0.183978 909
0 0.651436 0.505972 0.0285072 0.161841 921
0 0.142461 0.903194 0.0368159 0.190556 927
