2 0.153668 0.574568 0.176473 0.237082 362
2 0.0457678 0.431755 0.0555459 0.10677 407
0 0.285737 0.476738 0.022094 0.113175 421
2 0.0430662 0.382409 0.0543584 0.0730422 425
2 0.104276 0.324463 0.0467115 0.0515786 448
0 0.341523 0.485524 0.0210443 0.101698 492
0 0.32354 0.488121 0.0194076 0.0946335 497
2 0.0758843 0.789258 0.151769 0.263526 514
0 0.42976 0.512377 0.0455302 0.166853 515
0 0.129318 0.33696 0.0107343 0.0601173 533
0 0.680409 0.524577 0.0165321 0.153309 524
0 0.531583 0.55311 0.0392815 0.1435 531
