0 0.0655712 0.905788 0.0540571 0.187786 113
2 0.337109 0.441011 0.0337816 0.0699033 234
0 0.146205 0.324367 0.0108872 0.0579968 278
2 0.93281 0.896792 0.13402 0.185205 308
2 0.0222908 0.399538 0.0445817 0.0904686 327
0 0.125568 0.348054 0.0109879 0.0554606 333
0 0.373324 0.61878 0.0369174 0.183085 296
2 0.103468 0.321963 0.051805 0.0697559 362
0 0.905141 0.494249 0.0185415 0.0711812 379
0 0.86303 0.500149 0.029236 0.145821 361
0 0.0787141 0.954798 0.040217 0.0904037 226
0 0.929427 0.478212 0.0208681 0.103016 369
