2 0.41569 0.648894 0.267347 0.242516 327
2 0.0371509 0.492417 0.0724446 0.17499 362
2 0.0475563 0.388534 0.0426462 0.0838027 407
0 0.286406 0.475478 0.0232215 0.110212 421
2 0.0684622 0.355236 0.0397577 0.060885 425
2 0.844422 0.883691 0.248636 0.222419 308
2 0.336754 0.440277 0.0337297 0.0706794 451
2 0.117837 0.319343 0.0503462 0.0512087 448
0 0.111328 0.350247 0.0101769 0.0614113 434
0 0.640052 0.534046 0.0302652 0.156936 487
0 0.314543 0.466568 0.0182077 0.0970758 492
0 0.304717 0.47431 0.0154612 0.0891205 497
