2 0.289931 0.429842 0.117145 0.0889143 787
2 0.133593 0.58822 0.153871 0.190326 902
0 0.535881 0.588323 0.0363223 0.173571 940
0 0.473047 0.624551 0.0378253 0.212494 949
2 0.045956 0.395206 0.0483191 0.0763678 953
0 0.0393057 0.869085 0.0786114 0.240433 950
0 0.14268 0.317296 0.0097758 0.0540946 884
0 0.148502 0.400179 0.0148228 0.0749281 999
0 0.450392 0.77298 0.0439734 0.250281 1025
0 0.132295 0.341111 0.0119705 0.0610737 1015
0 0.35868 0.51887 0.0337063 0.140248 957
0 0.413322 0.518104 0.0296745 0.147691 934
0 0.295087 0.488164 0.0188832 0.102465 1053
0 0.311387 0.488373 0.017944 0.0981761 928
0 0.458812 0.50503 0.0325171 0.162993 1060
0 0.646988 0.532681 0.0296787 0.152686 1069
0 0.635547 0.480972 0.0132469 0.0794444 1071
