2 0.932812 0.898916 0.133088 0.189522 308
2 0.11914 0.587508 0.162557 0.215299 327
0 0.312868 0.479162 0.0202627 0.104977 296
2 0.0285061 0.470107 0.0558503 0.158058 362
2 0.336535 0.440992 0.0337935 0.0680424 234
0 0.906904 0.491426 0.0240975 0.0786105 403
0 0.167876 0.398899 0.0131027 0.0767919 406
2 0.0805669 0.343181 0.0435922 0.0654487 407
0 0.463481 0.518045 0.0423724 0.157134 421
2 0.140089 0.304868 0.0223647 0.0438461 425
0 0.906224 0.452924 0.0171516 0.0628491 427
0 0.161909 0.404607 0.0111965 0.0667226 338
