0 0.485156 0.54655 0.0375193 0.186629 113
0 0.51407 0.56108 0.030675 0.162528 226
2 0.336726 0.442374 0.033404 0.0680599 234
0 0.389271 0.640052 0.0444585 0.189186 250
0 0.123357 0.421365 0.0190468 0.093031 257
0 0.42244 0.641846 0.0314454 0.136283 260
0 0.147549 0.375676 0.0135592 0.0737068 266
0 0.433002 0.80345 0.0787828 0.299823 268
0 0.00767035 0.973617 0.0151585 0.052766 269
0 0.0387375 0.427906 0.0223943 0.0952288 29
0 0.163597 0.374235 0.0162495 0.0767827 278
0 0.0592931 0.388919 0.013444 0.0744361 261
0 0.171619 0.369511 0.0116241 0.0670104 285
