2 0.3211 0.431291 0.068681 0.0821781 787
2 0.133691 0.588185 0.153322 0.187518 902
0 0.123197 0.359937 0.0113999 0.0620052 999
0 0.522086 0.597646 0.0291626 0.166555 1025
2 0.0708827 0.343512 0.0540036 0.072321 1074
0 0.266967 0.492106 0.0214481 0.111687 1081
2 0.106298 0.305039 0.0441935 0.044221 1085
0 0.291981 0.489051 0.0248481 0.145502 1060
0 0.385335 0.666879 0.0524255 0.210486 1104
0 0.343087 0.502267 0.0203213 0.119249 928
0 0.14234 0.319333 0.00864015 0.0484493 1122
0 0.316838 0.503507 0.0206248 0.119454 1130
2 0.0138554 0.253079 0.0277109 0.029246 1084
2 0.954665 0.856768 0.0877581 0.169796 1139
0 0.866111 0.516605 0.0277326 0.135489 1129
