0 0.282302 0.699181 0.0529969 0.223563 515
2 0.276159 0.428834 0.0931903 0.0882373 787
0 0.242712 0.486359 0.0206499 0.104948 870
0 0.123592 0.362045 0.00937911 0.061248 894
0 0.143534 0.316581 0.0102759 0.0547835 884
0 0.150146 0.377331 0.0153648 0.0779455 900
2 0.0425383 0.485065 0.0638507 0.125457 902
0 0.386761 0.767337 0.0569499 0.238019 909
0 0.357935 0.753854 0.0447531 0.231927 927
0 0.288654 0.483354 0.0190017 0.101438 928
0 0.453643 0.860721 0.0743623 0.264741 934
0 0.318274 0.903259 0.0891546 0.190577 940
0 0.0884024 0.947536 0.0453903 0.103895 949
2 0.121936 0.318475 0.0343983 0.0460434 953
0 0.500277 0.570789 0.057053 0.17254 950
0 0.260781 0.453256 0.022613 0.107227 957
0 0.900663 0.481562 0.0227846 0.098093 941
0 0.369272 0.595163 0.0284039 0.10714 952
