0 0.404088 0.525472 0.034666 0.17452 515
0 0.456245 0.528475 0.0240705 0.154161 702
0 0.430086 0.512769 0.0240931 0.154555 701
2 0.274873 0.427788 0.0950523 0.0874898 787
0 0.174723 0.374238 0.0132059 0.0618421 845
0 0.520319 0.519443 0.0317446 0.163892 863
0 0.374314 0.595646 0.0337789 0.158277 870
0 0.305415 0.482659 0.019901 0.0999745 886
0 0.161356 0.398276 0.0147257 0.0866838 877
0 0.131987 0.33918 0.00950851 0.050626 894
0 0.144379 0.315982 0.010298 0.0551704 884
0 0.835666 0.50058 0.0293041 0.147056 885
0 0.242587 0.437023 0.0146433 0.0748299 898
