2 0.553528 0.655205 0.28264 0.239974 327
2 0.0424942 0.502503 0.0797597 0.183003 362
2 0.0454155 0.394285 0.0413319 0.0844194 407
0 0.286312 0.477145 0.0226723 0.11257 421
2 0.0648533 0.356298 0.0418097 0.0602847 425
2 0.802794 0.895748 0.217728 0.200565 308
2 0.337875 0.441755 0.032354 0.0677779 451
2 0.115663 0.32081 0.0516204 0.0516974 448
0 0.11308 0.349938 0.00959315 0.061157 434
0 0.324641 0.477169 0.0168381 0.0948553 492
0 0.314976 0.481457 0.018923 0.0944369 497
2 0.640597 0.895094 0.485933 0.206127 510
0 0.683281 0.530417 0.0108645 0.1475 512
