0 0.218173 0.750889 0.0558914 0.213753 515
2 0.277254 0.428459 0.092211 0.0867819 787
0 0.127512 0.368346 0.0118591 0.0667093 894
0 0.143112 0.366505 0.0132206 0.0700554 900
2 0.067676 0.52865 0.0892071 0.148673 902
0 0.471781 0.636115 0.0255171 0.0940743 909
0 0.431926 0.683666 0.037002 0.196681 927
0 0.29378 0.4833 0.0195875 0.10214 928
0 0.471563 0.756769 0.0508511 0.250292 934
0 0.408573 0.832683 0.0760905 0.311922 940
0 0.264964 0.882066 0.0825626 0.232298 949
2 0.0804303 0.346419 0.046527 0.0560466 953
0 0.411057 0.582507 0.0385781 0.114076 950
0 0.298175 0.771123 0.0528146 0.252364 702
0 0.304049 0.650864 0.0450536 0.148143 971
0 0.822429 0.503274 0.0366929 0.156961 966
0 0.271209 0.473675 0.0193806 0.0949926 957
2 0.300359 0.417269 0.0364293 0.0268031 977
0 0.143452 0.311303 0.00884221 0.0426034 884
