0 0.0280522 0.916748 0.0547584 0.163822 113
2 0.337109 0.440847 0.0336353 0.0696788 234
0 0.148177 0.327902 0.0113137 0.0651852 278
2 0.932678 0.897299 0.134644 0.187252 308
2 0.020399 0.41122 0.0407981 0.0969228 327
0 0.127393 0.348929 0.00996573 0.0535983 333
0 0.378627 0.609688 0.035986 0.175929 296
7 0.0911452 0.329285 0.0540717 0.0756089 362
0 0.915685 0.493854 0.0205376 0.0738713 379
0 0.877031 0.503039 0.0306178 0.139186 361
0 0.28263 0.415966 0.0178319 0.0832602 370
0 0.119497 0.352749 0.00782026 0.052528 338
