2 0.323141 0.427479 0.0587522 0.0732755 787
2 0.133643 0.588188 0.153153 0.187513 902
0 0.123607 0.357963 0.0116041 0.0615638 999
0 0.52747 0.578734 0.0266026 0.156053 1025
2 0.0664953 0.347831 0.0523083 0.0712264 1074
0 0.262144 0.488202 0.0236308 0.115662 1081
2 0.120359 0.298302 0.0433247 0.043112 1085
0 0.290269 0.484932 0.0235753 0.140529 1060
0 0.406347 0.638409 0.0537622 0.199009 1104
0 0.343815 0.504661 0.0200827 0.118446 928
0 0.142133 0.317262 0.00910519 0.0530052 1122
0 0.320944 0.505752 0.022299 0.123117 1130
2 0.95466 0.85644 0.0874521 0.167797 1139
0 0.883707 0.514303 0.0276049 0.128773 1129
0 0.279159 0.48674 0.011178 0.0749827 1112
0 0.869475 0.504507 0.0236766 0.127598 1117
0 0.642455 0.522545 0.0343065 0.15188 957
