2 0.317551 0.431407 0.0780751 0.0826994 787
2 0.133672 0.588314 0.153138 0.18726 902
0 0.122644 0.362761 0.0113195 0.0641394 999
0 0.514894 0.611851 0.0315092 0.170951 1025
2 0.0771954 0.338671 0.0513069 0.0672084 1074
0 0.270667 0.503601 0.0266194 0.133357 1081
2 0.0801394 0.306608 0.0307532 0.0350492 1085
0 0.292541 0.493767 0.0262749 0.146028 1060
0 0.362088 0.718364 0.0614566 0.245293 1104
0 0.338155 0.500449 0.0198567 0.115246 928
0 0.831132 0.499966 0.0231009 0.121418 1117
0 0.142622 0.318016 0.00913533 0.0519102 1122
0 0.657442 0.512044 0.0381316 0.167776 1128
0 0.841159 0.515495 0.02628 0.141263 1129
0 0.313442 0.503067 0.0155876 0.116996 1130
2 0.0285119 0.245226 0.0312351 0.0281094 1084
