2 0.310636 0.430084 0.0949595 0.0832369 787
2 0.133657 0.588235 0.152653 0.187398 902
2 0.0271325 0.41388 0.0542649 0.077837 953
0 0.124078 0.375324 0.0135036 0.0690105 999
0 0.50251 0.634535 0.0353093 0.168247 1025
0 0.488082 0.525744 0.0342289 0.141927 957
2 0.0977989 0.325646 0.0507832 0.0629558 1074
0 0.300324 0.504298 0.0255922 0.132801 1081
2 0.0308099 0.338964 0.0403766 0.0536867 1085
0 0.332222 0.50106 0.0326754 0.15836 1060
0 0.142618 0.330855 0.00987139 0.0538843 1015
0 0.658252 0.527764 0.0329653 0.168918 1099
0 0.18295 0.894528 0.0932287 0.208022 1104
2 0.066421 0.234084 0.0400106 0.0414935 1084
