2 0.13359 0.588194 0.15291 0.187503 902
0 0.139301 0.334423 0.0100281 0.0523446 999
2 0.0204415 0.414642 0.040883 0.102921 1074
0 0.306357 0.513708 0.0285813 0.149151 1130
0 0.923733 0.477031 0.0227645 0.109288 1163
0 0.396174 0.510061 0.0251986 0.129967 928
0 0.262706 0.43289 0.0174699 0.0911523 1060
0 0.940768 0.487781 0.025595 0.0857214 1179
2 0.0258095 0.339468 0.0321138 0.0477343 1182
0 0.376926 0.517737 0.0262883 0.137713 1104
2 0.954687 0.858037 0.0871103 0.168949 1139
0 0.336567 0.504142 0.0219506 0.110541 1155
0 0.132033 0.326675 0.00747964 0.0560282 1192
