0 0.403696 0.525117 0.0347409 0.173983 515
0 0.456246 0.528474 0.0242227 0.15508 702
0 0.430357 0.51295 0.0238843 0.154302 701
2 0.276282 0.428084 0.0941314 0.0868301 787
0 0.176046 0.374757 0.0131217 0.0612311 845
0 0.520317 0.519444 0.0317214 0.163891 863
0 0.375604 0.593117 0.0345835 0.162604 870
0 0.305173 0.48267 0.0196507 0.0999561 886
0 0.161686 0.401122 0.013715 0.0814989 877
0 0.131435 0.339613 0.0094875 0.0513425 894
0 0.144352 0.316276 0.0102001 0.0549322 884
0 0.830827 0.500645 0.0300116 0.145215 885
0 0.242285 0.437435 0.0144947 0.0738683 898
