2 0.119336 0.587847 0.16184 0.214586 327
2 0.0315579 0.481946 0.0627375 0.1669 362
2 0.0532606 0.376049 0.0426865 0.0796615 407
0 0.273789 0.487077 0.0237876 0.122616 421
2 0.0765316 0.348977 0.0383282 0.0569651 425
0 0.120818 0.371876 0.00992044 0.0718422 434
2 0.932833 0.898599 0.134146 0.188912 308
2 0.336908 0.440971 0.0336854 0.069423 451
0 0.251753 0.428937 0.0152524 0.0816053 464
2 0.123761 0.313797 0.0414884 0.0485464 448
0 0.835328 0.528669 0.0318432 0.144765 457
0 0.798418 0.498308 0.0345626 0.155117 432
