2 0.74176 0.655686 0.274603 0.237 327
2 0.0551696 0.51697 0.0955939 0.194275 362
2 0.044406 0.395196 0.0381003 0.0704965 407
0 0.28592 0.476866 0.0222494 0.113482 421
2 0.0613116 0.36065 0.041458 0.0602877 425
2 0.11292 0.321908 0.0514315 0.0520767 448
0 0.334912 0.482909 0.0173635 0.0929178 492
0 0.323521 0.484717 0.0187062 0.0900101 497
2 0.327541 0.887649 0.224505 0.210794 514
0 0.507723 0.513654 0.0868657 0.172111 515
0 0.682813 0.494444 0.012348 0.0891667 524
2 0.805312 0.677917 0.118852 0.1775 525
