2 0.119335 0.587498 0.161954 0.213869 327
2 0.0316455 0.482295 0.0630479 0.166655 362
2 0.0529098 0.377307 0.042637 0.0798838 407
0 0.276326 0.483902 0.024372 0.121848 421
2 0.0759655 0.349525 0.0382853 0.0569992 425
2 0.932697 0.897212 0.134607 0.188839 308
2 0.337113 0.440265 0.0336111 0.0694456 451
0 0.254846 0.429834 0.0141419 0.0808883 464
2 0.127074 0.315196 0.044469 0.0504865 448
0 0.239282 0.435258 0.0139569 0.0798216 471
0 0.771221 0.501599 0.0320503 0.164329 432
0 0.115104 0.369078 0.0107179 0.0684747 434
