0 0.393519 0.525022 0.0363206 0.175903 515
0 0.457034 0.52814 0.0235441 0.154856 702
0 0.429338 0.513195 0.0245872 0.152778 701
2 0.266795 0.426193 0.112318 0.094228 787
0 0.153208 0.35825 0.0134815 0.0680684 845
0 0.519932 0.519432 0.0315782 0.163909 863
0 0.345879 0.696751 0.0467651 0.21505 870
0 0.26187 0.467499 0.022237 0.105633 874
0 0.141323 0.38865 0.013683 0.072439 877
0 0.328538 0.484675 0.0198362 0.101414 886
0 0.924415 0.476443 0.0215153 0.107255 885
0 0.234388 0.432184 0.0194262 0.0833778 887
