0 0.354456 0.605576 0.0386731 0.193332 515
0 0.432937 0.596141 0.0340405 0.172776 702
0 0.413795 0.56378 0.023561 0.162415 701
7 0.27312 0.426808 0.100157 0.0866199 787
0 0.471485 0.62521 0.0368747 0.186715 863
0 0.296488 0.50438 0.0303775 0.122485 870
0 0.286503 0.475368 0.0151645 0.0871479 886
0 0.121844 0.35356 0.00838068 0.0554953 894
0 0.14297 0.316776 0.00973943 0.0541922 884
0 0.149446 0.408983 0.017033 0.085576 900
2 0.0366911 0.394848 0.0523356 0.0780167 902
0 0.166565 0.42807 0.0138787 0.0820449 907
0 0.159771 0.909063 0.0742201 0.180605 909
0 0.656774 0.506071 0.0289268 0.161759 921
0 0.237276 0.431942 0.0178211 0.0909309 898
