2 0.337109 0.440394 0.0337257 0.0713294 234
2 0.932407 0.897748 0.135185 0.191746 308
2 0.0162349 0.433831 0.0324698 0.108658 327
0 0.126646 0.352205 0.00860418 0.0524082 333
0 0.387278 0.589146 0.0330079 0.169491 296
2 0.0732147 0.343712 0.0526675 0.0786355 362
0 0.937247 0.492516 0.0198888 0.0732754 379
0 0.297356 0.419679 0.0163327 0.0759367 370
0 0.117616 0.354785 0.0103175 0.0560462 338
0 0.952987 0.507653 0.0153425 0.04025 389
0 0.903753 0.482631 0.0203227 0.095218 369
0 0.895777 0.482457 0.0237514 0.108452 361
