2 0.133677 0.588538 0.152429 0.186805 902
0 0.129266 0.343458 0.0110969 0.0551121 999
2 0.0276194 0.387681 0.052881 0.0903175 1074
0 0.277618 0.477803 0.0175643 0.0989223 1081
0 0.287556 0.467673 0.0209936 0.115357 1060
0 0.379699 0.524293 0.0347323 0.149319 1104
0 0.138786 0.321316 0.0104583 0.0541955 1122
0 0.344394 0.510036 0.0259055 0.132567 1130
0 0.964999 0.491168 0.0169582 0.0733785 1129
0 0.325234 0.494892 0.0194071 0.103625 1155
0 0.881389 0.521451 0.0353872 0.148023 1153
2 0.954687 0.856866 0.0889379 0.169534 1139
0 0.639884 0.533326 0.0286883 0.145965 1173
