0 0.485156 0.546062 0.0374458 0.186097 113
0 0.514095 0.560413 0.0314551 0.161614 226
2 0.336719 0.441826 0.0331384 0.0680445 234
0 0.378286 0.664355 0.047844 0.204024 250
0 0.112969 0.427108 0.0208134 0.0931332 257
0 0.414625 0.666405 0.0396386 0.160384 260
0 0.0502325 0.387611 0.0121957 0.0669768 261
0 0.15477 0.378396 0.0149129 0.0771112 266
0 0.436803 0.848405 0.0961033 0.29544 268
0 0.00778331 0.973606 0.0149561 0.0527882 269
0 0.0564178 0.423941 0.0211565 0.0976619 29
0 0.170531 0.377241 0.0172457 0.0799327 278
