0 0.284755 0.47782 0.0226483 0.113958 421
2 0.584836 0.646743 0.26044 0.202021 448
0 0.395319 0.5225 0.0333015 0.175914 515
2 0.110493 0.539842 0.108535 0.164417 546
0 0.338453 0.514632 0.0253928 0.124689 492
0 0.429451 0.513706 0.0338588 0.157245 554
0 0.319425 0.521984 0.0258844 0.127214 497
0 0.454462 0.528234 0.0289784 0.153555 566
2 0.0513337 0.401388 0.0498868 0.0850554 618
2 0.106667 0.302545 0.0400812 0.0452747 623
2 0.33673 0.443756 0.033508 0.0652887 624
2 0.850991 0.842167 0.214564 0.303067 625
