2 0.292764 0.430583 0.1201 0.08746 787
2 0.133593 0.588555 0.15315 0.189581 902
0 0.56022 0.555352 0.0391141 0.169009 940
0 0.48668 0.599947 0.0352546 0.187614 949
2 0.0430303 0.397512 0.0504574 0.0773609 953
0 0.142683 0.31781 0.0094529 0.0531771 884
0 0.147751 0.393343 0.0146729 0.0729587 999
0 0.470525 0.735108 0.0413422 0.231916 1025
0 0.133499 0.338486 0.0108816 0.0592124 1015
0 0.377183 0.527994 0.0302869 0.147192 957
0 0.393266 0.493858 0.0223067 0.113478 934
0 0.29812 0.488124 0.0195172 0.106844 1053
0 0.313695 0.491013 0.0187168 0.106016 928
0 0.433179 0.507617 0.0332206 0.16972 1060
0 0.675787 0.526294 0.0306252 0.149293 1069
0 0.661926 0.513111 0.026947 0.145574 1071
2 0.137309 0.301522 0.0297187 0.0528742 1074
0 0.0106484 0.909902 0.0212968 0.146391 1048
0 0.0100939 0.95518 0.0171417 0.0564597 1075
