2 0.119319 0.5875 0.161678 0.214567 327
2 0.0315972 0.48148 0.0630288 0.167143 362
2 0.0567194 0.370211 0.0429993 0.0773669 407
0 0.307068 0.501911 0.030739 0.141749 421
2 0.0901611 0.339432 0.0411977 0.0541864 425
0 0.893526 0.496771 0.0302562 0.143638 432
0 0.143338 0.39246 0.0136662 0.0680734 434
2 0.13959 0.304284 0.0252544 0.0445556 448
2 0.931822 0.900049 0.135273 0.18888 308
2 0.336707 0.441167 0.0365877 0.0689052 451
0 0.931901 0.489327 0.0195988 0.0809571 435
0 0.910105 0.497687 0.0215312 0.0670643 444
