2 0.133494 0.588194 0.152877 0.1875 902
0 0.145028 0.329545 0.00958112 0.050715 999
2 0.0184636 0.435091 0.0369272 0.118833 1074
0 0.297722 0.501376 0.0253226 0.135355 1130
0 0.413689 0.516262 0.0240071 0.138497 928
0 0.24484 0.424093 0.018325 0.0971408 1060
2 0.086784 0.311469 0.0455262 0.0421878 1182
0 0.39801 0.524221 0.0264273 0.14488 1104
2 0.954687 0.858474 0.09021 0.169343 1139
0 0.3482 0.510686 0.0215699 0.113625 1155
0 0.12887 0.330718 0.0102579 0.0599033 1192
0 0.961703 0.47662 0.0243319 0.104142 1163
0 0.901628 0.491379 0.0214684 0.106437 1174
