0 0.114085 0.87919 0.0417332 0.23873 113
0 0.157819 0.92043 0.0579974 0.158961 226
2 0.337109 0.441271 0.0335851 0.0694444 234
0 0.140689 0.328166 0.0109029 0.0598618 278
2 0.9328 0.896464 0.133766 0.185764 308
2 0.0317017 0.379879 0.0505339 0.0830087 327
0 0.125427 0.346139 0.00942324 0.0514242 333
0 0.353184 0.636742 0.0386468 0.193903 296
2 0.12862 0.307415 0.0374082 0.0604061 362
0 0.948008 0.476948 0.0209124 0.102094 369
0 0.254509 0.418895 0.0168715 0.076224 370
0 0.833448 0.493404 0.0313633 0.142419 361
0 0.886108 0.539832 0.0216312 0.103217 368
0 0.875565 0.526141 0.0262058 0.133122 353
