0 0.142979 0.410662 0.0146859 0.0925606 29
2 0.115365 0.302436 0.0462063 0.0446294 111
0 0.478606 0.543709 0.041626 0.192649 113
2 0.180061 0.864784 0.360123 0.258434 120
5 0.0250333 0.332054 0.0369693 0.102499 128
2 0.336532 0.44365 0.0329939 0.0669134 115
2 0.853809 0.850644 0.247601 0.288081 132
0 0.39533 0.522595 0.0267573 0.122034 82
0 0.381725 0.531166 0.0246465 0.12211 4
0 0.514558 0.563945 0.0592394 0.168224 140
2 0.827334 0.66172 0.100048 0.186314 142
2 0.144551 0.309671 0.012046 0.0307022 143
