2 0.119403 0.5875 0.162328 0.215297 327
2 0.0313797 0.481953 0.062637 0.16719 362
2 0.0542213 0.375516 0.0423002 0.0780985 407
0 0.27245 0.490509 0.0250743 0.127221 421
2 0.0773606 0.348331 0.0384023 0.0557628 425
0 0.123738 0.374218 0.0122656 0.0747884 434
2 0.127554 0.312252 0.0430954 0.0472325 448
2 0.93173 0.899903 0.1339 0.189064 308
2 0.337038 0.440967 0.0338656 0.0694796 451
0 0.818653 0.499297 0.0316551 0.151875 432
0 0.246185 0.43003 0.0146477 0.0763432 464
0 0.864854 0.532076 0.0316558 0.151079 457
