2 0.319125 0.431722 0.0733449 0.082838 787
2 0.133691 0.588545 0.152868 0.186799 902
0 0.12285 0.362491 0.0114557 0.0639081 999
0 0.519041 0.598945 0.0295821 0.162248 1025
2 0.0746325 0.342126 0.0524062 0.0690882 1074
0 0.269183 0.492284 0.0223033 0.117065 1081
2 0.0956444 0.30503 0.0411909 0.0418371 1085
0 0.291661 0.492664 0.0259925 0.144538 1060
0 0.377961 0.69142 0.0605025 0.247461 1104
0 0.341536 0.499801 0.0205047 0.11927 928
0 0.84196 0.500163 0.0230287 0.120683 1117
0 0.1425 0.316974 0.00948383 0.0542673 1122
0 0.669205 0.513927 0.0365425 0.167542 1128
0 0.315776 0.502377 0.0184118 0.118489 1130
2 0.0186359 0.250903 0.0317898 0.0278754 1084
