2 0.133589 0.588194 0.152887 0.187503 902
0 0.139906 0.333411 0.0098096 0.0517656 999
2 0.0201037 0.415375 0.0402073 0.103719 1074
0 0.304423 0.513657 0.0281629 0.147907 1130
0 0.926719 0.477057 0.0224744 0.106304 1163
0 0.396909 0.509111 0.0256713 0.131864 928
0 0.260865 0.432335 0.0177218 0.0935308 1060
0 0.942798 0.486575 0.026252 0.0882391 1179
2 0.0306 0.337135 0.0354569 0.0482667 1182
0 0.376963 0.518315 0.0268437 0.13911 1104
2 0.954687 0.858256 0.0869128 0.167011 1139
0 0.338215 0.503693 0.0223652 0.11226 1155
0 0.131149 0.326952 0.0079639 0.05719 1192
