0 0.115559 0.417819 0.0221658 0.0905306 29
0 0.485157 0.545832 0.0374023 0.186111 113
0 0.514047 0.560791 0.029335 0.1604 226
2 0.336519 0.441978 0.0330153 0.0674176 234
0 0.322559 0.77156 0.0636059 0.246287 250
0 0.0667144 0.434297 0.0198635 0.0915293 257
0 0.368878 0.786654 0.0579918 0.195957 260
0 0.0281335 0.385796 0.0127632 0.0682119 261
0 0.173754 0.390935 0.0143315 0.0701736 266
0 0.19273 0.370868 0.0080212 0.0444686 267
0 0.41769 0.951466 0.0487075 0.0961317 268
0 0.00753 0.975834 0.0143818 0.0472637 269
