0 0.485156 0.546534 0.0374584 0.1861 113
0 0.51379 0.55996 0.0310128 0.162493 226
2 0.336717 0.442364 0.033348 0.0674344 234
0 0.39586 0.61295 0.0390926 0.16147 250
0 0.135418 0.421506 0.0196554 0.0910604 257
0 0.428352 0.611676 0.0291441 0.106086 260
0 0.143287 0.36893 0.0129895 0.0744014 266
0 0.421442 0.753053 0.0684123 0.279287 268
0 0.0223537 0.434176 0.0218928 0.0948435 29
0 0.156986 0.372011 0.0161757 0.0805573 278
0 0.0655902 0.390957 0.0138442 0.072426 261
0 0.166464 0.367046 0.0133663 0.0724281 285
