0 0.403231 0.530642 0.0324524 0.171185 515
0 0.455035 0.530622 0.0248677 0.151541 702
0 0.429759 0.512577 0.0240011 0.154285 701
7 0.276201 0.427831 0.0953718 0.0860613 787
0 0.5195 0.52977 0.0306859 0.158082 863
0 0.376327 0.528847 0.0264682 0.144644 870
0 0.295529 0.482294 0.020939 0.102659 886
0 0.124025 0.348761 0.00901474 0.0513843 894
0 0.143042 0.313492 0.0109189 0.061246 884
0 0.162492 0.4287 0.0187377 0.09439 900
2 0.0962421 0.333179 0.0475377 0.0526347 902
0 0.246721 0.433437 0.0192036 0.0918059 898
