2 0.133692 0.588194 0.152968 0.187502 902
0 0.137919 0.335853 0.0104203 0.0527335 999
2 0.0212774 0.412162 0.0425548 0.102525 1074
0 0.31047 0.515525 0.0287215 0.147635 1130
0 0.91788 0.475138 0.0224333 0.11002 1163
0 0.390293 0.510792 0.023417 0.130039 928
0 0.266971 0.436392 0.0184668 0.0957546 1060
0 0.935683 0.488332 0.0261223 0.0868229 1179
2 0.0208041 0.34438 0.025384 0.0487704 1182
0 0.373512 0.514265 0.0239181 0.129492 1104
2 0.954687 0.856664 0.0866802 0.171425 1139
0 0.334827 0.505161 0.0203761 0.106767 1155
0 0.132151 0.326575 0.00720275 0.0566346 1192
0 0.320233 0.451144 0.0099988 0.0486147 1081
