2 0.93309 0.897007 0.13382 0.191407 308
2 0.119169 0.587473 0.16252 0.215231 327
0 0.310327 0.477412 0.0201342 0.106916 296
2 0.0277258 0.467945 0.0554516 0.158502 362
2 0.33711 0.441644 0.0329939 0.0667814 234
0 0.907948 0.492291 0.0211817 0.0763515 403
0 0.160356 0.401437 0.0118382 0.0694539 338
0 0.167993 0.396645 0.0122431 0.0760601 406
2 0.0825099 0.340276 0.043027 0.0646942 407
0 0.472579 0.51737 0.0402543 0.159867 421
2 0.143743 0.305543 0.016477 0.0339822 425
0 0.903739 0.459087 0.020469 0.0765076 427
