2 0.941241 0.631233 0.117518 0.209534 327
2 0.124575 0.562343 0.158472 0.227111 362
2 0.044437 0.42531 0.0580041 0.106309 407
0 0.285733 0.47679 0.0220059 0.113264 421
2 0.0457956 0.374566 0.0503053 0.0643281 425
2 0.104904 0.324257 0.0478045 0.0515667 448
0 0.341895 0.486321 0.0202388 0.0982844 492
0 0.323408 0.487327 0.0192633 0.0923192 497
2 0.119603 0.822548 0.239207 0.306585 514
0 0.445857 0.515428 0.0518052 0.163782 515
0 0.12681 0.338435 0.0105795 0.0584432 533
0 0.681665 0.524652 0.0164707 0.154216 524
0 0.540261 0.562264 0.0296641 0.12416 531
