2 0.13369 0.588204 0.152956 0.187475 902
0 0.130096 0.341141 0.0110967 0.0558469 999
2 0.0261533 0.391702 0.0523065 0.0938613 1074
0 0.282693 0.476958 0.0170248 0.100554 1081
0 0.375793 0.519708 0.0349798 0.149615 1104
0 0.13805 0.321313 0.0106029 0.0544176 1122
0 0.345747 0.512475 0.024303 0.128368 1130
0 0.325546 0.494685 0.020266 0.104838 1155
0 0.895624 0.518539 0.0324881 0.147913 1153
2 0.954687 0.858395 0.0891645 0.170096 1139
0 0.645223 0.531418 0.0280045 0.149256 1173
0 0.861287 0.492986 0.030953 0.148114 1163
0 0.958028 0.488015 0.018423 0.0806465 1117
