0 0.393628 0.525037 0.0366034 0.175693 515
0 0.457037 0.528101 0.0236125 0.15481 702
0 0.429298 0.513195 0.0247299 0.152777 701
2 0.267532 0.426321 0.112079 0.0941745 787
0 0.151609 0.356092 0.0141773 0.0699356 845
0 0.521104 0.520159 0.0321484 0.162453 863
0 0.341177 0.712795 0.0455986 0.215833 870
0 0.272172 0.471265 0.0244848 0.101957 874
0 0.137348 0.388101 0.0123877 0.0693548 877
0 0.335457 0.4851 0.0174424 0.100598 886
0 0.931217 0.475489 0.0213215 0.110025 885
0 0.233984 0.431667 0.0194027 0.0827778 887
