0 0.207134 0.81247 0.0707387 0.288977 515
2 0.277401 0.428655 0.0918295 0.0866147 787
0 0.129233 0.369832 0.0119322 0.0656708 894
0 0.142129 0.36215 0.0136023 0.0726612 900
2 0.0752277 0.537725 0.096484 0.154408 902
0 0.487132 0.649676 0.0472429 0.15683 909
0 0.447586 0.661931 0.0314175 0.180996 927
0 0.293754 0.482984 0.0196545 0.102044 928
0 0.465927 0.738257 0.0468087 0.235135 934
0 0.42079 0.802177 0.0666216 0.307051 940
0 0.298579 0.865399 0.0790082 0.262017 949
2 0.076629 0.352158 0.0488148 0.0596267 953
0 0.394437 0.612764 0.0552589 0.169467 950
0 0.276536 0.738435 0.0354192 0.145413 702
0 0.297613 0.686167 0.0498007 0.183491 971
0 0.800935 0.509664 0.0331394 0.144651 966
0 0.270056 0.480468 0.0222914 0.102451 957
0 0.143366 0.310616 0.00918264 0.0401345 884
0 0.252113 0.734385 0.0270925 0.199114 974
