0 0.347747 0.629755 0.0437101 0.20037 515
0 0.425721 0.616762 0.0320093 0.172654 702
2 0.277722 0.429248 0.0970679 0.0863087 787
0 0.454754 0.629943 0.0376568 0.190343 863
0 0.287518 0.502093 0.0284303 0.124882 870
0 0.121973 0.35635 0.00834769 0.0529377 894
0 0.143171 0.319173 0.00900663 0.0492254 884
0 0.150603 0.407087 0.0168442 0.0835599 900
2 0.0320696 0.40789 0.0525601 0.0842667 902
0 0.166633 0.431662 0.0137079 0.0843597 907
0 0.197989 0.892329 0.0748434 0.210752 909
0 0.639635 0.508735 0.0275011 0.152841 921
0 0.176519 0.889073 0.0440235 0.215829 927
0 0.416814 0.571644 0.0253383 0.154218 701
