0 0.406373 0.526429 0.0331568 0.175061 515
0 0.455761 0.527755 0.0250929 0.155591 702
0 0.430485 0.512354 0.0236096 0.155522 701
7 0.272845 0.426597 0.0940037 0.0842034 787
0 0.520314 0.519438 0.0314689 0.163901 863
0 0.3791 0.569443 0.0310719 0.150578 870
0 0.303717 0.48177 0.0190023 0.100525 886
0 0.162998 0.405608 0.0137853 0.0833717 877
0 0.129004 0.343095 0.00968606 0.0520676 894
0 0.143676 0.317926 0.0094101 0.0520024 884
0 0.815655 0.503426 0.0314013 0.150601 885
0 0.241776 0.435857 0.015111 0.0764117 898
