2 0.444479 0.626711 0.227303 0.223191 407
0 0.284768 0.476668 0.0250383 0.111693 421
2 0.0686086 0.528606 0.0893961 0.147176 425
2 0.0540402 0.366905 0.0478134 0.0681646 448
0 0.382778 0.472174 0.0268764 0.0833286 515
2 0.114901 0.319158 0.0506089 0.0522185 546
0 0.31972 0.49619 0.0249899 0.115305 492
0 0.431297 0.474958 0.018037 0.0814097 554
2 0.336339 0.441757 0.0336728 0.0678692 548
0 0.496912 0.506727 0.0266364 0.106559 566
2 0.145936 0.815279 0.291872 0.353679 574
0 0.306118 0.508597 0.0283168 0.113389 497
