0 0.102004 0.879121 0.044459 0.233307 113
0 0.144565 0.929726 0.0540971 0.139825 226
2 0.337109 0.441003 0.0335873 0.0694444 234
0 0.141972 0.329842 0.0105193 0.0561208 278
2 0.932804 0.896775 0.134105 0.186103 308
2 0.0283204 0.384749 0.0505681 0.0849841 327
0 0.12475 0.34641 0.0103 0.0557715 333
0 0.357734 0.636879 0.0375654 0.192712 296
2 0.123791 0.309691 0.0405899 0.0599566 362
0 0.945492 0.479217 0.020038 0.0960909 369
0 0.258597 0.420571 0.0151552 0.0737201 370
0 0.84019 0.494495 0.0303909 0.147276 361
0 0.881561 0.529948 0.0274553 0.137649 353
