2 0.310991 0.428235 0.0870717 0.0785936 787
2 0.13375 0.58819 0.152811 0.187503 902
2 0.0201145 0.414131 0.0402289 0.0656566 953
0 0.122738 0.37013 0.0121804 0.0665661 999
0 0.507157 0.624824 0.033743 0.165977 1025
0 0.521708 0.535285 0.0379245 0.144047 957
2 0.0904054 0.331038 0.0490202 0.0618901 1074
0 0.290351 0.502223 0.0265407 0.130122 1081
2 0.0462871 0.331048 0.0452182 0.0531832 1085
0 0.316946 0.500773 0.0302449 0.152284 1060
0 0.678721 0.529074 0.0307149 0.163087 1099
0 0.253893 0.859498 0.100563 0.273365 1104
2 0.0565168 0.239405 0.0419395 0.0443361 1084
0 0.246279 0.456695 0.013531 0.0857473 1112
0 0.306376 0.49595 0.0165528 0.118593 1114
0 0.332199 0.495549 0.015782 0.106475 928
0 0.798047 0.51375 0.0272714 0.144583 1117
