2 0.593022 0.630586 0.233977 0.218834 407
0 0.284956 0.476737 0.0234697 0.111814 421
2 0.114077 0.565559 0.121688 0.169614 425
2 0.0471622 0.377728 0.0476752 0.0717981 448
0 0.385959 0.516208 0.0442808 0.171934 515
2 0.103994 0.325952 0.0502562 0.0522195 546
0 0.322778 0.504574 0.0199962 0.122947 492
0 0.431676 0.513443 0.0353468 0.157439 554
2 0.336631 0.442425 0.0330579 0.0667971 548
2 0.0674592 0.718857 0.134918 0.279969 574
0 0.309157 0.513523 0.0229171 0.117609 497
2 0.0114276 0.365456 0.0172322 0.0527564 587
0 0.476332 0.522211 0.0410515 0.145785 566
