0 0.406374 0.526675 0.0328202 0.175054 515
0 0.455811 0.527754 0.0252321 0.155587 702
0 0.430483 0.512416 0.023608 0.155632 701
7 0.272257 0.426882 0.0949067 0.0844486 787
0 0.520314 0.519665 0.0313732 0.163447 863
0 0.378397 0.567486 0.0309078 0.152125 870
0 0.303519 0.481422 0.018993 0.100159 886
0 0.163811 0.404835 0.0141296 0.0852209 877
0 0.128466 0.343412 0.00956357 0.0512362 894
0 0.143447 0.318058 0.00932814 0.0515107 884
0 0.813015 0.503058 0.031203 0.150384 885
0 0.24178 0.435771 0.0151762 0.0764607 898
0 0.171816 0.434722 0.014978 0.0976389 900
