2 0.326514 0.435467 0.0477789 0.0614331 787
2 0.133692 0.588639 0.153304 0.18802 902
0 0.1249 0.353464 0.0114863 0.0587118 999
0 0.550046 0.555358 0.0260867 0.146655 1025
2 0.0519973 0.358919 0.0543877 0.0796236 1074
0 0.262162 0.484032 0.0194708 0.110883 1081
0 0.291081 0.480049 0.0232498 0.127422 1060
0 0.420272 0.577255 0.0476728 0.183848 1104
0 0.349608 0.505068 0.0206222 0.119278 928
0 0.140558 0.321107 0.00789501 0.0460266 1122
0 0.329819 0.511495 0.0226612 0.12376 1130
2 0.954685 0.855561 0.0874913 0.164585 1139
0 0.916397 0.490814 0.0212807 0.0821797 1129
0 0.811696 0.519812 0.0284917 0.16168 1153
0 0.3047 0.482436 0.010955 0.0985487 1155
0 0.902008 0.486294 0.0194048 0.0886997 1117
