0 0.33271 0.634142 0.045373 0.211576 515
0 0.412337 0.626393 0.0356494 0.192467 702
2 0.277871 0.42871 0.093594 0.0870624 787
0 0.438453 0.640731 0.0406681 0.198708 863
0 0.270163 0.501359 0.0255882 0.114804 870
0 0.121164 0.358216 0.00797106 0.0516312 894
0 0.143166 0.318422 0.00928138 0.0506468 884
0 0.152737 0.39809 0.0161234 0.0802355 900
2 0.0291042 0.424408 0.0513602 0.0907372 902
0 0.168151 0.438338 0.0128595 0.0815034 907
0 0.246763 0.873089 0.0787463 0.246225 909
0 0.218512 0.864935 0.0516006 0.244115 927
0 0.290195 0.482325 0.0183963 0.100649 928
0 0.334058 0.966058 0.0391325 0.0678846 934
