0 0.141952 0.412777 0.0144388 0.0888499 29
0 0.484413 0.545264 0.0352007 0.187511 113
2 0.0385043 0.803653 0.0770086 0.218076 120
5 0.0776472 0.300244 0.0625723 0.0836905 128
2 0.336717 0.443023 0.0340038 0.0681331 115
0 0.441429 0.528715 0.0259429 0.136064 82
0 0.42482 0.542877 0.0275828 0.131377 4
0 0.514713 0.562556 0.0318782 0.158613 140
2 0.0835733 0.345943 0.0439511 0.0573383 143
7 0.0151597 0.31077 0.0303194 0.0653598 158
2 0.388604 0.892923 0.197931 0.203033 159
2 0.763843 0.912072 0.134117 0.169882 132
2 0.54882 0.883538 0.439506 0.226592 149
