0 0.238699 0.744211 0.0638133 0.256238 515
2 0.27701 0.429162 0.0924973 0.087501 787
0 0.124843 0.366157 0.0114533 0.0627411 894
0 0.143745 0.316299 0.0101499 0.0540896 884
0 0.147334 0.371936 0.0139448 0.0736048 900
2 0.057117 0.513044 0.0794009 0.142006 902
0 0.439571 0.724439 0.0430703 0.226222 909
0 0.408453 0.701155 0.0341022 0.193531 927
0 0.292113 0.482387 0.0194775 0.104702 928
0 0.465868 0.794182 0.0536218 0.258082 934
0 0.381303 0.85566 0.0857959 0.281838 940
0 0.196891 0.901745 0.0841835 0.193696 949
2 0.0937313 0.336821 0.0461797 0.0530438 953
0 0.451491 0.592209 0.0415889 0.156047 950
0 0.266013 0.465857 0.0158015 0.0978063 957
0 0.318806 0.729503 0.0482931 0.235642 702
0 0.336666 0.663717 0.0619873 0.196382 971
0 0.29582 0.715694 0.0289583 0.216944 974
0 0.850859 0.501909 0.0382775 0.152711 966
