0 0.28479 0.477407 0.0228214 0.111973 421
0 0.407049 0.495794 0.0307677 0.116412 515
0 0.433515 0.50673 0.0276372 0.143159 554
0 0.456657 0.527821 0.0244281 0.151154 566
2 0.385648 0.652041 0.260149 0.234058 618
2 0.337112 0.440971 0.0335864 0.0694459 624
0 0.130108 0.328147 0.0100116 0.0555305 635
2 0.0653034 0.324499 0.0367527 0.0454053 647
2 0.94611 0.626502 0.10778 0.160917 546
2 0.283001 0.869817 0.294271 0.243352 657
0 0.309374 0.504314 0.0283754 0.0955382 492
2 0.140843 0.300322 0.0268305 0.0540628 662
