2 0.599097 0.631949 0.218367 0.191338 327
2 0.0475038 0.508252 0.0860237 0.186119 362
2 0.0446853 0.393851 0.0376651 0.0738641 407
0 0.28632 0.476883 0.0224989 0.113104 421
2 0.0637426 0.358016 0.0420089 0.0608815 425
2 0.337079 0.441464 0.032644 0.0680171 451
2 0.113658 0.321225 0.0510467 0.0513967 448
0 0.328301 0.477255 0.0153731 0.0954872 492
0 0.317954 0.482431 0.0183923 0.0927708 497
0 0.683163 0.510945 0.00903581 0.116317 512
2 0.382061 0.904292 0.155049 0.180428 514
0 0.51625 0.503472 0.075742 0.126944 515
