0 0.406255 0.527099 0.0309602 0.174887 515
0 0.456671 0.527999 0.0260688 0.155565 702
0 0.430473 0.512486 0.0238935 0.15427 701
7 0.273681 0.425668 0.0985504 0.0847675 787
0 0.520313 0.519439 0.0313303 0.163899 863
0 0.377242 0.54682 0.0279268 0.148918 870
0 0.298707 0.481638 0.0192912 0.0999514 886
0 0.125649 0.345312 0.00930472 0.0503056 894
0 0.143444 0.318092 0.0093317 0.0507666 884
0 0.16845 0.429505 0.0167895 0.0982778 900
2 0.121554 0.316301 0.0396266 0.0460193 902
0 0.242856 0.43209 0.0174526 0.0844018 898
