0 0.393089 0.524325 0.0369521 0.174953 515
0 0.457044 0.528114 0.0237441 0.154791 702
0 0.42894 0.513195 0.0249819 0.152777 701
2 0.270995 0.427244 0.107527 0.0904515 787
0 0.148927 0.355028 0.0140309 0.0690787 845
0 0.521114 0.519474 0.0325423 0.163824 863
0 0.333627 0.735791 0.053851 0.239842 870
0 0.281224 0.475651 0.0232419 0.104272 874
0 0.134791 0.386414 0.0122101 0.0701585 877
0 0.14051 0.308323 0.0106835 0.0366504 884
0 0.343296 0.485098 0.0170424 0.102263 886
0 0.9392 0.477171 0.020164 0.105532 885
