2 0.105779 0.521434 0.0954228 0.170462 407
0 0.284731 0.477245 0.0224894 0.111906 421
2 0.0244847 0.437022 0.0489694 0.0960253 425
2 0.079117 0.340774 0.0461031 0.0580338 448
0 0.299471 0.497413 0.0211309 0.100597 497
0 0.384248 0.511988 0.0438227 0.167234 515
2 0.137364 0.305058 0.0314686 0.0444496 546
2 0.150268 0.851168 0.300535 0.286643 549
0 0.327019 0.491989 0.0201521 0.102305 492
0 0.438737 0.524668 0.0229546 0.127768 554
2 0.336718 0.444064 0.0334942 0.0643521 548
2 0.928422 0.845855 0.121919 0.265553 564
0 0.57963 0.554182 0.0247734 0.106914 566
2 0.840496 0.622758 0.277593 0.239847 362
