0 0.284907 0.476391 0.0225095 0.109717 421
0 0.403065 0.52143 0.0475165 0.167766 515
0 0.431087 0.510367 0.0314427 0.151395 554
0 0.451748 0.518475 0.0317326 0.131439 566
2 0.543513 0.657599 0.277927 0.218499 618
2 0.33711 0.440966 0.0335609 0.0694402 624
0 0.130224 0.328622 0.00975589 0.0552978 635
2 0.0871819 0.312212 0.0362808 0.0429315 647
2 0.18291 0.841412 0.36582 0.305951 657
0 0.322242 0.535029 0.0291004 0.130436 492
2 0.123607 0.30709 0.0367078 0.0542267 662
0 0.30293 0.523062 0.0244402 0.134637 497
