0 0.402395 0.534661 0.0318958 0.163809 515
0 0.454631 0.534741 0.0253429 0.151935 702
0 0.428899 0.513547 0.0241769 0.153547 701
2 0.276545 0.427813 0.0958255 0.0877777 787
0 0.516922 0.540261 0.031406 0.162152 863
0 0.375088 0.52552 0.0258045 0.139314 870
0 0.294293 0.481946 0.0217463 0.102862 886
0 0.123006 0.348854 0.00924398 0.0513873 894
0 0.143156 0.317202 0.00970599 0.053821 884
0 0.160277 0.42507 0.0184034 0.0913083 900
2 0.0893519 0.337687 0.0492447 0.0551298 902
0 0.247348 0.432757 0.0197831 0.0931146 898
2 0.299063 0.418056 0.0375 0.0277778 905
