0 0.404105 0.524921 0.0344926 0.173431 515
0 0.456244 0.528475 0.024057 0.15416 702
0 0.430052 0.512313 0.0242467 0.154596 701
2 0.273975 0.427829 0.0950985 0.0875577 787
0 0.174122 0.374532 0.0131865 0.0621814 845
0 0.52032 0.519443 0.031715 0.163892 863
0 0.37402 0.597057 0.033463 0.156742 870
0 0.305586 0.482625 0.0200331 0.100027 886
0 0.161153 0.396179 0.0153029 0.0897366 877
0 0.132167 0.33922 0.00964673 0.0510253 894
0 0.144423 0.316029 0.010388 0.0556022 884
0 0.838474 0.498947 0.0284443 0.143708 885
0 0.242573 0.437327 0.0145712 0.074534 898
