2 0.0995628 0.516384 0.0911411 0.166852 407
0 0.284786 0.476797 0.0229829 0.112312 421
2 0.024485 0.434537 0.0489699 0.0948547 425
2 0.0797118 0.339743 0.0459181 0.05793 448
0 0.301549 0.497154 0.021914 0.101513 497
0 0.383462 0.512545 0.0463758 0.166898 515
0 0.146707 0.326438 0.00945611 0.0519509 533
2 0.138222 0.303115 0.0289385 0.0411179 546
2 0.163579 0.856152 0.327158 0.276652 549
0 0.327329 0.492981 0.0207431 0.102883 492
0 0.442696 0.519372 0.0233016 0.138551 554
2 0.336727 0.443718 0.0333008 0.0640487 548
2 0.830436 0.627828 0.0946657 0.233068 558
2 0.948066 0.853096 0.099752 0.21954 564
0 0.58125 0.553611 0.025272 0.108056 566
