0 0.0716207 0.906087 0.0697128 0.18512 515
2 0.27602 0.426237 0.0931288 0.0834559 787
2 0.118607 0.577077 0.135142 0.179054 902
0 0.529378 0.598769 0.0319188 0.169515 909
0 0.503985 0.601473 0.0307337 0.168632 927
0 0.465206 0.680156 0.0485352 0.259058 940
0 0.383043 0.745331 0.0543014 0.28053 949
2 0.0552987 0.378471 0.0479789 0.0710151 953
0 0.277765 0.706921 0.0566644 0.243451 950
0 0.167635 0.912674 0.0592591 0.172628 702
0 0.229348 0.826139 0.0556995 0.24341 971
0 0.142497 0.316698 0.00973821 0.0525996 884
0 0.149813 0.43507 0.0178896 0.087879 999
0 0.149237 0.373034 0.0101048 0.0419874 894
0 0.256687 0.941865 0.0618284 0.115268 1025
0 0.131609 0.353698 0.013845 0.0659776 1015
0 0.281025 0.489739 0.0275416 0.11993 957
0 0.332709 0.421538 0.0172765 0.0772798 995
0 0.158119 0.822283 0.0425917 0.120901 1031
0 0.67547 0.502833 0.0278825 0.168886 1036
0 0.442012 0.635508 0.0269409 0.177757 934
