2 0.27568 0.427159 0.112229 0.0891348 787
2 0.133736 0.588614 0.153421 0.188675 902
0 0.490133 0.613773 0.0402609 0.209704 940
0 0.431476 0.664872 0.0419561 0.23858 949
2 0.0492526 0.390418 0.0459707 0.0735945 953
0 0.161725 0.806512 0.0727113 0.260553 950
0 0.0199788 0.983431 0.0288268 0.0331385 702
0 0.145073 0.923106 0.0506259 0.150091 971
0 0.141532 0.316656 0.0109714 0.0542169 884
0 0.14156 0.417391 0.0163008 0.0796988 999
0 0.161831 0.407158 0.0135176 0.0615149 894
0 0.390294 0.871266 0.0667444 0.25181 1025
0 0.128092 0.34683 0.0134904 0.0645749 1015
0 0.314687 0.504642 0.0309368 0.136601 957
0 0.0544578 0.946968 0.0483443 0.105643 1031
0 0.43756 0.547346 0.0277062 0.0975114 934
0 0.286914 0.483866 0.0198492 0.101628 1053
0 0.57816 0.557832 0.0276535 0.142526 909
