2 0.917515 0.626712 0.16497 0.210227 407
0 0.28534 0.475444 0.0222405 0.109221 421
2 0.357555 0.651319 0.242221 0.22358 425
2 0.035833 0.405199 0.0450581 0.0817252 448
0 0.387415 0.502599 0.0304505 0.14002 515
2 0.0788132 0.342472 0.0496247 0.0593854 546
0 0.335147 0.491163 0.0195833 0.0995097 492
0 0.429831 0.513444 0.0305984 0.15581 554
2 0.336706 0.443827 0.0330677 0.0640431 548
0 0.314451 0.498356 0.0183857 0.0864715 497
2 0.0560604 0.32838 0.0380605 0.0459708 587
0 0.461603 0.5277 0.0302668 0.153119 566
2 0.871635 0.853594 0.135762 0.282217 596
