2 0.924912 0.634656 0.150176 0.220708 327
2 0.11317 0.554776 0.147854 0.220805 362
2 0.0436575 0.424152 0.0584055 0.102522 407
0 0.28574 0.477058 0.0220325 0.113811 421
2 0.0484963 0.365932 0.0411473 0.0520122 425
2 0.106994 0.323515 0.0499853 0.0523564 448
0 0.34081 0.488202 0.0186767 0.0939702 492
0 0.323438 0.487795 0.0191671 0.0915274 497
2 0.14176 0.843616 0.283519 0.29945 514
0 0.451844 0.521916 0.0537412 0.169722 515
0 0.126139 0.339136 0.0111688 0.0597801 533
0 0.682013 0.525457 0.0166285 0.153308 524
0 0.543061 0.562688 0.0165897 0.122398 537
