2 0.859521 0.63813 0.227938 0.225501 407
0 0.285159 0.476991 0.0227028 0.112314 421
2 0.236354 0.623932 0.193171 0.209205 425
2 0.0392586 0.393151 0.0474311 0.0798306 448
0 0.386892 0.519087 0.0377775 0.175576 515
2 0.0886618 0.336435 0.0512961 0.0572708 546
0 0.332134 0.505392 0.023966 0.125764 492
0 0.431012 0.519385 0.0274498 0.144111 554
2 0.336723 0.443371 0.0324907 0.0638649 548
0 0.312995 0.51605 0.0224315 0.120998 497
2 0.0359531 0.341809 0.0349065 0.0489039 587
0 0.4645 0.520893 0.0330459 0.148778 566
0 0.490319 0.498611 0.0204016 0.0416667 595
