0 0.393287 0.52502 0.0363805 0.176241 515
0 0.457034 0.528132 0.0235333 0.154871 702
0 0.429314 0.513195 0.0245514 0.152778 701
2 0.266627 0.426543 0.111949 0.0939798 787
0 0.15326 0.357192 0.0140268 0.0717972 845
0 0.519895 0.519427 0.0313997 0.163918 863
0 0.345978 0.695915 0.0470247 0.214858 870
0 0.261037 0.467675 0.0221683 0.105639 874
0 0.142164 0.388896 0.0139871 0.0723577 877
0 0.328409 0.484678 0.0204744 0.101451 886
0 0.923302 0.476873 0.0215111 0.107035 885
0 0.234395 0.432041 0.0193857 0.0833712 887
