0 0.142981 0.410788 0.014582 0.0923062 29
2 0.658239 0.652853 0.289123 0.219093 57
2 0.107086 0.305544 0.045554 0.0445293 111
0 0.479633 0.539392 0.0425717 0.183108 113
2 0.194134 0.869606 0.388268 0.24947 120
5 0.0222556 0.335524 0.0328525 0.106296 128
2 0.336332 0.443642 0.0330657 0.0669605 115
2 0.858751 0.849745 0.231131 0.290219 132
0 0.392631 0.515585 0.0311032 0.131669 82
0 0.378993 0.531161 0.0254627 0.120926 4
0 0.514057 0.552222 0.057506 0.144553 140
7 0.539844 0.844583 0.10939 0.298611 141
