0 0.308839 0.624589 0.0324137 0.129144 515
0 0.378038 0.64669 0.0343449 0.194901 702
2 0.277026 0.428679 0.0925299 0.0888466 787
0 0.396681 0.677546 0.0470179 0.209905 863
0 0.252907 0.489947 0.0222245 0.111467 870
0 0.121653 0.360577 0.00803351 0.0595713 894
0 0.143489 0.317187 0.00954539 0.0535819 884
0 0.152942 0.386156 0.0159839 0.0789724 900
2 0.0336297 0.459114 0.0552302 0.111675 902
0 0.335206 0.814229 0.060831 0.252293 909
0 0.302411 0.804756 0.0499429 0.245587 927
0 0.289447 0.482637 0.0204432 0.1014 928
0 0.416692 0.90113 0.0863138 0.192907 934
0 0.248411 0.942141 0.0713129 0.112865 940
0 0.927775 0.481433 0.0227509 0.100254 941
0 0.0172071 0.969477 0.0182166 0.061045 949
