0 0.393009 0.524226 0.0367061 0.175146 515
0 0.457048 0.528006 0.0239033 0.154612 702
0 0.429315 0.513195 0.0249716 0.152777 701
7 0.267865 0.427117 0.109724 0.0917121 787
0 0.148039 0.356095 0.0132592 0.0654915 845
0 0.52107 0.52007 0.0322909 0.163548 863
0 0.331072 0.744436 0.0550167 0.2292 870
0 0.288122 0.475149 0.0230424 0.106775 874
0 0.132205 0.384075 0.0113833 0.0696965 877
0 0.141014 0.310345 0.00928272 0.0324064 884
0 0.34319 0.486026 0.0133481 0.0998348 886
0 0.948555 0.476089 0.0174801 0.10349 885
