0 0.400777 0.524016 0.0339275 0.172228 515
0 0.456243 0.528481 0.023884 0.154149 702
0 0.429559 0.513901 0.0240282 0.151366 701
2 0.276478 0.42827 0.0946169 0.0881831 787
0 0.17098 0.372894 0.0132022 0.064208 845
0 0.520308 0.51953 0.0312988 0.163719 863
0 0.37594 0.608967 0.0371387 0.169466 870
0 0.30709 0.481235 0.0216992 0.10081 886
0 0.156999 0.395546 0.0131608 0.0815079 877
0 0.133669 0.333446 0.00772696 0.0405919 894
0 0.144552 0.316992 0.0102847 0.0532632 884
0 0.242278 0.436014 0.0145195 0.0752588 898
0 0.851365 0.501216 0.0297612 0.139811 885
