2 0.133778 0.588506 0.152448 0.186868 902
0 0.129037 0.34409 0.0110603 0.055041 999
2 0.0279797 0.38727 0.0529449 0.0901032 1074
0 0.275724 0.47811 0.0182615 0.101289 1081
0 0.287514 0.468467 0.0213045 0.115546 1060
0 0.380595 0.524193 0.0345957 0.14963 1104
0 0.13897 0.321493 0.010447 0.054189 1122
0 0.343891 0.510646 0.0260759 0.132317 1130
0 0.964249 0.489888 0.0179618 0.0764541 1129
0 0.324599 0.495357 0.0193178 0.102729 1155
0 0.845034 0.495394 0.0323003 0.144751 1163
0 0.878597 0.521925 0.0349531 0.148576 1153
2 0.954687 0.85664 0.0890563 0.169795 1139
0 0.639357 0.534169 0.0290098 0.146196 1173
0 0.953538 0.484999 0.019419 0.0856391 1117
