0 0.023484 0.915659 0.0469681 0.167097 113
2 0.337109 0.440965 0.0335267 0.0696219 234
0 0.148554 0.329835 0.0115489 0.0704005 278
2 0.932851 0.897339 0.134298 0.188804 308
2 0.0192621 0.415787 0.0385241 0.0974304 327
0 0.126829 0.349023 0.00996314 0.0551675 333
0 0.38129 0.605444 0.0360641 0.178758 296
2 0.0839768 0.333334 0.0500991 0.0717798 362
0 0.920283 0.493761 0.0204643 0.0727082 379
0 0.882342 0.500821 0.0312512 0.136231 361
0 0.284341 0.420861 0.0166937 0.0736141 370
0 0.117783 0.353484 0.00777203 0.0492528 338
0 0.913571 0.477546 0.0207527 0.0971665 369
