0 0.202321 0.816589 0.0717211 0.288976 515
2 0.277227 0.428497 0.0920648 0.0867748 787
0 0.130095 0.369449 0.0120379 0.0658802 894
0 0.14195 0.362106 0.013651 0.0724124 900
2 0.0772524 0.54021 0.0988447 0.156797 902
0 0.490315 0.646537 0.0445374 0.151382 909
0 0.449949 0.657397 0.0301522 0.173416 927
0 0.293772 0.482762 0.0197094 0.102518 928
0 0.465545 0.729396 0.0468722 0.234018 934
0 0.422618 0.800179 0.065078 0.308994 940
0 0.303805 0.863339 0.0795717 0.267471 949
2 0.0752556 0.353507 0.0484261 0.059232 953
0 0.392623 0.625986 0.058843 0.193567 950
0 0.269335 0.79545 0.0562163 0.244971 702
0 0.29442 0.673262 0.0410638 0.153089 971
0 0.800072 0.508412 0.03527 0.146133 966
0 0.143354 0.310544 0.00947854 0.0405134 884
0 0.244479 0.746958 0.0305064 0.21993 974
