0 0.284949 0.47066 0.0199656 0.0991883 421
0 0.39541 0.520653 0.0384054 0.170408 515
2 0.29673 0.618713 0.216205 0.206595 546
0 0.336255 0.500591 0.0225714 0.115366 492
0 0.428092 0.513276 0.0346585 0.15563 554
0 0.317451 0.50102 0.0152154 0.0785511 497
0 0.453263 0.527848 0.0293564 0.153405 566
2 0.0556402 0.459419 0.0579372 0.11995 618
2 0.337292 0.442604 0.0347205 0.0679282 624
2 0.220241 0.835915 0.380895 0.312533 634
2 0.933212 0.633718 0.133576 0.189182 629
0 0.142255 0.323694 0.0106162 0.0563027 635
7 0.539844 0.845107 0.114063 0.298611 645
