2 0.337109 0.440971 0.0333662 0.0708379 234
2 0.93264 0.898627 0.134721 0.191742 308
2 0.015558 0.448708 0.031116 0.120933 327
0 0.126347 0.353512 0.00911329 0.0564299 333
0 0.390804 0.586268 0.0350161 0.175783 296
2 0.0650048 0.350567 0.0549613 0.0839364 362
0 0.949409 0.492869 0.0195319 0.0702019 379
0 0.307386 0.417105 0.0158994 0.0810751 370
0 0.963439 0.50595 0.015567 0.0407897 389
0 0.920848 0.483107 0.0230042 0.0945296 369
0 0.880213 0.49328 0.0267589 0.130093 361
0 0.11723 0.356653 0.00899762 0.0505876 338
