0 0.292814 0.694966 0.0604182 0.219509 515
2 0.276237 0.429067 0.0921336 0.0875181 787
0 0.373548 0.68366 0.050328 0.222448 863
0 0.246662 0.48657 0.0219027 0.104821 870
0 0.122066 0.362427 0.00808225 0.0590797 894
0 0.143366 0.318421 0.00932301 0.0515157 884
0 0.151824 0.384771 0.0156704 0.0780656 900
2 0.0378024 0.474199 0.0599628 0.120676 902
0 0.372898 0.787528 0.0587491 0.239703 909
0 0.341542 0.777393 0.0496022 0.235012 927
0 0.288543 0.483086 0.0201975 0.102351 928
0 0.440235 0.877944 0.082978 0.240735 934
0 0.286539 0.914591 0.0903345 0.166057 940
0 0.0540239 0.956187 0.0366609 0.0859675 949
2 0.133908 0.3108 0.0288752 0.0441615 953
0 0.519433 0.557325 0.0706063 0.16625 950
0 0.257871 0.449983 0.0216451 0.097636 957
0 0.913778 0.480942 0.0224234 0.0992821 941
