0 0.0891812 0.88429 0.0455337 0.22521 113
0 0.127735 0.939222 0.0499196 0.119931 226
2 0.337109 0.44096 0.033589 0.0694444 234
0 0.142879 0.328173 0.0111367 0.0584035 278
2 0.932807 0.896564 0.133444 0.184729 308
2 0.0253045 0.388601 0.0499106 0.0856355 327
0 0.123385 0.346396 0.0113325 0.0588688 333
0 0.361434 0.63294 0.0359481 0.187958 296
2 0.118034 0.314122 0.0455925 0.0638891 362
0 0.94032 0.479506 0.0200311 0.0970811 369
0 0.261397 0.417924 0.0156839 0.0791965 370
0 0.846543 0.497227 0.0313594 0.146842 361
0 0.888648 0.525637 0.0265031 0.136619 353
