0 0.285154 0.477869 0.0234041 0.114123 421
2 0.430148 0.640548 0.256826 0.210594 448
0 0.398245 0.486997 0.0201853 0.100558 515
2 0.0719484 0.503701 0.0793304 0.144889 546
0 0.337354 0.505132 0.0262896 0.121691 492
0 0.429588 0.486765 0.0232046 0.106156 554
0 0.318267 0.516842 0.0277952 0.116727 497
0 0.455519 0.50023 0.0166402 0.0962951 566
2 0.0622204 0.377921 0.0508934 0.0760984 618
2 0.0776631 0.315713 0.0397346 0.0489035 623
2 0.336718 0.443972 0.0337313 0.0652879 624
2 0.911395 0.847533 0.132482 0.290588 625
