0 0.285153 0.477792 0.0234674 0.114069 421
2 0.410486 0.643119 0.258768 0.217763 448
0 0.398514 0.486869 0.0196757 0.100661 515
2 0.069686 0.501327 0.0776986 0.143929 546
0 0.33748 0.498009 0.0231987 0.10486 492
0 0.429414 0.489205 0.0238167 0.112348 554
0 0.317844 0.513671 0.0268231 0.109972 497
0 0.455719 0.508604 0.0187584 0.113084 566
2 0.0636378 0.375181 0.0513112 0.0759202 618
2 0.0748292 0.317623 0.0385473 0.0478551 623
2 0.336718 0.443682 0.0337258 0.0652536 624
2 0.922433 0.848469 0.12839 0.285769 625
