2 0.124543 0.536201 0.106061 0.1763 407
0 0.284733 0.477243 0.021649 0.111692 421
2 0.025109 0.445798 0.050218 0.101229 425
2 0.0774439 0.342846 0.047886 0.0594797 448
0 0.29718 0.500054 0.0200445 0.100548 497
0 0.38568 0.51205 0.038654 0.166504 515
2 0.135455 0.306327 0.0320678 0.0439225 546
2 0.111469 0.841443 0.222937 0.302797 549
0 0.324999 0.490137 0.0205428 0.107488 492
0 0.43061 0.513813 0.0272897 0.150454 554
2 0.864985 0.840072 0.165051 0.315267 564
2 0.873462 0.624869 0.253075 0.248642 362
