0 0.284924 0.472216 0.0202089 0.101488 421
0 0.394683 0.521543 0.0383101 0.172252 515
2 0.285416 0.615568 0.209505 0.204703 546
0 0.337681 0.509734 0.0260539 0.133732 492
0 0.428018 0.513393 0.034685 0.155625 554
0 0.318526 0.511085 0.0181224 0.0991743 497
0 0.453522 0.527856 0.0292507 0.153025 566
2 0.0545662 0.456278 0.0565402 0.11682 618
2 0.337249 0.443113 0.0345736 0.0674772 624
2 0.231799 0.838787 0.370485 0.308821 634
2 0.92576 0.633497 0.148479 0.198527 629
0 0.142859 0.323439 0.0103191 0.0549314 635
7 0.539844 0.845 0.114063 0.298611 645
2 0.160629 0.281106 0.0320017 0.0358275 623
