0 0.327832 0.650372 0.0449239 0.215295 515
0 0.402382 0.621621 0.0369377 0.209427 702
2 0.277449 0.428554 0.0928664 0.0875004 787
0 0.427219 0.659748 0.0416583 0.208457 863
0 0.264439 0.494921 0.0250638 0.114264 870
0 0.121455 0.35827 0.00821162 0.0571419 894
0 0.143165 0.317915 0.00944284 0.0518939 884
0 0.152914 0.396455 0.0165964 0.0820909 900
2 0.0289698 0.433672 0.0511536 0.0947148 902
0 0.169816 0.438733 0.0129947 0.0847435 907
0 0.282282 0.86106 0.0772581 0.257316 909
0 0.253239 0.853606 0.0570627 0.249995 927
0 0.289529 0.482578 0.0190663 0.101462 928
0 0.365602 0.943555 0.061506 0.109951 934
0 0.152341 0.973376 0.0346827 0.053248 940
0 0.586155 0.545496 0.0330029 0.115535 944
0 0.955841 0.479382 0.0203495 0.0932018 941
