2 0.11933 0.587498 0.162004 0.213873 327
2 0.0316101 0.481989 0.0630734 0.166658 362
2 0.0528812 0.377146 0.0423274 0.0792462 407
0 0.276877 0.483265 0.0242412 0.123335 421
2 0.0759352 0.34955 0.0382333 0.0569978 425
2 0.932816 0.897829 0.134096 0.187662 308
2 0.337112 0.440268 0.0336079 0.0694454 451
0 0.255522 0.429581 0.0144975 0.0833928 464
2 0.126677 0.315087 0.044544 0.0502737 448
0 0.240231 0.435093 0.0144284 0.0819321 471
0 0.113881 0.367839 0.0108385 0.0709834 434
0 0.823125 0.517778 0.0200045 0.129444 477
0 0.803594 0.536076 0.0304874 0.150035 457
