0 0.284765 0.477808 0.0222037 0.113953 421
0 0.404122 0.522442 0.0443409 0.175099 515
2 0.753854 0.65054 0.286179 0.207984 546
0 0.4315 0.513655 0.0274328 0.149081 554
0 0.45542 0.530512 0.0318953 0.15397 566
2 0.139928 0.5629 0.127594 0.185503 618
2 0.336979 0.4413 0.0338133 0.0694664 624
0 0.134157 0.32621 0.0102893 0.0588325 635
0 0.318745 0.518386 0.0244883 0.136794 492
2 0.0157877 0.356337 0.0166141 0.0537404 647
2 0.874254 0.854484 0.165172 0.281692 648
2 0.816144 0.666148 0.114385 0.172018 651
