0 0.406346 0.526371 0.0335288 0.175069 515
0 0.455636 0.527761 0.0249387 0.155593 702
0 0.430487 0.512205 0.023582 0.155206 701
7 0.272708 0.42647 0.0940186 0.0848095 787
0 0.520314 0.519446 0.0314892 0.163886 863
0 0.379926 0.571839 0.0311643 0.149002 870
0 0.30392 0.481479 0.0191589 0.101487 886
0 0.162672 0.407771 0.0130734 0.0781748 877
0 0.129433 0.343439 0.0095513 0.0518248 894
0 0.143948 0.317557 0.00947566 0.0521069 884
0 0.817359 0.503773 0.031609 0.149921 885
0 0.24177 0.436088 0.015018 0.0762632 898
