0 0.142986 0.410467 0.0147283 0.0929511 29
2 0.648664 0.653193 0.252387 0.211296 57
2 0.113149 0.30325 0.0465701 0.0451712 111
0 0.478721 0.542986 0.042025 0.191139 113
2 0.183944 0.866127 0.367889 0.256648 120
5 0.0242037 0.333023 0.0358288 0.103256 128
2 0.336527 0.44343 0.0331791 0.0673599 115
2 0.85529 0.850473 0.244334 0.288904 132
0 0.394799 0.521296 0.0268644 0.119971 82
0 0.381315 0.53067 0.0248228 0.121024 4
0 0.514686 0.563787 0.0611595 0.167824 140
2 0.816932 0.676065 0.0845664 0.161111 142
2 0.145508 0.309514 0.0113196 0.0290278 143
7 0.540584 0.844616 0.109857 0.299598 141
