2 0.119361 0.5875 0.162384 0.215278 327
2 0.0313982 0.481955 0.0627375 0.167567 362
2 0.054397 0.375125 0.0421877 0.077906 407
0 0.272653 0.490938 0.024799 0.126958 421
2 0.0775483 0.347977 0.0387042 0.056195 425
0 0.124336 0.375207 0.0123144 0.0747882 434
2 0.125828 0.312443 0.0433946 0.0479138 448
2 0.93121 0.899094 0.135215 0.191366 308
2 0.336785 0.440964 0.0339577 0.0694854 451
0 0.829255 0.49519 0.0284977 0.14606 432
0 0.244459 0.428878 0.0146242 0.0770512 464
0 0.868996 0.537212 0.0300557 0.136486 457
