0 0.132039 0.873456 0.0676141 0.248369 515
2 0.276827 0.426657 0.0915002 0.0838885 787
2 0.101047 0.562607 0.119771 0.170974 902
0 0.512294 0.624333 0.0380629 0.164383 909
0 0.486943 0.632685 0.0344641 0.181978 927
0 0.2991 0.482305 0.0199076 0.102593 928
0 0.454273 0.71307 0.0516932 0.273193 940
0 0.358296 0.797682 0.0649193 0.293641 949
2 0.0610262 0.369958 0.0476222 0.0653154 953
0 0.326709 0.642824 0.0488295 0.167131 950
0 0.21553 0.873242 0.0556514 0.250444 702
0 0.250665 0.768305 0.0573515 0.253555 971
0 0.143181 0.313431 0.00927156 0.0436114 884
0 0.167414 0.446263 0.01551 0.0906893 999
0 0.274039 0.479135 0.0243839 0.106005 957
0 0.139305 0.379745 0.0131283 0.0650532 894
0 0.13576 0.341377 0.0115792 0.042147 1015
0 0.3393 0.428415 0.00968142 0.0583312 996
