2 0.288869 0.42988 0.11543 0.0889286 787
2 0.13363 0.588178 0.153686 0.189813 902
0 0.530101 0.586378 0.0356718 0.175928 940
0 0.470538 0.626228 0.0392176 0.218897 949
2 0.0461496 0.395109 0.0477115 0.0757653 953
0 0.0411725 0.861815 0.082345 0.256317 950
0 0.142829 0.317574 0.00988328 0.0530492 884
0 0.14857 0.400704 0.0149381 0.0735233 999
0 0.446883 0.777334 0.0446738 0.248545 1025
0 0.131769 0.34086 0.0117903 0.0610852 1015
0 0.356903 0.516027 0.0338367 0.142766 957
0 0.415908 0.520782 0.0309251 0.151442 934
0 0.294217 0.487036 0.0187301 0.101442 1053
0 0.311336 0.486813 0.0178287 0.0984026 928
0 0.469279 0.490539 0.0275825 0.138836 1060
0 0.642133 0.533353 0.0300285 0.152623 1069
