2 0.332751 0.6203 0.266331 0.266024 362
2 0.0552496 0.45965 0.0609046 0.130465 407
0 0.285925 0.455288 0.0182261 0.0697347 421
2 0.0320989 0.400096 0.0515144 0.0793549 425
2 0.0942113 0.330302 0.0441721 0.0520086 448
0 0.340094 0.470147 0.0136562 0.054456 492
0 0.316398 0.469153 0.0125816 0.0493913 497
0 0.392613 0.483326 0.0261827 0.0971948 515
0 0.135808 0.331985 0.0117909 0.0593826 533
0 0.657407 0.528621 0.0301318 0.141287 524
0 0.486469 0.522081 0.0389916 0.154572 531
2 0.83691 0.864651 0.210212 0.263095 542
