2 0.402289 0.629428 0.230386 0.235755 407
0 0.284765 0.475565 0.0252806 0.109442 421
2 0.0601948 0.52021 0.0828378 0.142087 425
2 0.0561403 0.364047 0.0489554 0.068938 448
0 0.382332 0.471472 0.0239555 0.0829037 515
2 0.11793 0.317981 0.0499591 0.0513985 546
0 0.318489 0.478718 0.0193376 0.0816066 492
0 0.43091 0.485972 0.0202143 0.102324 554
2 0.336403 0.442686 0.0328009 0.0660561 548
0 0.502429 0.523684 0.0371475 0.143243 566
2 0.164056 0.823056 0.327894 0.339897 574
0 0.306152 0.490449 0.0199409 0.0725706 497
