0 0.485156 0.545833 0.0376513 0.187528 113
0 0.51323 0.560447 0.0314621 0.161133 226
2 0.33672 0.441661 0.033294 0.0682944 234
0 0.36197 0.692888 0.0507686 0.218635 250
0 0.0957398 0.429959 0.0217363 0.0931257 257
0 0.404509 0.703709 0.0460561 0.168239 260
0 0.0433392 0.386344 0.0136419 0.0701985 261
0 0.16199 0.382515 0.0152643 0.0765625 266
0 0.440833 0.884093 0.107927 0.226117 268
0 0.0074413 0.972748 0.0146397 0.0545036 269
0 0.0791333 0.417333 0.0213461 0.0930053 29
0 0.185555 0.356787 0.00774323 0.0321772 267
