2 0.320585 0.431321 0.0712151 0.0834385 787
2 0.133685 0.588228 0.153323 0.187432 902
0 0.123142 0.360794 0.0112795 0.061903 999
0 0.521271 0.597947 0.0295552 0.165479 1025
2 0.0722774 0.3426 0.0534792 0.0709478 1074
0 0.268662 0.490683 0.0210917 0.110202 1081
2 0.102127 0.304946 0.0436901 0.0437398 1085
0 0.292241 0.489362 0.0250305 0.143949 1060
0 0.382982 0.677108 0.0552679 0.227415 1104
0 0.342697 0.500987 0.0205028 0.120335 928
0 0.142329 0.316359 0.00969049 0.055037 1122
0 0.316849 0.503109 0.0199648 0.119713 1130
2 0.0156432 0.252465 0.0312864 0.0297369 1084
2 0.955469 0.856944 0.0875 0.169444 1139
0 0.862639 0.51652 0.0270803 0.135649 1129
