2 0.119333 0.587498 0.161927 0.213866 327
2 0.031651 0.482271 0.0630277 0.166654 362
2 0.0529091 0.376993 0.042666 0.0798884 407
0 0.276073 0.483827 0.0246057 0.122552 421
2 0.0759835 0.349266 0.0383587 0.0570819 425
2 0.932716 0.89725 0.134568 0.188657 308
2 0.337114 0.440264 0.0336131 0.0694458 451
0 0.254849 0.430476 0.0137907 0.0787272 464
2 0.126944 0.314951 0.0438492 0.0499993 448
0 0.239048 0.435145 0.0139703 0.0795739 471
0 0.773424 0.501184 0.032285 0.162695 432
0 0.116017 0.370003 0.0104585 0.0665767 434
