0 0.284832 0.477797 0.022216 0.113918 421
2 0.787917 0.633685 0.308421 0.218771 448
0 0.394903 0.521862 0.0347637 0.175776 515
2 0.154913 0.568864 0.139784 0.182813 546
0 0.338865 0.512249 0.0263887 0.128968 492
0 0.427779 0.513933 0.0337275 0.156793 554
0 0.319706 0.52297 0.0243186 0.126741 497
0 0.452975 0.528301 0.0297192 0.153727 566
2 0.0477036 0.419391 0.0499023 0.0945697 618
2 0.127113 0.293947 0.0407939 0.0441078 623
2 0.336765 0.443838 0.0331723 0.064182 624
2 0.381393 0.870444 0.162863 0.251015 634
2 0.840831 0.644886 0.141106 0.198123 629
0 0.146786 0.317083 0.0112182 0.051499 635
