0 0.381458 0.587694 0.0370089 0.180244 515
0 0.443396 0.576046 0.0296854 0.156827 702
0 0.427423 0.536531 0.0243334 0.158548 701
7 0.269108 0.428005 0.102222 0.0904704 787
0 0.492966 0.595893 0.0347887 0.172735 863
0 0.330568 0.509205 0.0300496 0.126207 870
0 0.290582 0.482638 0.020273 0.101363 886
0 0.121266 0.352669 0.00845077 0.0557436 894
0 0.142965 0.316679 0.0098674 0.0541902 884
0 0.151577 0.418769 0.0179981 0.0888431 900
2 0.0532785 0.369013 0.0527513 0.0684027 902
0 0.168735 0.42151 0.0122139 0.0813405 907
0 0.239436 0.411937 0.0133085 0.047774 916
