0 0.398225 0.554593 0.0327157 0.166624 515
0 0.454111 0.54818 0.0265937 0.153431 702
0 0.428069 0.520402 0.0242164 0.151375 701
7 0.275187 0.427957 0.0954062 0.0886607 787
0 0.510814 0.552373 0.0333872 0.167151 863
0 0.354961 0.515047 0.0279177 0.130803 870
0 0.291197 0.482901 0.0220082 0.101421 886
0 0.121478 0.350216 0.00917726 0.0535384 894
0 0.143086 0.31707 0.00998295 0.0540649 884
0 0.156325 0.424253 0.0177294 0.0901501 900
2 0.0754498 0.347228 0.0500783 0.0579794 902
0 0.246656 0.432506 0.0198943 0.0894757 898
0 0.167822 0.418872 0.00973506 0.0763698 907
2 0.299043 0.418056 0.0375 0.0277778 905
