2 0.133711 0.588194 0.152941 0.187504 902
0 0.136673 0.336839 0.0107626 0.0534034 999
2 0.022521 0.40637 0.0450419 0.0994993 1074
0 0.309181 0.464481 0.0127844 0.0678183 1081
0 0.321041 0.521922 0.0276278 0.143291 1130
0 0.681168 0.533752 0.0226471 0.13323 1173
0 0.904982 0.483507 0.0243709 0.120551 1163
0 0.381075 0.510354 0.0207635 0.127525 928
0 0.270658 0.448018 0.01959 0.104355 1060
0 0.92548 0.487704 0.0255195 0.0880102 1179
2 0.0142594 0.351398 0.0177301 0.0498904 1182
0 0.36147 0.515326 0.0263805 0.127256 1104
2 0.95448 0.864499 0.0910393 0.182997 1139
0 0.331889 0.501467 0.0201392 0.108393 1155
0 0.840413 0.510278 0.0241718 0.138786 1174
