2 0.0966493 0.513625 0.0893527 0.165567 407
0 0.284906 0.476672 0.023316 0.112806 421
2 0.0244261 0.43285 0.0488523 0.0937286 425
2 0.079667 0.339352 0.045773 0.057711 448
0 0.302777 0.497173 0.0222639 0.101853 497
0 0.383176 0.512833 0.0478358 0.166985 515
0 0.145955 0.327575 0.0100505 0.0543402 533
2 0.138465 0.302924 0.0286017 0.041114 546
2 0.170203 0.858082 0.340406 0.272721 549
0 0.32775 0.493584 0.0208692 0.102079 492
0 0.443175 0.515697 0.0238083 0.1459 554
2 0.336743 0.443662 0.0334173 0.0643548 548
2 0.824144 0.629841 0.0901047 0.232001 558
2 0.955312 0.850278 0.0865066 0.190556 564
7 0.540078 0.845417 0.111419 0.297778 565
