2 0.133665 0.588188 0.152876 0.1875 902
0 0.128514 0.344109 0.0109066 0.0554068 999
2 0.0290476 0.385549 0.0533457 0.0900239 1074
0 0.273289 0.480323 0.0195515 0.105972 1081
0 0.287217 0.468192 0.0220509 0.116588 1060
0 0.383712 0.523578 0.0346395 0.150317 1104
0 0.367342 0.517569 0.020322 0.106005 928
0 0.139495 0.321921 0.0103647 0.0540948 1122
0 0.343143 0.510509 0.0262764 0.131818 1130
0 0.962774 0.486304 0.0207278 0.084165 1129
0 0.323995 0.493958 0.0194254 0.103058 1155
0 0.841224 0.495935 0.0306639 0.146506 1163
0 0.8752 0.525801 0.0323086 0.142557 1153
2 0.954687 0.855663 0.0891478 0.1699 1139
0 0.636255 0.534035 0.0286062 0.142161 1173
2 0.337205 0.432634 0.0344308 0.0481135 787
0 0.787891 0.5175 0.0193736 0.148889 1174
