0 0.0455286 0.915748 0.0640193 0.168189 515
2 0.276479 0.424795 0.090978 0.0806166 787
2 0.122658 0.579151 0.137156 0.177518 902
0 0.53266 0.595133 0.0299076 0.165214 909
0 0.51042 0.598549 0.031788 0.167999 927
0 0.4704 0.673959 0.0464802 0.24911 940
0 0.391351 0.720299 0.0478052 0.257676 949
2 0.0538149 0.381848 0.0460093 0.069499 953
0 0.265492 0.724582 0.0601023 0.248848 950
0 0.146988 0.9235 0.0606478 0.151592 702
0 0.217098 0.854394 0.0642899 0.277183 971
0 0.14203 0.316573 0.0101334 0.0543625 884
0 0.146872 0.433599 0.0163006 0.0841113 999
0 0.150484 0.384869 0.0156448 0.0617635 894
0 0.287079 0.934646 0.0639745 0.129871 1025
0 0.130972 0.352578 0.0133852 0.0652059 1015
0 0.284049 0.494938 0.0277482 0.121645 957
0 0.141506 0.846944 0.0427013 0.115255 1031
0 0.653795 0.503285 0.0325098 0.164065 1036
0 0.442239 0.628979 0.0309059 0.190094 934
0 0.301342 0.484087 0.0197931 0.101984 928
