0 0.327393 0.652145 0.0449658 0.216528 515
0 0.401372 0.621266 0.0367219 0.208512 702
2 0.277274 0.42851 0.0927595 0.087496 787
0 0.426155 0.662251 0.041623 0.208764 863
0 0.263136 0.494402 0.0243936 0.11392 870
0 0.121472 0.358339 0.00813894 0.0571434 894
0 0.143165 0.317766 0.00946132 0.0520501 884
0 0.153019 0.394278 0.0162428 0.0801505 900
2 0.0290402 0.434905 0.0511158 0.0952359 902
0 0.170081 0.439823 0.0127277 0.0830437 907
0 0.285431 0.859052 0.0770315 0.257115 909
0 0.255795 0.850482 0.0585207 0.252332 927
0 0.289592 0.482621 0.01914 0.101454 928
0 0.36982 0.941591 0.0630017 0.11385 934
0 0.16038 0.973384 0.034507 0.0532311 940
0 0.953513 0.480255 0.0204334 0.094042 941
