0 0.406246 0.526206 0.0338569 0.175077 515
0 0.455991 0.527782 0.0247678 0.155592 702
0 0.430489 0.512428 0.0236456 0.155551 701
7 0.273062 0.42676 0.0937871 0.085222 787
0 0.520314 0.519469 0.0315062 0.16384 863
0 0.379989 0.576072 0.0318633 0.151224 870
0 0.304134 0.481322 0.0191389 0.101599 886
0 0.162823 0.405388 0.013785 0.0817193 877
0 0.129735 0.342787 0.00965619 0.0529516 894
0 0.143977 0.317489 0.00964875 0.0530377 884
0 0.819297 0.504056 0.0318474 0.149286 885
0 0.241757 0.436099 0.0149625 0.0758537 898
