0 0.374913 0.593169 0.0353979 0.181719 515
0 0.440024 0.579517 0.0324843 0.159587 702
0 0.425132 0.54483 0.0234343 0.158325 701
7 0.27193 0.427619 0.102138 0.0905782 787
0 0.485623 0.604125 0.034917 0.175133 863
0 0.320227 0.507554 0.0299692 0.124991 870
0 0.2906 0.481937 0.0203861 0.102776 886
0 0.121122 0.352192 0.00817354 0.0556181 894
0 0.142878 0.316659 0.00993794 0.0547694 884
0 0.151271 0.414756 0.0174159 0.0859862 900
2 0.0473804 0.376278 0.0517684 0.069905 902
0 0.168434 0.426875 0.0125515 0.080796 907
0 0.106778 0.936161 0.0537157 0.126001 909
