2 0.119335 0.5875 0.16165 0.214572 327
2 0.0315829 0.481249 0.0628833 0.166834 362
2 0.0568455 0.370125 0.0425848 0.076416 407
0 0.30922 0.501593 0.0304636 0.142626 421
2 0.0905949 0.33859 0.0415542 0.0539986 425
0 0.893422 0.494009 0.0288443 0.135062 432
0 0.144875 0.392426 0.0142006 0.0677336 434
2 0.140363 0.303861 0.0243424 0.0438683 448
2 0.932004 0.900058 0.134953 0.188878 308
2 0.336413 0.441384 0.0359601 0.0669393 451
0 0.933483 0.488809 0.0192988 0.0810245 435
0 0.909157 0.496582 0.0215808 0.0681415 444
