0 0.485156 0.546529 0.0374799 0.186108 113
0 0.514065 0.560414 0.0303244 0.161078 226
2 0.336717 0.441648 0.0340134 0.0692428 234
0 0.405357 0.579184 0.0315012 0.118725 250
0 0.148106 0.421271 0.0195848 0.091231 257
0 0.437474 0.597386 0.029274 0.102861 260
0 0.136186 0.366126 0.0140887 0.0708252 266
0 0.416507 0.710836 0.0605255 0.256853 268
0 0.0102621 0.437129 0.0205242 0.0950522 29
0 0.152879 0.367539 0.0145217 0.0789599 278
0 0.0709874 0.391625 0.0147857 0.0766618 261
0 0.161411 0.362085 0.0118933 0.0657676 285
