0 0.372902 0.597317 0.0358797 0.183845 515
0 0.439672 0.58161 0.0337458 0.16533 702
0 0.42392 0.548278 0.0234616 0.160295 701
7 0.27454 0.427719 0.100049 0.0894762 787
0 0.484335 0.603485 0.0350447 0.177029 863
0 0.316554 0.507044 0.0298778 0.125782 870
0 0.290474 0.482381 0.02027 0.102348 886
0 0.121155 0.352141 0.00811689 0.0555881 894
0 0.14287 0.316542 0.00991821 0.0546255 884
0 0.151279 0.414493 0.0174089 0.085979 900
2 0.0462646 0.377703 0.0513808 0.069885 902
0 0.168374 0.426947 0.0127227 0.081143 907
0 0.112161 0.934696 0.0556582 0.129546 909
