0 0.0821867 0.89415 0.0704757 0.20958 515
2 0.276057 0.425646 0.0911427 0.0818311 787
2 0.114319 0.574579 0.131875 0.177996 902
0 0.525895 0.607721 0.0310774 0.160596 909
0 0.501908 0.610899 0.0308612 0.165989 927
0 0.461989 0.684108 0.0466335 0.254237 940
0 0.376778 0.751228 0.054303 0.277361 949
2 0.0561212 0.377393 0.0475807 0.0685735 953
0 0.297275 0.692154 0.0557652 0.229165 950
0 0.175766 0.898872 0.0602227 0.200357 702
0 0.24362 0.803861 0.0511414 0.239014 971
0 0.14276 0.31763 0.00977775 0.0526197 884
0 0.153719 0.439041 0.0182564 0.0877955 999
0 0.147383 0.384203 0.0121567 0.0597323 894
0 0.233056 0.952611 0.0542498 0.0947787 1025
0 0.132807 0.353987 0.0146459 0.0676085 1015
0 0.28012 0.487944 0.0264392 0.115998 957
0 0.32742 0.419488 0.0167455 0.0786659 995
0 0.172892 0.825849 0.0536076 0.154539 1031
0 0.677266 0.505556 0.0272632 0.162778 1036
0 0.444249 0.642465 0.0289498 0.191122 934
