0 0.154688 0.861682 0.0706977 0.272667 515
2 0.277849 0.42847 0.0929038 0.0870558 787
2 0.0932473 0.55623 0.112827 0.166498 902
0 0.506717 0.627693 0.0384247 0.154329 909
0 0.479404 0.64444 0.0382266 0.18879 927
0 0.293887 0.48273 0.0195549 0.100377 928
0 0.464324 0.693596 0.0391822 0.225329 934
0 0.442288 0.74708 0.0557609 0.289365 940
0 0.346988 0.825422 0.0764262 0.299256 949
2 0.0644158 0.364866 0.0489853 0.0651439 953
0 0.343872 0.651065 0.0484309 0.195029 950
0 0.235003 0.858407 0.0584085 0.275634 702
0 0.266153 0.732785 0.053668 0.229529 971
0 0.3312 0.424812 0.0106155 0.0626888 996
0 0.143472 0.311767 0.00876872 0.0379717 884
0 0.172174 0.449286 0.0133436 0.086425 999
0 0.279384 0.476808 0.0171953 0.0971002 957
0 0.298954 0.396457 0.00926615 0.0453357 995
0 0.760469 0.495 0.0206664 0.117222 1007
