2 0.133603 0.588183 0.152858 0.1875 902
0 0.127985 0.344222 0.0107829 0.0568132 999
2 0.0317867 0.382419 0.0538723 0.0888584 1074
0 0.271326 0.481236 0.0203408 0.107975 1081
0 0.289813 0.470506 0.0222919 0.114708 1060
0 0.39505 0.524262 0.0370719 0.148171 1104
0 0.361329 0.50865 0.0203786 0.122278 928
0 0.140869 0.321329 0.0101484 0.0527334 1122
0 0.342179 0.511223 0.0260063 0.131512 1130
0 0.959346 0.487648 0.0226791 0.0813517 1129
0 0.323057 0.491122 0.0199166 0.105948 1155
0 0.834519 0.493762 0.0295677 0.151937 1163
0 0.943626 0.487803 0.0197299 0.0855059 1117
0 0.871663 0.518578 0.0327978 0.154586 1153
2 0.954687 0.856007 0.0894341 0.170053 1139
0 0.618438 0.488333 0.0140385 0.0343055 1171
5 0.334411 0.433297 0.0377806 0.0489858 787
