0 0.142659 0.863631 0.0677985 0.266472 515
2 0.279233 0.428469 0.0937088 0.0865637 787
2 0.0961575 0.559148 0.115016 0.167386 902
0 0.509442 0.623747 0.0389183 0.161828 909
0 0.481978 0.637129 0.0359511 0.18616 927
0 0.295848 0.482666 0.0195773 0.10056 928
0 0.462939 0.692327 0.0366211 0.224057 934
0 0.448606 0.735461 0.0535131 0.282329 940
0 0.351525 0.805222 0.0691294 0.283443 949
2 0.0631052 0.36682 0.0481724 0.0649369 953
0 0.334982 0.630118 0.0404107 0.140452 950
0 0.225406 0.86239 0.0567538 0.266247 702
0 0.256815 0.743118 0.0551237 0.23965 971
0 0.143363 0.311915 0.00901883 0.0402186 884
0 0.170479 0.44778 0.0142867 0.0901698 999
0 0.274197 0.476365 0.0201816 0.0959975 957
0 0.303015 0.398425 0.00944103 0.045353 995
0 0.138597 0.379279 0.0131286 0.0644068 894
0 0.462734 0.624722 0.0308432 0.0886111 1009
