2 0.519457 0.629429 0.237423 0.220372 407
0 0.284834 0.476471 0.0241041 0.11129 421
2 0.0861271 0.542094 0.100193 0.153221 425
2 0.0512465 0.371439 0.0485926 0.070888 448
0 0.384492 0.50923 0.0488959 0.159423 515
2 0.109888 0.322352 0.0496603 0.0513524 546
0 0.321189 0.504851 0.0227704 0.123966 492
0 0.434004 0.480616 0.0230426 0.090311 554
2 0.336516 0.441886 0.0335282 0.0680693 548
2 0.10891 0.7759 0.21782 0.330006 574
0 0.306933 0.510932 0.0255008 0.117236 497
0 0.524375 0.596944 0.0503035 0.0655555 585
