0 0.358916 0.604475 0.0380189 0.191314 515
0 0.433671 0.596334 0.0348974 0.172242 702
0 0.414769 0.562562 0.0234665 0.164101 701
7 0.269095 0.424708 0.100068 0.0856935 787
0 0.473987 0.623703 0.0370304 0.187878 863
0 0.301589 0.505639 0.0305277 0.12139 870
0 0.287523 0.481474 0.018246 0.100463 886
0 0.121687 0.353708 0.00825884 0.0554406 894
0 0.14297 0.316816 0.00980188 0.0545748 884
0 0.149958 0.411029 0.0168712 0.0847564 900
2 0.0384287 0.391943 0.0518717 0.0758233 902
0 0.167391 0.425822 0.0142193 0.0847415 907
0 0.149498 0.91116 0.0739613 0.174869 909
0 0.662448 0.508475 0.0279851 0.159146 921
0 0.237017 0.432153 0.0186134 0.0907492 898
