2 0.375801 0.625845 0.224637 0.234686 407
0 0.284879 0.471074 0.0237076 0.10016 421
2 0.0553723 0.514956 0.0807708 0.142192 425
2 0.05725 0.362008 0.0497152 0.0691606 448
0 0.382001 0.47514 0.0232986 0.0890105 515
2 0.119522 0.316646 0.0489338 0.0503143 546
0 0.317067 0.4723 0.0170995 0.0706198 492
0 0.430775 0.500972 0.024867 0.133489 554
2 0.336599 0.442296 0.0331937 0.0671415 548
0 0.502012 0.525083 0.038241 0.147102 566
2 0.196984 0.827718 0.31897 0.330546 574
0 0.303453 0.485062 0.0157391 0.0601348 497
