0 0.284984 0.475048 0.0219614 0.107465 421
0 0.407031 0.51203 0.036597 0.148268 515
0 0.432505 0.510409 0.0295425 0.151405 554
0 0.456794 0.529323 0.0248171 0.154305 566
2 0.357805 0.646169 0.24655 0.230489 618
2 0.337112 0.441083 0.033585 0.0694464 624
0 0.130182 0.328654 0.00989717 0.0542801 635
2 0.060167 0.32661 0.0371127 0.0470931 647
2 0.932449 0.632657 0.135101 0.185409 546
2 0.302908 0.875141 0.26478 0.235595 657
0 0.307871 0.494825 0.0223601 0.0788609 492
2 0.142762 0.299279 0.0251333 0.051369 662
