0 0.392963 0.524318 0.0368171 0.174964 515
0 0.457049 0.528267 0.0237657 0.154219 702
0 0.429204 0.513195 0.0249764 0.152777 701
7 0.26841 0.427139 0.108821 0.0908089 787
0 0.148097 0.356071 0.013345 0.065744 845
0 0.521115 0.519611 0.0324093 0.163674 863
0 0.33169 0.738359 0.0547774 0.233596 870
0 0.284934 0.475484 0.022512 0.105702 874
0 0.133122 0.386003 0.0117466 0.070812 877
0 0.140583 0.309317 0.0100166 0.0347107 884
0 0.343061 0.487121 0.0146455 0.0986755 886
0 0.94542 0.476812 0.0185745 0.104766 885
