0 0.284765 0.477794 0.0220902 0.113665 421
0 0.409559 0.522427 0.0435003 0.174001 515
0 0.432887 0.511021 0.0285058 0.153478 554
0 0.457147 0.52969 0.0277219 0.153218 566
2 0.195114 0.59607 0.164951 0.206739 618
2 0.337043 0.441397 0.0335633 0.0694558 624
0 0.131797 0.326635 0.0102876 0.0583633 635
0 0.310841 0.519665 0.0252823 0.131147 492
2 0.0257982 0.345844 0.027216 0.0518245 647
2 0.850053 0.864334 0.202269 0.259779 648
2 0.867515 0.648657 0.2582 0.21191 546
0 0.319213 0.533607 0.0222701 0.107956 497
