0 0.285014 0.476392 0.024004 0.111129 421
2 0.0425328 0.460293 0.0569378 0.119211 448
0 0.387789 0.519766 0.034794 0.174684 515
2 0.0497092 0.378498 0.0448258 0.0667578 546
0 0.341231 0.510426 0.024868 0.13219 492
0 0.427313 0.51525 0.0314264 0.152967 554
0 0.314222 0.515991 0.0226206 0.119524 497
2 0.146776 0.288351 0.0316124 0.0342641 587
0 0.457266 0.528104 0.0258802 0.152109 566
2 0.16126 0.824655 0.32252 0.322155 606
2 0.336516 0.444021 0.0339351 0.0621061 548
2 0.891236 0.656809 0.167839 0.203779 610
