0 0.285152 0.476059 0.0231783 0.109738 421
2 0.638534 0.666712 0.287609 0.212053 425
2 0.0338624 0.427768 0.0469174 0.094737 448
0 0.387457 0.51985 0.0393754 0.177098 515
2 0.0636072 0.357935 0.0487222 0.0647856 546
0 0.336557 0.508944 0.0228774 0.124555 492
0 0.429162 0.51321 0.032905 0.157819 554
2 0.33678 0.44433 0.0332272 0.0623085 548
0 0.315143 0.516181 0.0238572 0.121194 497
2 0.108153 0.305905 0.0474485 0.04386 587
0 0.458242 0.52899 0.0343558 0.150802 566
2 0.390445 0.875207 0.161133 0.240218 607
