2 0.311047 0.428511 0.0859206 0.0786348 787
2 0.133768 0.588507 0.152406 0.186871 902
2 0.0173702 0.414653 0.0347404 0.0626884 953
0 0.122573 0.370089 0.011735 0.0662567 999
0 0.508515 0.621 0.0338989 0.168616 1025
0 0.528518 0.543812 0.0310938 0.126931 957
2 0.0890551 0.33237 0.0500102 0.0634668 1074
0 0.288024 0.501421 0.0249267 0.12991 1081
2 0.0504546 0.328721 0.0446348 0.0518353 1085
0 0.312165 0.49866 0.0294408 0.154526 1060
0 0.274821 0.839959 0.0971057 0.283884 1104
2 0.0532733 0.241079 0.0409473 0.0435665 1084
0 0.250234 0.460416 0.0150625 0.0873697 1112
0 0.331847 0.497682 0.0158591 0.108805 928
0 0.801373 0.512213 0.0280324 0.147564 1117
0 0.616102 0.471072 0.0242393 0.0651186 1118
0 0.144375 0.328218 0.00964189 0.0547027 1015
