2 0.778831 0.637501 0.239801 0.218649 407
0 0.285162 0.476743 0.0228246 0.111817 421
2 0.185958 0.60343 0.164686 0.194683 425
2 0.0416398 0.387564 0.0474177 0.0761765 448
0 0.388183 0.519855 0.0384018 0.174979 515
2 0.0920948 0.333092 0.0507055 0.0552786 546
0 0.33122 0.505614 0.0225833 0.124618 492
0 0.431668 0.513642 0.0299321 0.156409 554
2 0.336471 0.443972 0.0322764 0.0639367 548
0 0.311431 0.515958 0.0221745 0.1204 497
2 0.0237195 0.349695 0.0292448 0.052676 587
0 0.467228 0.518194 0.0362938 0.145246 566
