0 0.284784 0.477795 0.0221823 0.113914 421
0 0.39437 0.521823 0.0350983 0.175701 515
2 0.162079 0.572919 0.144902 0.185675 546
0 0.338746 0.511977 0.0265644 0.13026 492
0 0.427452 0.514071 0.0337039 0.156275 554
0 0.31961 0.523064 0.0242318 0.126698 497
0 0.453042 0.528206 0.0297108 0.153611 566
2 0.0474181 0.42199 0.0500319 0.095764 618
2 0.129698 0.292971 0.0405965 0.0437967 623
2 0.336989 0.443783 0.0335199 0.0648808 624
2 0.365959 0.864135 0.174033 0.261849 634
2 0.846109 0.643208 0.149778 0.206028 629
