2 0.133625 0.58819 0.152923 0.187507 902
0 0.132107 0.340337 0.0107139 0.0544652 999
2 0.0245486 0.396946 0.0490972 0.0924981 1074
0 0.291714 0.478185 0.0174381 0.0979705 1081
0 0.137287 0.323651 0.010168 0.0542138 1122
0 0.347869 0.518508 0.0249194 0.140059 1130
0 0.326618 0.497667 0.0219326 0.108328 1155
0 0.660768 0.532159 0.0299348 0.142594 1173
0 0.87441 0.494348 0.031985 0.142856 1163
0 0.372461 0.506822 0.0214237 0.127069 928
0 0.279847 0.4527 0.0184345 0.102092 1060
0 0.817259 0.512264 0.0217273 0.14536 1174
0 0.905759 0.492924 0.0231443 0.080507 1179
