0 0.141981 0.411915 0.0148527 0.0905095 29
0 0.483462 0.545125 0.0366527 0.188251 113
2 0.024174 0.796041 0.0483481 0.183032 120
5 0.0885112 0.293446 0.0599933 0.0756309 128
2 0.336723 0.443877 0.0333596 0.0664197 115
0 0.448223 0.529169 0.0259587 0.135611 82
0 0.433811 0.548105 0.0285577 0.129225 4
0 0.514346 0.562537 0.0322195 0.159703 140
2 0.0774289 0.352651 0.0461971 0.0599152 143
7 0.0149606 0.310517 0.0294063 0.0620746 158
2 0.359454 0.881675 0.231884 0.228021 159
2 0.00409171 0.370226 0.00547108 0.0662552 161
