2 0.217762 0.596472 0.222821 0.26311 362
2 0.0485879 0.44235 0.0566599 0.116642 407
0 0.285539 0.474964 0.0216302 0.110395 421
2 0.0379002 0.389708 0.0506846 0.0732502 425
2 0.100511 0.327328 0.0447999 0.0508275 448
0 0.341005 0.489777 0.0188416 0.0971134 492
0 0.321917 0.488502 0.0192883 0.0939543 497
0 0.418255 0.516217 0.0433526 0.161421 515
0 0.131339 0.334001 0.0113727 0.0595424 533
0 0.676814 0.524805 0.0199003 0.151887 524
0 0.50563 0.528637 0.0367537 0.15882 531
2 0.891299 0.849749 0.166814 0.28384 542
