0 0.0206379 0.916934 0.0412758 0.161139 515
2 0.272767 0.425005 0.0982193 0.0842873 787
2 0.129542 0.584119 0.147981 0.185923 902
0 0.546424 0.570372 0.0249514 0.15954 909
0 0.530146 0.566837 0.0245779 0.132929 927
0 0.477124 0.647384 0.0456307 0.23139 940
0 0.409991 0.691031 0.0436188 0.246279 949
2 0.0514039 0.386196 0.0467441 0.0736535 953
0 0.232633 0.757008 0.0622995 0.249559 950
0 0.0920186 0.949103 0.0574809 0.101709 702
0 0.199984 0.88737 0.0568756 0.223649 971
0 0.141562 0.315797 0.0104961 0.053137 884
0 0.142468 0.425105 0.0167528 0.080004 999
0 0.156038 0.392432 0.0158232 0.0694362 894
0 0.340397 0.904139 0.0676266 0.19071 1025
0 0.128122 0.350491 0.0128066 0.0651929 1015
0 0.293895 0.496576 0.0286024 0.124597 957
0 0.101265 0.915794 0.0573135 0.15514 1031
0 0.442701 0.609489 0.0332693 0.181362 934
