2 0.314684 0.42927 0.0809958 0.0793335 787
2 0.133718 0.588548 0.152643 0.186791 902
0 0.122778 0.365986 0.0110571 0.0653126 999
0 0.510292 0.615065 0.0317278 0.165886 1025
2 0.0833298 0.335679 0.0515698 0.0663307 1074
0 0.277296 0.49738 0.0236968 0.128494 1081
2 0.0621238 0.321219 0.0400047 0.0497935 1085
0 0.30502 0.498699 0.0272414 0.149505 1060
0 0.317443 0.770605 0.0727645 0.261802 1104
2 0.0433733 0.244321 0.0362363 0.0372951 1084
0 0.258016 0.46128 0.0180681 0.0905238 1112
0 0.334618 0.498065 0.0185503 0.114574 928
0 0.818751 0.514182 0.0274314 0.141847 1117
0 0.142909 0.318054 0.00927022 0.0515519 1122
0 0.146986 0.321308 0.00687099 0.0392805 1015
