2 0.175004 0.565113 0.136608 0.197961 407
0 0.284753 0.477187 0.020902 0.112719 421
2 0.0290215 0.464417 0.0555518 0.112764 425
2 0.0713705 0.348188 0.0505505 0.0629478 448
0 0.297129 0.50211 0.0199752 0.105456 497
0 0.382525 0.514602 0.0358808 0.170485 515
2 0.133779 0.307266 0.0355188 0.0457145 546
0 0.320428 0.501274 0.0193521 0.0954656 492
0 0.429527 0.512007 0.0271977 0.152458 554
2 0.820334 0.851848 0.210595 0.273832 564
2 0.336338 0.443009 0.033957 0.0653343 548
0 0.543368 0.555454 0.0166491 0.105458 568
2 0.936243 0.611105 0.103168 0.224034 558
