2 0.326226 0.433546 0.0522886 0.0680728 787
2 0.133692 0.588815 0.153068 0.187671 902
0 0.124853 0.353652 0.0114797 0.05825 999
0 0.549701 0.554627 0.0267822 0.146682 1025
2 0.052716 0.358167 0.0541522 0.0788384 1074
0 0.262317 0.485474 0.0199367 0.113216 1081
0 0.292052 0.479941 0.0233144 0.127397 1060
0 0.418974 0.580928 0.0498732 0.18731 1104
0 0.34932 0.505366 0.020851 0.118971 928
0 0.140719 0.320728 0.00798445 0.0468844 1122
0 0.329192 0.511818 0.0228499 0.123904 1130
2 0.954685 0.855574 0.0880999 0.166118 1139
0 0.913475 0.489715 0.0218473 0.0833475 1129
0 0.810957 0.51989 0.0279632 0.161363 1153
0 0.304149 0.480643 0.0104091 0.094737 1155
