2 0.294783 0.431155 0.118194 0.0863051 787
2 0.133594 0.588276 0.152921 0.188868 902
0 0.58285 0.564618 0.0305872 0.131117 940
0 0.505285 0.581136 0.0317752 0.16762 949
2 0.040189 0.399819 0.0537336 0.0794042 953
0 0.142857 0.317556 0.009317 0.0522822 884
0 0.144505 0.388732 0.014476 0.0705264 999
0 0.484671 0.710548 0.0399737 0.230722 1025
0 0.135038 0.33565 0.0102267 0.0571001 1015
0 0.399273 0.537289 0.030899 0.152604 957
0 0.300712 0.49118 0.0196445 0.108628 1053
0 0.316821 0.491395 0.0178237 0.107239 928
0 0.411831 0.485508 0.025091 0.132791 1060
2 0.127542 0.309325 0.0411405 0.0556901 1074
0 0.374284 0.504936 0.0182028 0.135054 1081
2 0.0925269 0.226385 0.0421598 0.0350409 1084
