2 0.279754 0.428437 0.108705 0.0875752 787
2 0.13379 0.588073 0.153291 0.188549 902
0 0.49172 0.609998 0.0423768 0.214062 940
0 0.436753 0.665332 0.041121 0.236169 949
2 0.0486824 0.390922 0.0462225 0.0738117 953
0 0.151335 0.811148 0.0725971 0.254451 950
0 0.1374 0.93086 0.049708 0.137367 971
0 0.141599 0.316564 0.010937 0.0541696 884
0 0.141954 0.417036 0.0160433 0.0779116 999
0 0.163559 0.405122 0.0145336 0.0693281 894
0 0.399085 0.864073 0.0627738 0.264325 1025
0 0.128328 0.346412 0.0133035 0.0639661 1015
0 0.32156 0.507201 0.0329228 0.136402 957
0 0.0438154 0.950264 0.048829 0.0992539 1031
0 0.434693 0.536916 0.0281372 0.0931728 934
0 0.286957 0.484218 0.0206854 0.102389 1053
0 0.583149 0.565277 0.0238788 0.126796 909
0 0.539868 0.546125 0.0215908 0.0869042 927
