2 0.677204 0.626083 0.300204 0.250708 362
2 0.0859932 0.503683 0.0809208 0.156081 407
0 0.285717 0.476755 0.024224 0.11299 421
2 0.0246295 0.42728 0.0492589 0.0913426 425
2 0.0822388 0.337434 0.0467501 0.0579002 448
0 0.304572 0.497702 0.0228507 0.100186 497
0 0.382564 0.514923 0.0541686 0.165246 515
0 0.144185 0.332408 0.0091533 0.0498745 533
2 0.138799 0.301449 0.0247078 0.0372062 546
2 0.211117 0.864737 0.349928 0.258263 549
0 0.329362 0.493557 0.0229287 0.103773 492
0 0.446915 0.513597 0.0232681 0.153918 554
2 0.336719 0.44373 0.0337797 0.0647414 548
2 0.793008 0.650951 0.071824 0.200728 558
