0 0.136406 0.873343 0.0431526 0.251547 113
0 0.175535 0.914233 0.0569872 0.169955 226
2 0.337109 0.441084 0.0335808 0.0694444 234
0 0.140175 0.3294 0.010247 0.0574224 278
2 0.932793 0.896014 0.133456 0.185761 308
2 0.0363521 0.374596 0.0499857 0.0801646 327
0 0.124168 0.346365 0.00959178 0.0513386 333
0 0.3483 0.637619 0.0388805 0.190931 296
2 0.135187 0.303288 0.0317061 0.0586173 362
0 0.95461 0.479549 0.0192572 0.0964459 369
0 0.250048 0.413467 0.0194751 0.0884955 370
0 0.822562 0.498878 0.0317315 0.143013 361
0 0.877995 0.546175 0.0249062 0.113189 368
0 0.871434 0.529045 0.0278884 0.145741 353
