0 0.164345 0.854704 0.072921 0.282768 515
2 0.277145 0.428555 0.0926191 0.0871657 787
0 0.135387 0.374632 0.0126585 0.0656155 894
2 0.0893853 0.552519 0.110103 0.16523 902
0 0.504187 0.632666 0.0388561 0.151858 909
0 0.478829 0.644681 0.0421479 0.178943 927
0 0.293211 0.481315 0.0200264 0.10357 928
0 0.463893 0.696766 0.0404672 0.218835 934
0 0.436564 0.751137 0.0566729 0.285704 940
0 0.339702 0.839119 0.0799071 0.303958 949
2 0.0666364 0.362117 0.0487173 0.0633202 953
0 0.357918 0.647296 0.0506425 0.205657 950
0 0.243193 0.846192 0.0587286 0.277474 702
0 0.277848 0.731691 0.0543474 0.230638 971
0 0.294755 0.394883 0.00909459 0.0454665 995
0 0.260287 0.471575 0.0127807 0.0804403 980
0 0.327895 0.42293 0.010821 0.0673026 996
0 0.14349 0.31181 0.00926046 0.0390349 884
0 0.137913 0.345717 0.00834122 0.0448035 900
