2 0.299432 0.430145 0.109031 0.0839292 787
2 0.133646 0.588192 0.153086 0.18888 902
0 0.530857 0.578348 0.0373242 0.158532 949
2 0.0319816 0.406168 0.0612946 0.0802306 953
0 0.142819 0.315429 0.00857838 0.0490962 884
0 0.131535 0.380398 0.0152816 0.0645395 999
0 0.496693 0.655789 0.0287422 0.154217 1025
0 0.43875 0.539666 0.0374631 0.153153 957
0 0.301316 0.49649 0.0206752 0.110229 1053
0 0.319692 0.495219 0.0179474 0.10841 928
2 0.11188 0.31793 0.0479752 0.059322 1074
0 0.336792 0.504365 0.0249243 0.131463 1081
2 0.0134977 0.352833 0.0164442 0.0497525 1085
2 0.282086 0.409014 0.0730463 0.0476482 1088
0 0.382792 0.502397 0.0322546 0.158491 1060
0 0.13726 0.332472 0.0113488 0.057198 1015
0 0.623505 0.478581 0.0237731 0.0600705 1092
