0 0.0628608 0.910836 0.0684556 0.17749 515
2 0.276142 0.42497 0.0911152 0.0813376 787
2 0.120038 0.577618 0.136224 0.179163 902
0 0.531401 0.597382 0.0317345 0.170948 909
0 0.505359 0.600484 0.0308402 0.169223 927
0 0.466926 0.680388 0.0482317 0.258352 940
0 0.385249 0.738567 0.0523766 0.275543 949
2 0.0548059 0.379645 0.047427 0.0708186 953
0 0.27309 0.715034 0.0582051 0.247995 950
0 0.161472 0.916857 0.0594906 0.164066 702
0 0.222057 0.832508 0.0588328 0.257448 971
0 0.142298 0.316635 0.00994919 0.0538942 884
0 0.148486 0.433867 0.0171303 0.0857731 999
0 0.149847 0.374752 0.0110015 0.0428596 894
0 0.266182 0.940294 0.0616731 0.117697 1025
0 0.131391 0.353106 0.0138813 0.066603 1015
0 0.280841 0.492332 0.0276793 0.121958 957
0 0.334558 0.427648 0.0166788 0.0665171 995
0 0.153085 0.831846 0.0433187 0.121142 1031
0 0.667605 0.501323 0.0280273 0.168112 1036
0 0.442083 0.63383 0.0278128 0.181484 934
0 0.300889 0.483094 0.0196014 0.0995709 928
