2 0.120373 0.533784 0.103533 0.174671 407
0 0.284714 0.477387 0.0219074 0.112561 421
2 0.0249655 0.444218 0.0499311 0.10016 425
2 0.0778916 0.342681 0.0473146 0.0588649 448
0 0.297611 0.499696 0.0201951 0.101088 497
0 0.385882 0.512052 0.0396339 0.16745 515
2 0.135757 0.306165 0.0318158 0.0439853 546
2 0.120401 0.843119 0.240803 0.303614 549
0 0.32539 0.49047 0.0206553 0.107572 492
0 0.43097 0.51524 0.027068 0.148373 554
2 0.88098 0.839747 0.158297 0.31513 564
2 0.871315 0.625806 0.25737 0.250509 362
