2 0.327406 0.609443 0.197574 0.216025 407
0 0.285563 0.461008 0.0187272 0.0800309 421
2 0.0473153 0.504441 0.0722822 0.13247 425
2 0.0600939 0.359405 0.0500684 0.0677504 448
0 0.381001 0.502592 0.0312291 0.14245 515
2 0.124121 0.3133 0.0458568 0.0480985 546
0 0.314786 0.470152 0.0153726 0.0667404 492
0 0.429497 0.512505 0.0289167 0.155307 554
2 0.336558 0.440885 0.034638 0.0696127 548
0 0.506024 0.525547 0.0386615 0.151357 566
2 0.270833 0.836373 0.279691 0.313056 574
0 0.302686 0.477212 0.0117044 0.0531413 497
