2 0.337109 0.44073 0.0335325 0.0710921 234
2 0.933043 0.897232 0.133913 0.189958 308
2 0.0158503 0.437498 0.0317005 0.110004 327
0 0.126677 0.352636 0.00875571 0.0539375 333
0 0.388698 0.588121 0.0339762 0.172405 296
2 0.0709237 0.345167 0.053313 0.0799357 362
0 0.94004 0.491411 0.0201892 0.0754633 379
0 0.299527 0.417052 0.0168029 0.0799266 370
0 0.955072 0.507796 0.0152758 0.0399637 389
0 0.906571 0.482844 0.0205475 0.0946622 369
0 0.892481 0.482869 0.0238438 0.111197 361
0 0.117108 0.35518 0.00978584 0.0535838 338
