0 0.28513 0.477364 0.0229458 0.113554 421
2 0.544457 0.650536 0.286735 0.213902 448
0 0.396638 0.520462 0.0329238 0.168393 515
2 0.0939689 0.526617 0.0963062 0.156743 546
0 0.338443 0.510906 0.0258603 0.128855 492
0 0.428823 0.509781 0.0337724 0.151937 554
0 0.319677 0.520715 0.0263939 0.124155 497
0 0.454967 0.514977 0.0243388 0.126206 566
2 0.0548445 0.392162 0.0510703 0.0829944 618
2 0.095081 0.307207 0.0398235 0.0464604 623
2 0.336718 0.443757 0.0334628 0.0652861 624
2 0.852857 0.841331 0.186316 0.304159 625
