0 0.231396 0.745562 0.0569588 0.218318 515
2 0.27711 0.428469 0.0922168 0.0870347 787
0 0.125596 0.365971 0.0115937 0.0640162 894
0 0.144732 0.368007 0.0137857 0.0719033 900
2 0.062379 0.5204 0.0842617 0.145878 902
0 0.453492 0.675611 0.0332869 0.161863 909
0 0.42372 0.694233 0.0379436 0.213724 927
0 0.293401 0.48263 0.0194339 0.102066 928
0 0.466474 0.774115 0.0515667 0.249178 934
0 0.398414 0.845073 0.0826971 0.299254 940
0 0.231883 0.8936 0.0830782 0.209985 949
2 0.0889441 0.342106 0.0484003 0.0556318 953
0 0.43321 0.574055 0.034322 0.119249 950
0 0.307277 0.753498 0.0526445 0.249436 702
0 0.323234 0.663532 0.0573935 0.185798 971
0 0.831875 0.506111 0.0344498 0.148069 966
0 0.288384 0.72038 0.0300346 0.220824 974
