2 0.310244 0.427718 0.0877586 0.0776088 787
2 0.133711 0.588205 0.152791 0.187469 902
2 0.0237695 0.413035 0.0475389 0.0724208 953
0 0.123376 0.371785 0.0129284 0.0669094 999
0 0.505113 0.632138 0.0345095 0.169165 1025
0 0.510354 0.531242 0.0366182 0.147608 957
2 0.0931104 0.329767 0.0492199 0.0615592 1074
0 0.293114 0.504361 0.0276852 0.12799 1081
2 0.039324 0.334692 0.0439691 0.0536567 1085
0 0.323897 0.502699 0.0323198 0.155525 1060
0 0.143371 0.328144 0.0100115 0.056396 1015
0 0.670972 0.528085 0.034254 0.163409 1099
0 0.214774 0.876928 0.0980581 0.241188 1104
2 0.0604036 0.237463 0.0412178 0.0429535 1084
0 0.241173 0.456544 0.0117085 0.0771904 1112
0 0.584799 0.555232 0.0273672 0.106727 949
