0 0.284942 0.477399 0.0235266 0.116044 421
0 0.400861 0.522368 0.0410699 0.174474 515
0 0.433486 0.511934 0.028022 0.153016 554
0 0.4563 0.530084 0.027268 0.157368 566
2 0.336729 0.443217 0.0323017 0.0656191 624
0 0.129146 0.327896 0.0105502 0.0567121 635
2 0.0341765 0.741493 0.0683531 0.194351 657
0 0.332143 0.522585 0.0228914 0.128397 492
2 0.0794381 0.334788 0.0497372 0.073331 662
0 0.300819 0.524648 0.0235733 0.136047 497
2 0.872032 0.657121 0.197349 0.220367 669
2 0.138251 0.291686 0.0343488 0.0369656 647
