0 0.285108 0.475706 0.0234181 0.109021 421
2 0.0374847 0.447012 0.0529335 0.111071 448
0 0.387608 0.519266 0.0358738 0.176059 515
2 0.0541682 0.370839 0.0467707 0.0676613 546
0 0.340167 0.51126 0.023851 0.130446 492
0 0.427279 0.511601 0.0330667 0.159197 554
0 0.31375 0.516357 0.0230396 0.120885 497
2 0.136273 0.293758 0.0396376 0.0366924 587
0 0.45854 0.528022 0.0274828 0.151717 566
2 0.225392 0.844453 0.450785 0.297795 606
2 0.855761 0.667272 0.275962 0.210803 425
2 0.336564 0.443357 0.032538 0.0603152 548
