0 0.485156 0.545833 0.0373981 0.186217 113
0 0.512882 0.560406 0.0319095 0.161189 226
2 0.33672 0.441663 0.0334234 0.0687711 234
0 0.36904 0.68914 0.0511345 0.217994 250
0 0.098626 0.434283 0.0212807 0.08559 257
0 0.414681 0.693232 0.0457634 0.161434 260
0 0.0463097 0.38443 0.0146123 0.0745064 261
0 0.15981 0.381627 0.0148018 0.0765213 266
0 0.438747 0.873006 0.106887 0.248697 268
0 0.00783354 0.972875 0.0148313 0.0542496 269
0 0.0746263 0.419881 0.0217527 0.0963348 29
0 0.18021 0.375025 0.017741 0.0705673 278
