0 0.0929987 0.886407 0.0742043 0.226913 515
2 0.275618 0.426124 0.0919405 0.0832218 787
2 0.109807 0.570219 0.127429 0.175164 902
0 0.52357 0.611802 0.0346501 0.169993 909
0 0.49859 0.618504 0.0332522 0.179836 927
0 0.458648 0.701533 0.0513864 0.281285 940
0 0.369716 0.761457 0.0540904 0.27578 949
2 0.0576279 0.374962 0.0475226 0.0673653 953
0 0.312804 0.691896 0.0577034 0.230892 950
0 0.18711 0.879966 0.0571834 0.200482 702
0 0.249682 0.788001 0.0527895 0.25097 971
0 0.142806 0.316593 0.00987401 0.0505049 884
0 0.157073 0.439814 0.0175852 0.0899189 999
0 0.144866 0.380664 0.0137257 0.066743 894
0 0.207232 0.965271 0.0427028 0.0694574 1025
0 0.133635 0.355749 0.0157778 0.0679213 1015
0 0.276963 0.489815 0.0262718 0.117671 957
0 0.323071 0.418972 0.018418 0.0779892 995
0 0.180092 0.808066 0.0523503 0.150121 1031
