0 0.0250021 0.915207 0.0500041 0.164977 113
2 0.337109 0.440953 0.0336999 0.0699288 234
0 0.148797 0.330066 0.0113769 0.0686808 278
2 0.932652 0.897522 0.134697 0.188436 308
2 0.0196373 0.413953 0.0392745 0.0971836 327
0 0.127043 0.349021 0.00988778 0.0544858 333
0 0.380403 0.606058 0.0359522 0.17721 296
7 0.0891234 0.330997 0.0538108 0.0757143 362
0 0.918725 0.492474 0.021184 0.0759779 379
0 0.879532 0.503513 0.0314638 0.137171 361
0 0.283148 0.419267 0.0173197 0.0767981 370
0 0.118353 0.353372 0.00778075 0.0506345 338
0 0.915711 0.477097 0.0206155 0.0974366 369
