2 0.896366 0.64318 0.207268 0.227212 327
2 0.0937465 0.543588 0.132447 0.213904 362
2 0.0440585 0.406343 0.0445036 0.0757542 407
0 0.285934 0.47638 0.021966 0.1139 421
2 0.0537397 0.364344 0.0395654 0.0535932 425
2 0.110067 0.323164 0.0513348 0.0527623 448
0 0.338844 0.487271 0.0196928 0.0923227 492
0 0.32367 0.487354 0.0183059 0.0907738 497
2 0.173959 0.854371 0.347918 0.277516 514
0 0.459369 0.520942 0.0520314 0.173306 515
0 0.124476 0.342457 0.0106415 0.0570643 533
0 0.682003 0.527589 0.0170724 0.150672 524
0 0.561142 0.563678 0.030868 0.124517 531
