0 0.405624 0.527115 0.0309638 0.173643 515
0 0.457269 0.528363 0.0256432 0.155561 702
0 0.430471 0.512936 0.0239839 0.154146 701
7 0.276464 0.426306 0.0960022 0.0834112 787
0 0.520313 0.524813 0.0296155 0.153151 863
0 0.378392 0.541836 0.0278923 0.150344 870
0 0.296623 0.482592 0.0197117 0.100798 886
0 0.125179 0.345332 0.00932675 0.0514451 894
0 0.143279 0.317043 0.00968753 0.0526938 884
0 0.165407 0.429585 0.0172183 0.0975129 900
2 0.113805 0.32259 0.0445886 0.0502877 902
0 0.784755 0.494312 0.0275738 0.137329 885
