0 0.348942 0.624878 0.0431299 0.20013 515
0 0.429216 0.615189 0.0320636 0.175021 702
0 0.415681 0.567676 0.0247621 0.15033 701
2 0.275927 0.429017 0.100181 0.0878686 787
0 0.461503 0.62575 0.036633 0.190223 863
0 0.289769 0.502757 0.0289204 0.125769 870
0 0.121879 0.354983 0.00870657 0.055889 894
0 0.143148 0.318888 0.00906099 0.0497892 884
0 0.149962 0.407904 0.0171301 0.0852039 900
2 0.0330042 0.404788 0.0515338 0.0809959 902
0 0.166246 0.431415 0.013887 0.0846277 907
0 0.18943 0.898201 0.0748662 0.20165 909
0 0.640465 0.507861 0.0280217 0.158255 921
