7 0.312282 0.428467 0.0841035 0.0778011 787
2 0.133768 0.58855 0.152425 0.186786 902
2 0.0153468 0.41678 0.0306936 0.0613324 953
0 0.122399 0.369594 0.0114544 0.0662912 999
0 0.509486 0.619388 0.0331957 0.167287 1025
0 0.53362 0.550531 0.0279402 0.115409 957
2 0.0879124 0.33314 0.0503939 0.0639189 1074
0 0.286171 0.501385 0.024419 0.130667 1081
2 0.0527901 0.3272 0.0434713 0.0506202 1085
0 0.310976 0.498015 0.0286303 0.154587 1060
0 0.283738 0.81909 0.0880153 0.270993 1104
2 0.0516044 0.241391 0.0406232 0.042934 1084
0 0.252107 0.460128 0.0161972 0.0890644 1112
0 0.331044 0.496717 0.0161632 0.108131 928
0 0.807409 0.516581 0.0264207 0.139061 1117
0 0.144595 0.327491 0.00938139 0.054601 1015
