0 0.0312468 0.922406 0.0607423 0.15498 515
2 0.276238 0.424447 0.091838 0.080869 787
2 0.126148 0.582209 0.143651 0.183541 902
0 0.542663 0.583364 0.0261729 0.149219 909
0 0.518233 0.581597 0.0305758 0.158173 927
0 0.474198 0.655531 0.0459437 0.241601 940
0 0.398245 0.715936 0.0478874 0.26731 949
2 0.0524439 0.383716 0.046608 0.0713589 953
0 0.253842 0.727604 0.0544658 0.243736 950
0 0.124231 0.938679 0.0560686 0.122456 702
0 0.20959 0.870327 0.0602683 0.259346 971
0 0.142143 0.316497 0.0101075 0.0534454 884
0 0.143331 0.430298 0.0163192 0.0860506 999
0 0.153507 0.394095 0.0152069 0.0621143 894
0 0.311002 0.921007 0.0683421 0.156463 1025
0 0.129761 0.351281 0.0130485 0.0654717 1015
0 0.284856 0.496099 0.0264767 0.120647 957
0 0.123089 0.869889 0.0475586 0.132592 1031
0 0.640672 0.501402 0.0344693 0.167278 1036
0 0.440763 0.626602 0.0319959 0.186502 934
0 0.303123 0.483515 0.0196533 0.100044 928
