2 0.133695 0.588194 0.152962 0.187496 902
0 0.137697 0.335579 0.0104375 0.052779 999
2 0.0215213 0.411339 0.0430425 0.102892 1074
0 0.310645 0.516484 0.0285589 0.145556 1130
0 0.915556 0.475249 0.022193 0.108379 1163
0 0.387859 0.510148 0.0222997 0.128773 928
0 0.267234 0.437963 0.0185701 0.0960099 1060
0 0.933677 0.489235 0.0255431 0.0854934 1179
2 0.0196383 0.345346 0.0240424 0.0493908 1182
0 0.372137 0.513806 0.0238184 0.128852 1104
2 0.954687 0.857812 0.0859857 0.170485 1139
0 0.334508 0.505259 0.0201138 0.106613 1155
0 0.132227 0.327222 0.00705445 0.0555556 1192
