2 0.576015 0.633902 0.247271 0.226978 407
0 0.284921 0.47651 0.0236269 0.111364 421
2 0.103727 0.557622 0.114628 0.164778 425
2 0.0484499 0.376423 0.047888 0.071313 448
0 0.385952 0.515937 0.0466053 0.172768 515
2 0.106247 0.324727 0.050287 0.0520536 546
0 0.321837 0.504185 0.0206513 0.122773 492
0 0.431498 0.511832 0.036485 0.154331 554
2 0.336348 0.442725 0.0330138 0.066637 548
2 0.0804866 0.738313 0.160973 0.297775 574
0 0.307825 0.512012 0.0235792 0.118563 497
2 0.0090348 0.366113 0.0146835 0.0464442 587
0 0.478144 0.508073 0.0337086 0.116749 566
