0 0.284781 0.476394 0.0236323 0.110975 421
2 0.747818 0.668827 0.287749 0.208734 425
2 0.0346318 0.434547 0.0494666 0.101584 448
0 0.388598 0.519719 0.0377124 0.176993 515
2 0.0595311 0.363523 0.0464943 0.0645448 546
0 0.338155 0.513158 0.0236764 0.125119 492
0 0.427451 0.514265 0.0325193 0.155278 554
0 0.315336 0.516118 0.0234904 0.120366 497
2 0.124037 0.301638 0.0440762 0.0404961 587
0 0.45909 0.528563 0.0304185 0.150935 566
2 0.329419 0.861107 0.206371 0.264472 607
2 0.636242 0.670034 0.172459 0.21459 608
