0 0.382845 0.587894 0.0373084 0.180373 515
0 0.444875 0.575333 0.029324 0.157635 702
0 0.428352 0.534849 0.024619 0.15819 701
7 0.272756 0.428399 0.102201 0.0907067 787
0 0.494191 0.592216 0.0344546 0.170771 863
0 0.33163 0.507417 0.029963 0.128835 870
0 0.29058 0.482627 0.0203151 0.101386 886
0 0.121266 0.352883 0.00854891 0.055964 894
0 0.142965 0.316736 0.00987848 0.0541933 884
0 0.151521 0.419026 0.0180021 0.0888428 900
2 0.0545442 0.366849 0.0531827 0.0683575 902
0 0.168709 0.421494 0.0122707 0.0822692 907
0 0.0640658 0.949142 0.0353035 0.101716 909
0 0.239411 0.412144 0.0130991 0.0468541 916
