2 0.292935 0.430578 0.120058 0.0874654 787
2 0.133593 0.588552 0.153155 0.189582 902
0 0.567005 0.555066 0.0370214 0.152844 940
0 0.490236 0.598818 0.0351306 0.189449 949
2 0.0427267 0.397933 0.0510367 0.0777477 953
0 0.142611 0.318319 0.00929949 0.0519658 884
0 0.147637 0.392523 0.0147698 0.0733604 999
0 0.472591 0.729446 0.040902 0.228566 1025
0 0.134009 0.338793 0.0108114 0.0596193 1015
0 0.382284 0.524767 0.033778 0.165266 957
0 0.29908 0.490343 0.019377 0.106072 1053
0 0.314416 0.491203 0.0184509 0.106266 928
0 0.432158 0.506901 0.0335939 0.168501 1060
0 0.677608 0.51793 0.0284649 0.14282 1069
0 0.666404 0.513265 0.0263884 0.142722 1071
2 0.136325 0.302843 0.0319757 0.0540929 1074
