0 0.284766 0.476691 0.0215502 0.110375 421
0 0.40617 0.522326 0.0439444 0.173793 515
0 0.432663 0.511185 0.0288358 0.151611 554
0 0.457089 0.529368 0.0260152 0.154393 566
2 0.253827 0.620392 0.200237 0.220676 618
2 0.337117 0.441238 0.0335762 0.0694498 624
0 0.130607 0.326529 0.0102829 0.057648 635
0 0.304739 0.518438 0.0245335 0.126337 492
2 0.0401457 0.33804 0.0330164 0.0489589 647
2 0.811012 0.880227 0.194507 0.225817 648
2 0.886247 0.640503 0.227507 0.206175 546
2 0.417188 0.925556 0.135612 0.140556 657
