0 0.285112 0.4764 0.0239566 0.111158 421
2 0.0436262 0.462637 0.0574076 0.120282 448
0 0.387857 0.519842 0.0346464 0.174492 515
2 0.0490415 0.380038 0.0452379 0.0676476 546
0 0.341439 0.510433 0.0253985 0.132146 492
0 0.427317 0.515603 0.0312931 0.152315 554
0 0.314376 0.515987 0.0225381 0.119459 497
2 0.148451 0.287199 0.0296681 0.0335235 587
0 0.457051 0.528408 0.0257532 0.151794 566
2 0.150638 0.817077 0.301276 0.315827 606
2 0.336645 0.444312 0.0340446 0.0624074 548
2 0.898571 0.655872 0.167023 0.202624 610
