0 0.28475 0.47632 0.0236634 0.110518 421
2 0.774843 0.667197 0.275145 0.198983 425
2 0.0354049 0.438568 0.050466 0.104457 448
0 0.388709 0.519414 0.0368768 0.176373 515
2 0.0576777 0.365812 0.046598 0.0656891 546
0 0.338502 0.51302 0.0240717 0.127248 492
0 0.427273 0.512581 0.0330285 0.157828 554
0 0.314381 0.516523 0.0233026 0.120747 497
2 0.129242 0.299216 0.0420331 0.0378966 587
0 0.459041 0.528635 0.0292155 0.150743 566
2 0.306273 0.823179 0.189202 0.206035 607
2 0.828727 0.674081 0.143313 0.178854 610
2 0.659375 0.649444 0.0543528 0.158333 611
2 0.30222 0.90044 0.327492 0.189599 606
2 0.336717 0.44444 0.0335161 0.0624869 548
