0 0.361726 0.605248 0.0379778 0.189957 515
0 0.434509 0.596578 0.0353367 0.172585 702
0 0.415415 0.562503 0.0233176 0.164202 701
7 0.268681 0.424348 0.098719 0.0850508 787
0 0.474802 0.621648 0.036901 0.187511 863
0 0.303707 0.505989 0.0308722 0.122961 870
0 0.288192 0.481952 0.0188594 0.101429 886
0 0.121676 0.353861 0.00824021 0.0555581 894
0 0.14297 0.31675 0.00982847 0.0547065 884
0 0.150205 0.412619 0.0169017 0.0849772 900
2 0.0392013 0.390293 0.0513162 0.0742787 902
0 0.167466 0.426012 0.0141092 0.0843547 907
0 0.144056 0.913359 0.073025 0.171005 909
0 0.662642 0.508888 0.02682 0.15842 921
0 0.237115 0.432675 0.0199299 0.0916476 898
