2 0.271964 0.425589 0.108903 0.0864027 787
2 0.132625 0.586778 0.150269 0.185868 902
0 0.483431 0.632525 0.0440665 0.225282 940
0 0.42305 0.682788 0.044431 0.247309 949
2 0.0502083 0.388613 0.0461573 0.0739822 953
0 0.193419 0.785566 0.0667768 0.247181 950
0 0.0462006 0.975308 0.0378011 0.0493838 702
0 0.165741 0.903051 0.0561353 0.193899 971
0 0.141517 0.316409 0.0109824 0.0542214 884
0 0.141121 0.422187 0.0164028 0.0804758 999
0 0.158508 0.399303 0.0150858 0.0687063 894
0 0.378318 0.886395 0.0696411 0.222797 1025
0 0.127753 0.349598 0.013356 0.0646723 1015
0 0.303069 0.503416 0.0301904 0.134247 957
0 0.0776814 0.935227 0.0522738 0.129546 1031
0 0.436234 0.571006 0.0254678 0.123539 934
0 0.287656 0.488611 0.0177743 0.0922222 1053
