2 0.280982 0.428564 0.107763 0.088448 787
2 0.133757 0.587822 0.153167 0.188516 902
0 0.494876 0.609313 0.0433548 0.210203 940
0 0.440052 0.662946 0.0404797 0.233555 949
2 0.0485426 0.391066 0.0469099 0.0749277 953
0 0.144425 0.815538 0.0740204 0.243879 950
0 0.128654 0.935046 0.0498187 0.127337 971
0 0.141603 0.31654 0.0108778 0.0539072 884
0 0.142506 0.415449 0.016059 0.0781588 999
0 0.164883 0.403965 0.01461 0.0730468 894
0 0.405049 0.859474 0.0594879 0.269833 1025
0 0.128483 0.34647 0.0132013 0.0638 1015
0 0.322857 0.506527 0.0336562 0.138815 957
0 0.0382392 0.954591 0.0471116 0.0908173 1031
0 0.432995 0.535424 0.0293686 0.0975306 934
0 0.287167 0.4837 0.0212955 0.102114 1053
0 0.584126 0.564068 0.024191 0.127897 909
0 0.535748 0.54297 0.0278871 0.087419 927
0 0.306846 0.488293 0.017317 0.0859402 928
