0 0.142826 0.411133 0.0144864 0.0916206 29
2 0.120296 0.299036 0.0450739 0.0432887 111
0 0.479634 0.54386 0.0394537 0.193077 113
2 0.164722 0.860415 0.329444 0.268062 120
5 0.0280777 0.328666 0.0417779 0.0998657 128
2 0.336661 0.444001 0.0328163 0.0661919 115
2 0.847762 0.857717 0.248737 0.275411 132
0 0.400915 0.521506 0.0268687 0.128657 82
0 0.388089 0.533283 0.0245925 0.123092 4
0 0.511036 0.562713 0.0521863 0.165778 140
2 0.862746 0.649369 0.137051 0.216313 142
2 0.140074 0.308761 0.0180201 0.0435385 143
