2 0.133492 0.588281 0.152904 0.1875 902
0 0.145628 0.327667 0.00936844 0.0501255 999
2 0.0183607 0.437777 0.0367214 0.11826 1074
0 0.297129 0.497872 0.0253197 0.135587 1130
0 0.417565 0.516158 0.0225917 0.137579 928
0 0.243409 0.423628 0.0181062 0.0965565 1060
2 0.0961446 0.306363 0.0471603 0.0433236 1182
0 0.401742 0.5253 0.0256535 0.141437 1104
2 0.954687 0.858326 0.0903503 0.16943 1139
0 0.351865 0.508101 0.0226361 0.120205 1155
0 0.128123 0.332125 0.0103088 0.0588784 1192
0 0.90627 0.484932 0.0199532 0.0930994 1174
0 0.760464 0.517928 0.0160686 0.136872 1213
