0 0.284759 0.47779 0.0220996 0.113906 421
0 0.392883 0.521242 0.0359564 0.17549 515
2 0.185634 0.584894 0.161892 0.195432 546
0 0.339017 0.510037 0.0266225 0.132727 492
0 0.427806 0.514136 0.0337573 0.155285 554
0 0.319229 0.523067 0.0240066 0.126599 497
0 0.453057 0.528056 0.029756 0.153349 566
2 0.0474846 0.428303 0.0507888 0.0997116 618
2 0.137051 0.289826 0.0384903 0.0414795 623
2 0.337115 0.44398 0.0336274 0.064821 624
2 0.324043 0.858282 0.20344 0.269839 634
2 0.862387 0.647543 0.171796 0.216607 629
0 0.146236 0.322964 0.0110975 0.0526427 635
