0 0.31909 0.652891 0.045598 0.221105 515
0 0.391813 0.641623 0.0343975 0.192419 702
7 0.276175 0.428467 0.093723 0.0889343 787
0 0.418042 0.663807 0.0408151 0.209591 863
0 0.260389 0.493755 0.0222139 0.112438 870
0 0.121334 0.358386 0.00827849 0.0595445 894
0 0.143164 0.319101 0.00907615 0.0498448 884
0 0.152822 0.391384 0.0158565 0.0781201 900
2 0.0300311 0.443849 0.0535712 0.103957 902
0 0.17321 0.446148 0.0118127 0.0706535 907
0 0.296916 0.83613 0.0689721 0.250499 909
0 0.271105 0.8243 0.053749 0.241926 927
0 0.289437 0.483138 0.0195568 0.101424 928
0 0.390907 0.926814 0.0725491 0.141432 934
0 0.19502 0.966671 0.0423344 0.0666577 940
0 0.946762 0.483444 0.0198343 0.0927381 941
