2 0.318656 0.429974 0.0728707 0.0793489 787
2 0.133684 0.588534 0.152847 0.186821 902
0 0.12283 0.362568 0.0113324 0.0636619 999
0 0.517183 0.605666 0.0298392 0.162519 1025
2 0.0762814 0.340575 0.0520827 0.068276 1074
0 0.269587 0.495084 0.0238075 0.122096 1081
2 0.0900544 0.305604 0.0344775 0.0358348 1085
0 0.29201 0.49534 0.0270359 0.147642 1060
0 0.372625 0.706015 0.0591083 0.236982 1104
0 0.340064 0.500289 0.0203014 0.116764 928
0 0.837354 0.50782 0.0252699 0.134609 1117
0 0.142609 0.31716 0.0094124 0.0538234 1122
0 0.664828 0.513668 0.0366151 0.16914 1128
0 0.84776 0.5097 0.0237116 0.123181 1129
0 0.313469 0.502632 0.0162787 0.117304 1130
2 0.0237646 0.248464 0.0331458 0.029285 1084
