0 0.392959 0.524326 0.0368785 0.174951 515
0 0.457047 0.52796 0.0237264 0.154179 702
0 0.429264 0.513195 0.0249784 0.152777 701
7 0.269212 0.427365 0.108295 0.0904576 787
0 0.148396 0.354323 0.0140066 0.0692532 845
0 0.521117 0.519729 0.0323935 0.163356 863
0 0.332284 0.737138 0.0543776 0.235011 870
0 0.283836 0.475588 0.0226166 0.10559 874
0 0.133434 0.385545 0.0116681 0.0694777 877
0 0.140598 0.308774 0.010168 0.0351401 884
0 0.343179 0.48645 0.0155935 0.100572 886
0 0.943327 0.477473 0.0192951 0.105173 885
