2 0.933322 0.898773 0.131665 0.187206 308
2 0.119136 0.587507 0.162561 0.215297 327
0 0.313531 0.479623 0.0201188 0.104328 296
2 0.0287178 0.470718 0.0560933 0.158363 362
2 0.336509 0.441427 0.0338574 0.0680596 234
0 0.905965 0.492888 0.0236186 0.0759239 403
0 0.168316 0.398848 0.013128 0.0770867 406
2 0.0802283 0.343741 0.0439856 0.0658437 407
0 0.462326 0.517497 0.0423036 0.156243 421
2 0.139336 0.304997 0.0230858 0.0444687 425
0 0.906346 0.450696 0.0164811 0.0588562 427
0 0.162549 0.402565 0.0116611 0.0704821 338
