0 0.115057 0.88237 0.0710152 0.232403 515
2 0.276276 0.425104 0.0907807 0.0820552 787
2 0.105951 0.567364 0.124089 0.173388 902
0 0.519488 0.61576 0.0358111 0.161915 909
0 0.493309 0.62171 0.032457 0.176839 927
0 0.301036 0.481682 0.0196096 0.0990598 928
0 0.457508 0.707899 0.0528324 0.286246 940
0 0.365481 0.784492 0.0599019 0.294565 949
2 0.0588495 0.373487 0.047636 0.0664771 953
0 0.317395 0.680538 0.0580125 0.226989 950
0 0.205036 0.883426 0.0597089 0.227922 702
0 0.249677 0.77699 0.0531952 0.248961 971
0 0.142953 0.3141 0.00944268 0.0465399 884
0 0.16189 0.444686 0.0169128 0.0891433 999
0 0.14322 0.379707 0.0139934 0.0662552 894
0 0.182104 0.972095 0.033147 0.0547554 1025
0 0.134112 0.354491 0.0172042 0.0675438 1015
2 0.300078 0.41875 0.0406095 0.0277778 1028
0 0.274993 0.486306 0.0254977 0.112271 957
0 0.317516 0.403455 0.0125044 0.054594 995
