2 0.902216 0.631167 0.195568 0.216359 407
0 0.28536 0.474844 0.0219896 0.108021 421
2 0.311268 0.643009 0.226033 0.21937 425
2 0.0366037 0.400369 0.0465652 0.0826469 448
0 0.387877 0.516727 0.035142 0.16863 515
2 0.0805064 0.340699 0.0496472 0.0584812 546
0 0.333737 0.498252 0.0216619 0.11364 492
0 0.430357 0.513312 0.0303507 0.155801 554
2 0.336705 0.44385 0.0328313 0.0638348 548
0 0.31451 0.499792 0.0174191 0.0884659 497
2 0.0499482 0.332771 0.0389027 0.0469562 587
0 0.462233 0.524702 0.0304973 0.149554 566
2 0.908741 0.854034 0.115428 0.276019 596
