2 0.290498 0.429956 0.118597 0.0882723 787
2 0.133592 0.588441 0.153338 0.189867 902
0 0.54327 0.570642 0.033513 0.164526 940
0 0.475846 0.613046 0.0358343 0.201952 949
2 0.0449487 0.396205 0.0486832 0.0763976 953
0 0.0296651 0.883634 0.0593302 0.209481 950
0 0.142805 0.319273 0.00902591 0.0502997 884
0 0.148516 0.399076 0.0144394 0.075465 999
0 0.456174 0.752996 0.0404794 0.232779 1025
0 0.13229 0.340503 0.0118873 0.0606284 1015
0 0.362484 0.520606 0.0347118 0.14863 957
0 0.407553 0.510785 0.0283305 0.143506 934
0 0.295567 0.492429 0.0172088 0.0936123 1053
0 0.311141 0.486055 0.0181403 0.0997464 928
0 0.452226 0.509866 0.0330622 0.16966 1060
0 0.650254 0.533421 0.030722 0.150215 1069
0 0.640789 0.515708 0.0242779 0.147905 1071
