0 0.0175219 0.91718 0.0350438 0.161802 515
2 0.269393 0.423923 0.101743 0.0851464 787
2 0.129966 0.584346 0.148871 0.186717 902
0 0.55313 0.562845 0.0243764 0.154184 909
0 0.532454 0.567097 0.0241686 0.13217 927
0 0.478414 0.638584 0.0444792 0.225034 940
0 0.412447 0.689581 0.0443246 0.248202 949
2 0.0512183 0.386252 0.0471402 0.0746041 953
0 0.222824 0.760662 0.0636335 0.25027 950
0 0.0851832 0.953249 0.0549217 0.0922706 702
0 0.196759 0.892642 0.0578692 0.213226 971
0 0.141513 0.316161 0.0107536 0.053896 884
0 0.141978 0.423797 0.0169396 0.0807388 999
0 0.157354 0.393489 0.0157954 0.0701367 894
0 0.346845 0.899889 0.0674637 0.199443 1025
0 0.127894 0.349539 0.0130785 0.065921 1015
0 0.295277 0.499083 0.0296328 0.130082 957
0 0.0948029 0.920981 0.0580208 0.154638 1031
0 0.441022 0.609712 0.0331259 0.180434 934
