2 0.288135 0.429883 0.114826 0.0889379 787
2 0.133695 0.588088 0.153036 0.188896 902
0 0.528115 0.587188 0.034997 0.174123 940
0 0.469766 0.625963 0.0393747 0.220683 949
2 0.0461273 0.394901 0.0476841 0.0759396 953
0 0.0417465 0.860044 0.083493 0.259735 950
0 0.142837 0.317592 0.00997286 0.0530126 884
0 0.148543 0.401515 0.0149535 0.0735411 999
0 0.44521 0.778154 0.044522 0.246102 1025
0 0.131494 0.340878 0.0117244 0.0611277 1015
0 0.35529 0.515077 0.033453 0.143532 957
0 0.416406 0.520768 0.031376 0.1514 934
0 0.293604 0.486043 0.0188346 0.101579 1053
0 0.311554 0.487416 0.0178917 0.0993483 928
0 0.471907 0.493467 0.0291287 0.14611 1060
0 0.640636 0.533739 0.0299007 0.151293 1069
