0 0.405384 0.526146 0.0344666 0.175084 515
0 0.456248 0.528009 0.0246195 0.155541 702
0 0.430495 0.512435 0.0235072 0.154316 701
7 0.274994 0.427775 0.0942117 0.0868522 787
0 0.520315 0.519693 0.0314798 0.163392 863
0 0.378814 0.583808 0.0338995 0.160488 870
0 0.304902 0.481443 0.0191031 0.101409 886
0 0.163982 0.402632 0.0141579 0.0817484 877
0 0.130207 0.342414 0.00954603 0.0526415 894
0 0.144105 0.316276 0.0102283 0.0557773 884
0 0.821147 0.504425 0.0323492 0.148554 885
0 0.24164 0.436239 0.0147687 0.0749207 898
