2 0.370636 0.624568 0.279688 0.268216 362
2 0.0578374 0.464171 0.0619187 0.132822 407
0 0.28588 0.456366 0.0197408 0.072434 421
2 0.030909 0.402694 0.051211 0.0803754 425
2 0.0933991 0.331467 0.0452469 0.053722 448
0 0.338838 0.468865 0.0140842 0.0517514 492
0 0.314838 0.469843 0.0132922 0.0467518 497
0 0.391029 0.469817 0.0205352 0.0663617 515
0 0.136401 0.331798 0.0112193 0.0575143 533
0 0.650871 0.526447 0.0285081 0.145556 524
0 0.477708 0.505066 0.0297809 0.127036 531
2 0.823076 0.86987 0.209484 0.252529 542
2 0.143308 0.300833 0.0210437 0.0396972 546
2 0.688906 0.868056 0.484437 0.255556 547
