0 0.406313 0.526967 0.0313882 0.174672 515
0 0.455546 0.527797 0.0258293 0.155571 702
0 0.430476 0.512476 0.023793 0.155108 701
7 0.272376 0.426347 0.0968028 0.0841358 787
0 0.520313 0.519438 0.0313718 0.163901 863
0 0.376274 0.556633 0.0283719 0.149871 870
0 0.300599 0.481314 0.0188047 0.0984036 886
0 0.126251 0.339772 0.00761383 0.0406564 894
0 0.143101 0.317854 0.00946749 0.0517215 884
0 0.8008 0.504215 0.0338148 0.15007 885
0 0.170603 0.433597 0.0146114 0.0923991 900
2 0.129814 0.311301 0.0396966 0.0471482 902
0 0.242549 0.433734 0.0162018 0.0798325 898
