2 0.297718 0.431187 0.112882 0.0838767 787
2 0.133658 0.588187 0.153019 0.188879 902
0 0.515194 0.579824 0.0355998 0.171597 949
2 0.0373491 0.400799 0.0562568 0.0800273 953
0 0.142719 0.317117 0.00944784 0.0525956 884
0 0.138537 0.383459 0.0139741 0.0678734 999
0 0.489493 0.688551 0.0344063 0.199984 1025
0 0.410643 0.536834 0.0364638 0.157315 957
0 0.30139 0.494222 0.0190114 0.103795 1053
0 0.317432 0.495198 0.0173104 0.106989 928
2 0.121043 0.312374 0.0446686 0.0577374 1074
0 0.358962 0.507277 0.0190446 0.125707 1081
2 0.00668855 0.360712 0.00611977 0.0349714 1085
2 0.276641 0.408403 0.0710275 0.0459722 1088
0 0.394966 0.497926 0.0283587 0.153853 1060
0 0.13597 0.327983 0.00792682 0.0406049 1015
