2 0.322751 0.427778 0.0601394 0.0749742 787
2 0.133692 0.588186 0.153174 0.187516 902
0 0.123276 0.35888 0.0117488 0.0625311 999
0 0.525774 0.583498 0.0266881 0.156499 1025
2 0.0676487 0.347184 0.052421 0.0713662 1074
0 0.263946 0.488581 0.0236432 0.115902 1081
2 0.117731 0.299844 0.0447808 0.0447354 1085
0 0.291111 0.487266 0.0231704 0.139449 1060
0 0.40284 0.645612 0.0531735 0.207613 1104
0 0.343396 0.504219 0.0203229 0.119685 928
0 0.142469 0.316654 0.0094125 0.0544407 1122
0 0.319869 0.506984 0.0216928 0.121094 1130
2 0.95465 0.8566 0.0879892 0.169423 1139
0 0.880433 0.516262 0.0270863 0.124757 1129
0 0.277547 0.482983 0.0128327 0.0822792 1112
0 0.864037 0.513124 0.0273726 0.141734 1117
