2 0.638405 0.624133 0.290004 0.246552 362
2 0.0815907 0.499267 0.078109 0.153908 407
0 0.285564 0.476893 0.0246499 0.113047 421
2 0.024901 0.424933 0.0498019 0.090372 425
2 0.0827193 0.337364 0.0469031 0.0569694 448
0 0.305202 0.496732 0.0229826 0.0977768 497
0 0.382489 0.515713 0.0578882 0.163427 515
0 0.143446 0.331593 0.00950899 0.0519834 533
2 0.139022 0.301606 0.0237382 0.0370164 546
2 0.249587 0.867824 0.324968 0.250687 549
0 0.330475 0.4913 0.024045 0.103722 492
0 0.45125 0.514583 0.0232238 0.155972 554
2 0.33672 0.44362 0.0335886 0.0641333 548
