0 0.40387 0.529279 0.0320845 0.171631 515
0 0.455197 0.530367 0.0251766 0.153623 702
0 0.43047 0.512501 0.0238979 0.155073 701
7 0.277168 0.427829 0.0950323 0.0851974 787
0 0.51953 0.525904 0.0303745 0.157351 863
0 0.377145 0.530113 0.026129 0.144286 870
0 0.295979 0.482902 0.0203055 0.101165 886
0 0.124231 0.348166 0.00900583 0.0513122 894
0 0.143004 0.314482 0.0107901 0.0591929 884
0 0.163295 0.429743 0.0183524 0.0945784 900
2 0.100722 0.329517 0.0470296 0.0517643 902
0 0.247435 0.433789 0.0172236 0.0834991 898
