2 0.313981 0.430586 0.085056 0.0819996 787
2 0.133767 0.58855 0.152581 0.186786 902
2 0.00905869 0.420314 0.0181174 0.0514601 953
0 0.122612 0.366581 0.0110333 0.0654931 999
0 0.510178 0.617848 0.0316029 0.163327 1025
2 0.0847381 0.334501 0.0514097 0.0657523 1074
0 0.281884 0.49917 0.0228739 0.1257 1081
2 0.0588858 0.32284 0.0412316 0.0501373 1085
0 0.307023 0.499471 0.0275278 0.150945 1060
0 0.309259 0.788872 0.0801611 0.277826 1104
2 0.0443649 0.243112 0.0381215 0.0393125 1084
0 0.256435 0.459686 0.0179994 0.0920363 1112
0 0.333082 0.498569 0.0181146 0.11528 928
0 0.819482 0.51493 0.0260483 0.139339 1117
0 0.143203 0.318125 0.00932756 0.0518055 1122
0 0.541345 0.554398 0.0269009 0.104299 957
