0 0.311008 0.65278 0.0439532 0.217155 515
0 0.384174 0.649618 0.0329194 0.189693 702
7 0.276643 0.428917 0.0943575 0.0903997 787
0 0.404555 0.66713 0.0410841 0.208155 863
0 0.255205 0.492484 0.0220075 0.110789 870
0 0.121566 0.36061 0.00805898 0.0594621 894
0 0.143138 0.317347 0.00956087 0.0535251 884
0 0.152871 0.390821 0.0162015 0.0800309 900
2 0.0316971 0.452218 0.053697 0.10706 902
0 0.324364 0.828355 0.0651658 0.258718 909
0 0.292981 0.819692 0.0534576 0.250734 927
0 0.289442 0.482639 0.0201269 0.101407 928
0 0.414059 0.9101 0.0839862 0.17623 934
0 0.226119 0.949379 0.062453 0.0994036 940
0 0.93604 0.481964 0.0211979 0.0980278 941
0 0.00829854 0.975053 0.0127077 0.0482917 949
0 0.559405 0.558958 0.0761568 0.124033 950
2 0.124411 0.206941 0.0249614 0.0367782 939
