0 0.285153 0.47605 0.0233317 0.110366 421
2 0.680363 0.669514 0.294455 0.21394 425
2 0.0340339 0.430198 0.0477383 0.0967719 448
0 0.387752 0.519628 0.0386621 0.176808 515
2 0.0621826 0.359928 0.0486535 0.0660194 546
0 0.337632 0.509676 0.0233809 0.125983 492
0 0.428288 0.514764 0.0320441 0.153858 554
2 0.336725 0.444203 0.0330883 0.0618316 548
0 0.315055 0.516139 0.0238603 0.121156 497
2 0.114175 0.304296 0.0457711 0.0421754 587
0 0.459137 0.52911 0.0327674 0.151191 566
2 0.363837 0.86716 0.175948 0.252183 607
