0 0.284977 0.477565 0.0232134 0.114088 421
2 0.478506 0.640557 0.264005 0.204736 448
0 0.397783 0.502187 0.0269674 0.132033 515
2 0.0803001 0.513979 0.0858904 0.149684 546
0 0.338425 0.50991 0.0268059 0.130653 492
0 0.428607 0.487565 0.0249213 0.107161 554
0 0.320153 0.519101 0.0276282 0.123217 497
0 0.455413 0.496205 0.0166852 0.0877379 566
2 0.0588396 0.384518 0.0497377 0.076639 618
2 0.0849464 0.312302 0.0395546 0.0476258 623
2 0.336767 0.443613 0.0334339 0.0648396 624
2 0.871403 0.841043 0.154996 0.307105 625
