0 0.141956 0.41276 0.0145115 0.0883845 29
0 0.483654 0.544908 0.0361302 0.188322 113
2 0.0287765 0.797182 0.057553 0.187546 120
5 0.0842081 0.296855 0.0614308 0.0798464 128
2 0.336766 0.443957 0.0332185 0.0662602 115
0 0.446417 0.530479 0.0260975 0.134332 82
0 0.43111 0.545172 0.0273946 0.129072 4
0 0.514187 0.562547 0.0321466 0.159535 140
2 0.0790886 0.349453 0.045479 0.0597967 143
7 0.0150163 0.310741 0.0299006 0.0633401 158
2 0.37168 0.882197 0.222596 0.224474 159
2 0.520089 0.884361 0.462964 0.22381 149
2 0.00282959 0.373125 0.00516167 0.0638889 161
