0 0.350805 0.615984 0.0411268 0.195602 515
0 0.430352 0.609296 0.0337125 0.180332 702
0 0.414203 0.566239 0.0241454 0.153892 701
2 0.272281 0.428455 0.102221 0.0886172 787
0 0.465814 0.624144 0.0367833 0.189107 863
0 0.290736 0.502576 0.0290646 0.125998 870
0 0.121826 0.35417 0.00878498 0.0567937 894
0 0.14297 0.316673 0.00993122 0.0548483 884
0 0.149577 0.407846 0.0172437 0.0861138 900
2 0.034134 0.401469 0.0520057 0.0803866 902
0 0.166372 0.430996 0.0141181 0.0843451 907
0 0.181262 0.904112 0.0741851 0.190951 909
0 0.645008 0.508268 0.0286905 0.16558 921
0 0.154815 0.89779 0.0392658 0.20165 927
