0 0.14186 0.41289 0.0141513 0.0880987 29
0 0.484681 0.545186 0.0348014 0.187289 113
2 0.0491821 0.811027 0.0983643 0.248118 120
5 0.0703837 0.302681 0.0633022 0.0858631 128
2 0.33672 0.443027 0.0341331 0.0681305 115
0 0.43574 0.526785 0.0261323 0.134104 82
0 0.419675 0.542326 0.0286915 0.127346 4
0 0.514086 0.562351 0.0324423 0.159735 140
2 0.08427 0.343432 0.0419726 0.0559883 143
7 0.0150673 0.311158 0.0301346 0.0646103 158
2 0.406257 0.909895 0.163959 0.169475 159
2 0.779768 0.907245 0.149496 0.178402 132
