0 0.284956 0.477468 0.0231372 0.114646 421
0 0.4004 0.522851 0.0414398 0.173877 515
0 0.43258 0.512224 0.0283263 0.153603 554
0 0.456319 0.530037 0.0290853 0.157187 566
2 0.336976 0.441886 0.0329168 0.0681288 624
0 0.129334 0.327683 0.0104406 0.0571425 635
2 0.0670504 0.772486 0.134101 0.285827 657
0 0.330517 0.523513 0.0231597 0.126578 492
2 0.0883991 0.332462 0.0461899 0.0671145 662
0 0.300863 0.524947 0.022918 0.137857 497
2 0.853626 0.659418 0.192085 0.227617 669
2 0.131177 0.296478 0.0353752 0.0380283 647
