0 0.485156 0.54592 0.0374014 0.186087 113
0 0.513225 0.560409 0.0318891 0.161357 226
2 0.336719 0.441664 0.0331236 0.0681396 234
0 0.372223 0.679125 0.0480335 0.201549 250
0 0.101545 0.428199 0.0220307 0.0944692 257
0 0.411991 0.686662 0.0464834 0.166734 260
0 0.0475324 0.387554 0.0133072 0.0683249 261
0 0.158393 0.380548 0.0147711 0.0775118 266
0 0.437092 0.862511 0.105752 0.269415 268
0 0.0077939 0.97289 0.0149826 0.0542205 269
0 0.0722005 0.422275 0.022846 0.09536 29
0 0.177628 0.377634 0.0188101 0.0762364 278
