0 0.403938 0.524824 0.0349971 0.174343 515
0 0.456247 0.527929 0.0244034 0.15538 702
0 0.430488 0.513258 0.023708 0.154041 701
7 0.276646 0.428356 0.094233 0.0872099 787
0 0.176631 0.374289 0.013026 0.0595128 845
0 0.520316 0.51976 0.031537 0.163259 863
0 0.376477 0.591493 0.034985 0.16517 870
0 0.304987 0.48212 0.0193791 0.0999623 886
0 0.162364 0.402264 0.0132705 0.0790003 877
0 0.130914 0.340194 0.00938107 0.0514236 894
0 0.144411 0.316979 0.0100135 0.0538861 884
0 0.826855 0.501654 0.030772 0.144225 885
