0 0.277727 0.709908 0.0523554 0.22533 515
2 0.276456 0.429163 0.0925456 0.0875126 787
0 0.123608 0.362404 0.010311 0.0647072 894
0 0.143483 0.316606 0.0101095 0.0537281 884
0 0.149776 0.376765 0.0153845 0.0782939 900
2 0.0445044 0.49019 0.0659617 0.127931 902
0 0.399593 0.763825 0.0549199 0.244935 909
0 0.367589 0.752917 0.0436537 0.236831 927
0 0.289051 0.483578 0.0187601 0.100919 928
0 0.459737 0.847893 0.0704617 0.270098 934
0 0.332605 0.892507 0.0911983 0.209743 940
0 0.116782 0.942988 0.0539282 0.113324 949
2 0.117222 0.322093 0.0388949 0.0491943 953
0 0.485768 0.579903 0.0560614 0.181133 950
0 0.262474 0.449239 0.0203836 0.102218 957
0 0.892218 0.482744 0.0225042 0.0987827 941
0 0.885423 0.506442 0.0408045 0.148149 966
0 0.344745 0.689306 0.0376108 0.196423 702
0 0.362676 0.593574 0.026493 0.0922544 952
