0 0.485156 0.545844 0.0374166 0.186087 113
0 0.51389 0.560411 0.0319628 0.162062 226
2 0.336719 0.441665 0.0331024 0.0680509 234
0 0.373152 0.671878 0.0475532 0.19944 250
0 0.104015 0.427487 0.0210127 0.0955 257
0 0.410679 0.680488 0.043384 0.163366 260
0 0.0482291 0.386202 0.0136203 0.0710938 261
0 0.15733 0.380555 0.0146065 0.076594 266
0 0.436914 0.857199 0.103144 0.278246 268
0 0.00777379 0.973355 0.0148372 0.0532908 269
0 0.0683977 0.422863 0.0232222 0.0964839 29
0 0.176685 0.376663 0.0189291 0.0781048 278
