0 0.353507 0.60837 0.0395764 0.19662 515
0 0.432123 0.599459 0.0339266 0.17495 702
0 0.413473 0.564262 0.0236863 0.16111 701
7 0.2708 0.427479 0.102307 0.0881276 787
0 0.470298 0.625038 0.0368416 0.187011 863
0 0.294036 0.503221 0.0300471 0.124037 870
0 0.285869 0.467839 0.0126952 0.0737907 886
0 0.121876 0.353754 0.0085205 0.055992 894
0 0.14297 0.316822 0.0097709 0.0543853 884
0 0.149366 0.408572 0.0171054 0.0859166 900
2 0.0360145 0.396924 0.0524669 0.0789988 902
0 0.166545 0.428419 0.014091 0.0833843 907
0 0.165314 0.907901 0.0737565 0.181835 909
0 0.654723 0.505819 0.0287483 0.161822 921
0 0.236838 0.431672 0.0173319 0.0900208 898
