2 0.244697 0.60255 0.232903 0.264175 362
2 0.050019 0.447107 0.0577343 0.120388 407
0 0.285677 0.463614 0.0180397 0.0870193 421
2 0.0362926 0.391789 0.0502808 0.0732891 425
2 0.100658 0.327911 0.0462006 0.0521445 448
0 0.341028 0.490248 0.0183557 0.0961084 492
0 0.320967 0.49065 0.0180464 0.0891037 497
0 0.413231 0.518138 0.0438812 0.161205 515
0 0.132925 0.333883 0.011699 0.0597529 533
0 0.670199 0.529078 0.0212282 0.141714 524
0 0.499399 0.528742 0.0382594 0.15656 531
2 0.85869 0.850965 0.184228 0.289906 542
