2 0.295768 0.430698 0.117066 0.0861319 787
2 0.133594 0.588189 0.152988 0.188875 902
0 0.508678 0.580305 0.033938 0.169706 949
2 0.0386111 0.400776 0.0542789 0.0787589 953
0 0.14265 0.31772 0.00959771 0.0533468 884
0 0.142251 0.385795 0.0143005 0.0671948 999
0 0.486467 0.704517 0.0377399 0.220568 1025
0 0.407081 0.537151 0.034795 0.155917 957
0 0.301138 0.491664 0.019633 0.108465 1053
0 0.317773 0.49373 0.0173704 0.10659 928
2 0.124971 0.310902 0.043842 0.0577753 1074
0 0.372899 0.502916 0.0187639 0.131074 1081
2 0.0923852 0.226553 0.0438001 0.0361938 1084
2 0.00441976 0.363407 0.00516747 0.034787 1085
