2 0.32561 0.428677 0.0556711 0.0710266 787
2 0.133692 0.588909 0.152973 0.187497 902
0 0.124749 0.354788 0.0117443 0.0590216 999
0 0.545316 0.562686 0.0280499 0.133533 1025
2 0.0559384 0.355957 0.0542985 0.0779674 1074
0 0.262027 0.483615 0.020308 0.112491 1081
2 0.145135 0.286919 0.0340799 0.040022 1085
0 0.29394 0.47831 0.0234324 0.131524 1060
0 0.418975 0.595939 0.0501755 0.173682 1104
0 0.348434 0.505434 0.02133 0.117733 928
0 0.141433 0.31978 0.00834017 0.0492843 1122
0 0.326573 0.508093 0.0221039 0.121957 1130
2 0.954684 0.855383 0.0881762 0.167225 1139
0 0.910766 0.48982 0.0208941 0.082651 1129
0 0.893838 0.489577 0.0202131 0.0961058 1117
0 0.679413 0.520246 0.0289328 0.154322 957
0 0.800582 0.523207 0.026492 0.156863 1153
