2 0.766764 0.638353 0.240547 0.220504 407
0 0.285162 0.476683 0.0228179 0.111696 421
2 0.177736 0.600919 0.1619 0.195118 425
2 0.0421233 0.386744 0.0473293 0.0754088 448
0 0.3885 0.519683 0.03872 0.174557 515
2 0.09273 0.332629 0.050366 0.054428 546
0 0.331192 0.505318 0.0223324 0.125925 492
0 0.431668 0.513698 0.0302112 0.156526 554
2 0.336731 0.444272 0.0323828 0.0642649 548
2 0.0178461 0.668091 0.0356921 0.138709 574
0 0.310662 0.516154 0.0222312 0.120113 497
2 0.022537 0.351203 0.0274902 0.0527774 587
0 0.468856 0.519016 0.0372654 0.145849 566
