0 0.384222 0.587575 0.0376918 0.181842 515
0 0.446109 0.573231 0.0293855 0.159697 702
0 0.428776 0.533312 0.0245893 0.157179 701
7 0.271476 0.428223 0.103477 0.0913088 787
0 0.496191 0.587079 0.0337644 0.167955 863
0 0.333246 0.507611 0.0291917 0.128525 870
0 0.290585 0.482597 0.0203705 0.101456 886
0 0.121273 0.352812 0.00870637 0.0565219 894
0 0.142965 0.316889 0.00989073 0.0541969 884
0 0.151405 0.41912 0.0180083 0.0888516 900
2 0.0558114 0.36522 0.0535257 0.0681612 902
0 0.168643 0.421455 0.0121986 0.0822408 907
2 0.299216 0.418056 0.0376711 0.0277778 905
0 0.0583851 0.951024 0.0334104 0.0979522 909
0 0.0339704 0.942053 0.0234182 0.115315 917
