2 0.479705 0.625367 0.228053 0.216709 407
0 0.284978 0.476149 0.0242619 0.11065 421
2 0.0784276 0.538032 0.0979856 0.155104 425
2 0.0523713 0.370228 0.0477882 0.0687944 448
0 0.383642 0.483032 0.0345506 0.10506 515
2 0.111921 0.321171 0.0501589 0.0517874 546
0 0.320893 0.503211 0.0241359 0.123215 492
0 0.431287 0.475209 0.0193671 0.0797259 554
2 0.336448 0.441331 0.0339511 0.0687212 548
0 0.492125 0.486492 0.0179816 0.0691846 566
2 0.124453 0.793005 0.248907 0.344962 574
0 0.30715 0.510248 0.0269787 0.11722 497
