0 0.285074 0.476866 0.02169 0.112062 421
0 0.391919 0.520991 0.0368298 0.172638 515
2 0.240007 0.607703 0.190944 0.205004 546
0 0.33796 0.50992 0.026172 0.132839 492
0 0.427405 0.513937 0.0344817 0.155704 554
0 0.318298 0.523022 0.0226933 0.123206 497
0 0.4536 0.527821 0.0294664 0.15322 566
2 0.0506917 0.444772 0.0536523 0.109327 618
2 0.14952 0.285408 0.0335252 0.0382193 623
2 0.337116 0.443204 0.0341564 0.0662096 624
2 0.264998 0.848442 0.300897 0.289185 634
2 0.894579 0.638917 0.18429 0.2114 629
0 0.144211 0.321657 0.010641 0.0551149 635
