0 0.485156 0.546537 0.037447 0.186096 113
0 0.513709 0.560636 0.0308477 0.162059 226
2 0.336773 0.442366 0.0335802 0.0680331 234
0 0.395074 0.616108 0.0394039 0.16827 250
0 0.131859 0.422057 0.0200126 0.0900101 257
0 0.425897 0.604641 0.0255604 0.089812 260
0 0.144258 0.371794 0.0135168 0.0758344 266
0 0.423407 0.756498 0.067278 0.271926 268
0 0.0283591 0.432401 0.0219471 0.0943798 29
0 0.158274 0.371753 0.0161033 0.0795252 278
0 0.063717 0.390265 0.0139901 0.0736681 261
0 0.16777 0.368946 0.0127875 0.0715161 285
