0 0.276424 0.713638 0.0526457 0.22589 515
2 0.276526 0.428714 0.0925995 0.087489 787
0 0.123915 0.363409 0.0103959 0.0643147 894
0 0.143664 0.316849 0.0101651 0.0540425 884
0 0.149678 0.37655 0.0154288 0.0784197 900
2 0.0451069 0.491952 0.067055 0.129473 902
0 0.404554 0.762643 0.0540012 0.244799 909
0 0.37139 0.750236 0.0428487 0.23283 927
0 0.289453 0.483433 0.018768 0.100745 928
0 0.460803 0.845481 0.0696069 0.272792 934
0 0.336488 0.889744 0.0917555 0.216778 940
0 0.124448 0.940321 0.0576667 0.118236 949
2 0.116082 0.32321 0.0398668 0.0494433 953
0 0.481613 0.581518 0.056472 0.183085 950
0 0.262937 0.45024 0.0196135 0.0999368 957
0 0.883709 0.506611 0.0403116 0.14762 966
0 0.343666 0.689034 0.0385781 0.195725 702
0 0.364459 0.596646 0.0281491 0.0940093 952
