2 0.13372 0.588894 0.152854 0.187494 902
0 0.125404 0.35093 0.0112009 0.0564412 999
2 0.0442408 0.366741 0.0534937 0.08163 1074
0 0.266959 0.481222 0.0178183 0.101137 1081
0 0.288958 0.474999 0.022632 0.123374 1060
0 0.416541 0.558182 0.0408613 0.173168 1104
0 0.355133 0.507424 0.0191954 0.120142 928
0 0.14014 0.319948 0.00936076 0.0492069 1122
0 0.335697 0.511269 0.0222601 0.124963 1130
0 0.932998 0.489205 0.0210679 0.0828456 1129
0 0.834084 0.519675 0.0351091 0.155449 1153
0 0.314224 0.488889 0.0171172 0.0992278 1155
0 0.919046 0.486081 0.0202357 0.0886791 1117
2 0.954687 0.855088 0.0894792 0.167653 1139
0 0.489177 0.498672 0.0223906 0.042926 1160
