2 0.27833 0.428162 0.109393 0.0876355 787
2 0.133811 0.587721 0.152711 0.187761 902
0 0.491644 0.610314 0.0419242 0.213674 940
0 0.435543 0.66539 0.0413001 0.236883 949
2 0.0488996 0.390619 0.0463718 0.0741801 953
0 0.153404 0.809398 0.0723813 0.25693 950
0 0.140083 0.929164 0.0499103 0.141033 971
0 0.141591 0.316679 0.0109373 0.0541715 884
0 0.141695 0.416768 0.0161081 0.0783274 999
0 0.162956 0.405176 0.0145882 0.068761 894
0 0.396966 0.866319 0.0637412 0.261459 1025
0 0.128321 0.346398 0.0133545 0.0642083 1015
0 0.319851 0.507232 0.0320169 0.135428 957
0 0.0466413 0.94927 0.0484012 0.0999975 1031
0 0.435629 0.537519 0.028026 0.0932089 934
0 0.286748 0.484175 0.0204866 0.10228 1053
0 0.582299 0.564976 0.0239958 0.127128 909
0 0.543266 0.546527 0.0196111 0.088026 927
