0 0.399167 0.523731 0.0334462 0.172235 515
0 0.45659 0.52844 0.0237644 0.15423 702
0 0.429283 0.513205 0.0243909 0.152761 701
7 0.274584 0.427873 0.0962856 0.0886761 787
0 0.168272 0.371286 0.013434 0.0660813 845
0 0.519911 0.519443 0.0312469 0.163893 863
0 0.374062 0.622222 0.0377395 0.173262 870
0 0.310097 0.481894 0.0225767 0.101513 886
0 0.155492 0.391801 0.0142883 0.0883162 877
0 0.136593 0.337679 0.00923948 0.0491039 894
0 0.144056 0.315866 0.0110414 0.0533437 884
0 0.865814 0.499813 0.0275552 0.141769 885
