0 0.39379 0.525025 0.0361877 0.175006 515
0 0.457035 0.528161 0.0235522 0.154816 702
0 0.4294 0.513195 0.0246267 0.152778 701
2 0.266911 0.425877 0.111725 0.0936602 787
0 0.153052 0.359873 0.0128639 0.0640841 845
0 0.520036 0.519447 0.0317712 0.163878 863
0 0.345161 0.697535 0.0462414 0.214468 870
0 0.262556 0.467101 0.0225946 0.105597 874
0 0.140237 0.387978 0.0133652 0.0726327 877
0 0.329332 0.484674 0.0191613 0.101297 886
0 0.924778 0.475916 0.0215878 0.107837 885
0 0.234358 0.432566 0.0194643 0.0833836 887
0 0.140979 0.310704 0.0106942 0.0377102 884
