2 0.282684 0.429226 0.105629 0.0873901 787
2 0.133715 0.587507 0.153237 0.188933 902
0 0.509255 0.59316 0.0413803 0.202382 940
0 0.450359 0.645964 0.0406825 0.22882 949
2 0.0476403 0.392623 0.0479719 0.0771619 953
0 0.101314 0.834347 0.083184 0.261969 950
0 0.102615 0.951603 0.048233 0.0967948 971
0 0.141712 0.317024 0.0107798 0.0540924 884
0 0.143137 0.413565 0.0148905 0.0760887 999
0 0.167346 0.418172 0.0142733 0.0645343 894
0 0.419576 0.825475 0.0514459 0.259165 1025
0 0.129215 0.3438 0.0127121 0.0626952 1015
0 0.338231 0.511647 0.0335806 0.144753 957
0 0.426342 0.545823 0.0391125 0.155804 934
0 0.286846 0.48596 0.0202708 0.100397 1053
0 0.308083 0.488724 0.0178227 0.0921791 928
0 0.0162066 0.917361 0.0324131 0.1625 1058
