0 0.161216 0.85875 0.0723515 0.277006 515
2 0.277451 0.42848 0.0930504 0.0874738 787
0 0.135852 0.368468 0.0102004 0.0500498 894
2 0.0914486 0.554275 0.111283 0.1656 902
0 0.505434 0.63045 0.0381493 0.150722 909
0 0.480367 0.650117 0.0419323 0.192385 927
0 0.292635 0.481214 0.0204062 0.104101 928
0 0.464555 0.693919 0.0397938 0.221796 934
0 0.439208 0.750375 0.0567419 0.288581 940
0 0.343554 0.832731 0.0792416 0.30405 949
2 0.0652868 0.363124 0.0490182 0.0643864 953
0 0.350544 0.647336 0.0488666 0.200781 950
0 0.241138 0.854661 0.0595116 0.280332 702
0 0.27373 0.731895 0.0537627 0.227515 971
0 0.329583 0.424337 0.010483 0.0638305 996
0 0.143534 0.311958 0.00895236 0.0381442 884
0 0.172812 0.45 0.0133768 0.0873611 999
0 0.279331 0.476611 0.0170437 0.0949751 957
0 0.296024 0.395075 0.00902154 0.0446508 995
