2 0.554852 0.636578 0.254442 0.233217 407
0 0.285022 0.476336 0.0238028 0.111018 421
2 0.0945793 0.549118 0.107856 0.159848 425
2 0.0498089 0.374071 0.0478278 0.0704847 448
0 0.385465 0.514957 0.0490924 0.171586 515
2 0.108167 0.323654 0.0498745 0.0514202 546
0 0.32125 0.505127 0.021481 0.122859 492
0 0.432302 0.502693 0.0338313 0.13482 554
2 0.336525 0.442551 0.0329725 0.0668064 548
2 0.0944953 0.756684 0.188991 0.315778 574
0 0.307166 0.511177 0.0242232 0.117168 497
2 0.00665855 0.370363 0.0119991 0.0385137 587
0 0.484128 0.485006 0.0199509 0.0699267 566
