2 0.133492 0.588424 0.152896 0.1875 902
0 0.145419 0.32779 0.00923537 0.049251 999
2 0.018359 0.437336 0.036718 0.118048 1074
0 0.297473 0.498634 0.0252077 0.135191 1130
0 0.415878 0.516328 0.023012 0.13767 928
0 0.243808 0.424068 0.0178753 0.0953956 1060
2 0.0924566 0.307939 0.0473451 0.0438112 1182
0 0.400664 0.52489 0.0256006 0.142521 1104
2 0.954687 0.858339 0.0903172 0.169421 1139
0 0.348269 0.508881 0.0213826 0.116266 1155
0 0.128268 0.331872 0.0103025 0.0592429 1192
0 0.904588 0.485575 0.0199043 0.0937623 1174
0 0.76012 0.517136 0.0157521 0.134819 1213
