2 0.133688 0.588424 0.152911 0.187502 902
0 0.141556 0.332975 0.0102017 0.052644 999
2 0.0198461 0.41922 0.0396923 0.10586 1074
0 0.302276 0.514617 0.027998 0.145046 1130
0 0.933298 0.478006 0.0224688 0.105734 1163
0 0.397651 0.50915 0.025585 0.133023 928
0 0.259176 0.43165 0.0188436 0.098549 1060
0 0.94835 0.488613 0.0249996 0.0839413 1179
2 0.0385245 0.33283 0.0382391 0.0467031 1182
0 0.378677 0.518174 0.0274942 0.140429 1104
2 0.954687 0.858302 0.0886859 0.169076 1139
0 0.339898 0.505419 0.0228236 0.114384 1155
0 0.130999 0.327959 0.00848251 0.0584263 1192
0 0.870292 0.506144 0.0249236 0.136252 1174
