2 0.133684 0.588191 0.152934 0.187506 902
0 0.133214 0.339638 0.0106318 0.0541386 999
2 0.0244038 0.398718 0.0488077 0.0943296 1074
0 0.294244 0.478451 0.0172317 0.0960294 1081
0 0.137244 0.321271 0.00981538 0.0518814 1122
0 0.345375 0.519485 0.0262464 0.148148 1130
0 0.326221 0.498083 0.0221234 0.111452 1155
0 0.662756 0.532777 0.0319882 0.142509 1173
0 0.87917 0.492647 0.0325069 0.141771 1163
0 0.372806 0.507687 0.0213845 0.127445 928
0 0.279444 0.452577 0.0191659 0.105903 1060
0 0.820067 0.51221 0.0217182 0.142715 1174
0 0.909185 0.489834 0.0246173 0.0847521 1179
