0 0.213304 0.794179 0.0672673 0.276761 515
2 0.277404 0.428464 0.0915387 0.0864161 787
0 0.128875 0.371457 0.010826 0.0602141 894
0 0.142524 0.365983 0.0132295 0.0715462 900
2 0.0716389 0.533963 0.0941578 0.153765 902
0 0.477386 0.632302 0.0310239 0.0991487 909
0 0.439569 0.668475 0.0330465 0.179781 927
0 0.293669 0.483099 0.0197575 0.10277 928
0 0.469815 0.75493 0.0496958 0.248771 934
0 0.415053 0.806645 0.0686147 0.298871 940
0 0.2744 0.871144 0.0801592 0.25179 949
2 0.0789188 0.349416 0.0476975 0.0579947 953
0 0.400618 0.599768 0.0477594 0.138597 950
0 0.288677 0.771401 0.051573 0.250517 702
0 0.301418 0.677629 0.0545687 0.186137 971
0 0.812371 0.506279 0.032516 0.151729 966
0 0.271393 0.47939 0.0189239 0.0837132 957
0 0.143528 0.311394 0.00915292 0.0419015 884
