2 0.301507 0.429617 0.10405 0.0842522 787
2 0.133719 0.588191 0.152422 0.187458 902
0 0.555593 0.562028 0.033932 0.143911 949
2 0.0304108 0.411625 0.0608216 0.0812873 953
0 0.126263 0.377707 0.0134668 0.0674592 999
0 0.500749 0.641603 0.0339559 0.158767 1025
0 0.46305 0.541118 0.0345356 0.152371 957
0 0.301005 0.495509 0.0188448 0.110761 1053
2 0.103651 0.32188 0.0511654 0.0622651 1074
0 0.315291 0.505112 0.0264525 0.131533 1081
2 0.0216986 0.344067 0.0304559 0.0544509 1085
0 0.355472 0.502587 0.0326609 0.157882 1060
0 0.140788 0.330461 0.0109931 0.0571455 1015
0 0.646429 0.527566 0.023011 0.168576 1099
0 0.760762 0.518726 0.0129384 0.129981 1103
0 0.114316 0.920055 0.0794216 0.156965 1104
2 0.072519 0.231292 0.0473283 0.0434648 1084
