0 0.0190734 0.916781 0.0381468 0.160938 515
2 0.270407 0.42455 0.100879 0.0855749 787
2 0.129688 0.584624 0.148325 0.186177 902
0 0.547695 0.564232 0.0233061 0.151721 909
0 0.531293 0.566636 0.0241478 0.131962 927
0 0.477697 0.642103 0.0446184 0.225679 940
0 0.411059 0.690577 0.0438349 0.246281 949
2 0.0513584 0.386245 0.0466933 0.0736832 953
0 0.228065 0.75865 0.0632904 0.250255 950
0 0.0886982 0.951151 0.0562459 0.0967753 702
0 0.199034 0.890621 0.0570811 0.217992 971
0 0.141572 0.315894 0.0106121 0.0533552 884
0 0.142199 0.42464 0.017006 0.0812006 999
0 0.156539 0.392872 0.0158728 0.0702918 894
0 0.343411 0.901679 0.0673224 0.194517 1025
0 0.127999 0.350129 0.0129782 0.065723 1015
0 0.294823 0.498409 0.029424 0.128609 957
0 0.0976864 0.918059 0.0572349 0.15357 1031
0 0.441858 0.609449 0.0330654 0.180352 934
