2 0.156665 0.556751 0.125609 0.190063 407
0 0.284628 0.477123 0.0210847 0.112565 421
2 0.0269861 0.458786 0.0538102 0.108027 425
2 0.073225 0.346353 0.0495424 0.061292 448
0 0.296891 0.502313 0.0200125 0.104072 497
0 0.383737 0.514081 0.0364964 0.170988 515
2 0.134477 0.30708 0.034785 0.0457171 546
0 0.322392 0.494584 0.0211428 0.110092 492
0 0.430136 0.512956 0.0266423 0.151411 554
2 0.83902 0.850663 0.203718 0.288533 564
2 0.904386 0.60896 0.191227 0.219092 362
2 0.336676 0.443123 0.0339986 0.0651679 548
0 0.547637 0.552131 0.0170723 0.114076 568
