2 0.112483 0.52804 0.0983092 0.170794 407
0 0.284554 0.477108 0.0219969 0.111288 421
2 0.0247467 0.440213 0.0494933 0.0982954 425
2 0.0785284 0.341512 0.0466474 0.058495 448
0 0.298206 0.498496 0.0205318 0.100378 497
0 0.385345 0.511824 0.0415331 0.167042 515
2 0.136779 0.305679 0.0321614 0.0450762 546
2 0.135935 0.846185 0.271869 0.296596 549
0 0.32618 0.489918 0.0203697 0.104872 492
0 0.434347 0.515283 0.0267661 0.147072 554
2 0.336718 0.444425 0.0333418 0.0639371 548
2 0.902938 0.841726 0.140016 0.296805 564
2 0.860643 0.626669 0.267847 0.246721 362
