2 0.308249 0.428013 0.0893003 0.0782264 787
2 0.133618 0.58831 0.152622 0.187254 902
2 0.0250592 0.412776 0.0501185 0.0735899 953
0 0.123794 0.374229 0.0134014 0.0687538 999
0 0.50449 0.63365 0.0351902 0.171103 1025
0 0.498467 0.523874 0.0319344 0.136071 957
2 0.0952732 0.327886 0.0504145 0.0627671 1074
0 0.295825 0.504404 0.0274183 0.130847 1081
2 0.0359028 0.336212 0.0425567 0.0532908 1085
0 0.32467 0.501067 0.0323102 0.156897 1060
0 0.143035 0.328301 0.0102902 0.0574899 1015
0 0.665676 0.526931 0.0341638 0.163895 1099
0 0.209286 0.883394 0.0986308 0.232924 1104
2 0.0638487 0.235416 0.0395198 0.0409981 1084
0 0.587859 0.550371 0.0303522 0.116245 949
