2 0.209655 0.593912 0.217061 0.259101 362
2 0.0482922 0.441051 0.0563451 0.115435 407
0 0.285538 0.47442 0.0214166 0.109357 421
2 0.0385123 0.388345 0.0510329 0.0734714 425
2 0.101107 0.326913 0.0450935 0.0511422 448
0 0.34096 0.490157 0.0189444 0.0963241 492
0 0.322106 0.489143 0.0191713 0.0926705 497
0 0.419231 0.514564 0.0430472 0.161082 515
0 0.130468 0.333991 0.0114568 0.0597604 533
0 0.676217 0.52684 0.0188428 0.1475 524
0 0.509852 0.528971 0.0367089 0.159099 531
2 0.90157 0.85067 0.163536 0.28175 542
