0 0.284887 0.476144 0.0235725 0.109451 421
2 0.0380173 0.449104 0.0535273 0.11244 448
0 0.387522 0.519475 0.0356468 0.175557 515
2 0.0535299 0.371679 0.0467109 0.0680432 546
0 0.340313 0.510765 0.0236987 0.131598 492
0 0.427286 0.512899 0.0325087 0.157001 554
0 0.31367 0.516369 0.0230467 0.120916 497
2 0.137645 0.293112 0.0380119 0.0357409 587
0 0.45854 0.527974 0.027115 0.151792 566
2 0.213989 0.841995 0.427979 0.302489 606
2 0.86555 0.666782 0.2689 0.210032 425
2 0.336531 0.443594 0.0328635 0.0607907 548
