0 0.285176 0.476326 0.0228691 0.109723 421
2 0.486093 0.655184 0.251038 0.197436 425
2 0.0339726 0.416019 0.0458344 0.0883234 448
0 0.387762 0.502194 0.0353009 0.140511 515
2 0.0709327 0.350214 0.0488891 0.061382 546
0 0.335252 0.506918 0.0237178 0.126444 492
0 0.429661 0.49581 0.0272566 0.123228 554
2 0.336722 0.444558 0.0329532 0.0624464 548
0 0.313455 0.515684 0.0250332 0.121007 497
2 0.0843217 0.313029 0.0352139 0.0352469 587
0 0.459473 0.504665 0.0228455 0.100689 566
2 0.818466 0.869619 0.181029 0.252916 596
2 0.974266 0.611456 0.0514678 0.145916 602
