0 0.284889 0.477786 0.0220383 0.113901 421
0 0.392101 0.521527 0.0365815 0.175336 515
2 0.211092 0.597344 0.178482 0.203925 546
0 0.338465 0.509963 0.0263001 0.132933 492
0 0.428094 0.513713 0.0341311 0.155741 554
0 0.318343 0.523685 0.0235155 0.125205 497
0 0.453104 0.527967 0.0297312 0.153169 566
2 0.0487202 0.436464 0.0521051 0.104394 618
2 0.141675 0.287251 0.0355456 0.0392172 623
2 0.337119 0.44376 0.033792 0.0652733 624
2 0.290456 0.854047 0.246996 0.277862 634
2 0.875468 0.64409 0.18053 0.210219 629
0 0.145544 0.322714 0.0106262 0.0527861 635
