0 0.0992421 0.420585 0.020746 0.0890886 29
0 0.485156 0.545833 0.0374306 0.186111 113
0 0.513297 0.560766 0.0302786 0.160405 226
2 0.336724 0.44168 0.0333454 0.0680622 234
0 0.344659 0.727049 0.0565693 0.236527 250
0 0.082254 0.429761 0.0229354 0.0958711 257
0 0.391221 0.7387 0.0518854 0.193264 260
0 0.0365099 0.385645 0.0143002 0.0681032 261
0 0.16693 0.386477 0.015364 0.0772849 266
0 0.432307 0.912426 0.0968285 0.171151 268
0 0.00704326 0.973479 0.0140865 0.0530412 269
0 0.188662 0.360772 0.00774862 0.0338801 267
