0 0.284844 0.477427 0.0227301 0.111788 421
0 0.40667 0.48984 0.030434 0.103303 515
0 0.432212 0.490079 0.02203 0.108342 554
0 0.4509 0.504103 0.0197271 0.102077 566
2 0.432434 0.647245 0.257561 0.216515 618
2 0.337111 0.440958 0.0336478 0.0696823 624
0 0.130197 0.32799 0.00994074 0.055868 635
2 0.0730119 0.320836 0.0375566 0.0447738 647
2 0.258894 0.862718 0.349022 0.261066 657
0 0.316236 0.525786 0.031771 0.113749 492
2 0.136952 0.300084 0.0294158 0.0552948 662
2 0.97256 0.632222 0.0548801 0.110833 665
0 0.302623 0.52179 0.0246919 0.127734 497
