2 0.323036 0.427125 0.0579791 0.0723386 787
2 0.133625 0.588189 0.15315 0.187511 902
0 0.123899 0.35719 0.0115573 0.0612144 999
0 0.528128 0.578402 0.0265779 0.155961 1025
2 0.0657949 0.347985 0.0522211 0.0711108 1074
0 0.262303 0.488518 0.0239158 0.116764 1081
2 0.122519 0.297936 0.0439231 0.0437597 1085
0 0.289893 0.484594 0.0240039 0.142081 1060
0 0.4077 0.635729 0.0546959 0.198403 1104
0 0.343846 0.504884 0.0202002 0.119108 928
0 0.141899 0.317211 0.00913941 0.0533152 1122
0 0.321694 0.505849 0.0223503 0.122718 1130
2 0.954664 0.855834 0.0880488 0.168827 1139
0 0.884892 0.513108 0.0277704 0.131 1129
0 0.869685 0.50469 0.0234941 0.127702 1117
0 0.643112 0.521812 0.0322668 0.149734 957
