2 0.300378 0.429856 0.108922 0.0855743 787
2 0.133693 0.588421 0.152664 0.188176 902
0 0.537487 0.560811 0.0416206 0.170156 949
2 0.0315782 0.407966 0.0630038 0.0817321 953
0 0.142637 0.312077 0.00772753 0.0427303 884
0 0.130277 0.378932 0.015061 0.0685159 999
0 0.49783 0.645657 0.030211 0.148596 1025
0 0.445405 0.539407 0.0388979 0.154293 957
0 0.302216 0.497264 0.0198759 0.109584 1053
0 0.31796 0.496687 0.0171046 0.105311 928
2 0.1097 0.32047 0.0488022 0.0595883 1074
0 0.331475 0.503623 0.0241121 0.134489 1081
2 0.0163239 0.351037 0.0223258 0.0555718 1085
0 0.371364 0.500761 0.029886 0.155316 1060
0 0.138778 0.333789 0.0110118 0.057169 1015
2 0.0876625 0.227694 0.0520177 0.0423631 1084
