2 0.487429 0.621139 0.293691 0.255281 362
2 0.0692714 0.483246 0.0684102 0.143045 407
0 0.285749 0.47644 0.0272196 0.113695 421
2 0.0267327 0.414051 0.0504043 0.0850084 425
2 0.0897308 0.334655 0.0475623 0.0565691 448
0 0.309621 0.494801 0.026599 0.0963029 497
0 0.382252 0.472972 0.0336996 0.0734163 515
0 0.139465 0.329868 0.0104504 0.054913 533
2 0.141515 0.300361 0.0233823 0.0407582 546
2 0.326997 0.873634 0.232867 0.236224 549
0 0.333797 0.48799 0.0270223 0.099203 492
0 0.459287 0.470203 0.0157391 0.0617878 531
