0 0.285137 0.475132 0.0211321 0.108595 421
0 0.392293 0.521151 0.0371483 0.1724 515
2 0.250862 0.609152 0.195171 0.204675 546
0 0.337889 0.509761 0.0262181 0.133311 492
0 0.427335 0.513729 0.0345338 0.155229 554
0 0.318314 0.521596 0.0219138 0.11973 497
0 0.453552 0.527861 0.0294688 0.153536 566
2 0.0514478 0.447896 0.0546764 0.111856 618
2 0.153121 0.284193 0.0338535 0.038523 623
2 0.337244 0.443086 0.0342949 0.0665531 624
2 0.258435 0.839243 0.334017 0.309349 634
2 0.903217 0.636666 0.180764 0.20981 629
0 0.143946 0.322288 0.0103651 0.0543317 635
