0 0.349789 0.620153 0.0419963 0.196919 515
0 0.429698 0.610647 0.0335707 0.181782 702
0 0.414509 0.567316 0.0244103 0.151947 701
2 0.273802 0.428536 0.101523 0.0884126 787
0 0.46396 0.624177 0.0363452 0.188273 863
0 0.29008 0.502366 0.0290181 0.125835 870
0 0.121865 0.35443 0.00876251 0.0564739 894
0 0.143098 0.318273 0.00929454 0.0511955 884
0 0.14976 0.407542 0.0172768 0.0861196 900
2 0.0334846 0.403089 0.0520268 0.0811722 902
0 0.166231 0.431312 0.0139676 0.0842259 907
0 0.186719 0.901746 0.0742451 0.196157 909
0 0.641825 0.508308 0.0282342 0.160977 921
0 0.164687 0.894852 0.0411689 0.207544 927
