2 0.866081 0.63254 0.233169 0.232138 407
0 0.285288 0.476159 0.0223742 0.11065 421
2 0.247324 0.627318 0.19782 0.210441 425
2 0.0387396 0.393894 0.0473541 0.0804884 448
0 0.386908 0.519467 0.037561 0.175514 515
2 0.0871239 0.337361 0.0505744 0.0567359 546
0 0.332475 0.505111 0.0238944 0.125386 492
0 0.430629 0.517391 0.0282833 0.147936 554
2 0.336727 0.44362 0.0321409 0.0629125 548
0 0.313023 0.515392 0.022246 0.120139 497
2 0.0388413 0.34006 0.0355148 0.0478263 587
0 0.463831 0.521058 0.0323024 0.148026 566
0 0.489926 0.498611 0.0204565 0.0416667 595
