2 0.286837 0.429897 0.112875 0.0892836 787
2 0.133697 0.587501 0.153064 0.1889 902
0 0.524874 0.579612 0.0366479 0.18883 940
0 0.465073 0.629941 0.0389704 0.216787 949
2 0.0466102 0.394424 0.0477399 0.0764047 953
0 0.056116 0.855588 0.0896565 0.258838 950
0 0.14193 0.316961 0.0104691 0.0541691 884
0 0.147794 0.406262 0.0151815 0.075015 999
0 0.439015 0.783996 0.0445365 0.239534 1025
0 0.130785 0.341502 0.0118711 0.060985 1015
0 0.345959 0.513062 0.0311321 0.145448 957
0 0.419718 0.52443 0.03385 0.153201 934
0 0.291821 0.484792 0.0191068 0.102663 1053
0 0.311013 0.486531 0.0183714 0.102289 928
0 0.483309 0.508527 0.0359842 0.170822 1060
