0 0.485156 0.545832 0.0374358 0.186094 113
0 0.514093 0.560412 0.0318282 0.16237 226
2 0.336719 0.442211 0.0331238 0.0680421 234
0 0.37558 0.665741 0.0486188 0.206686 250
0 0.109958 0.427558 0.0205725 0.0949041 257
0 0.413151 0.67061 0.0398202 0.157455 260
0 0.0492335 0.3873 0.0130039 0.0689658 261
0 0.156152 0.380265 0.0146898 0.0758801 266
0 0.436856 0.851984 0.0986519 0.287618 268
0 0.00778981 0.973444 0.0149408 0.0531122 269
0 0.0596751 0.423437 0.0217387 0.096776 29
0 0.171981 0.376512 0.0177114 0.0776503 278
