0 0.284765 0.477809 0.0221727 0.113954 421
0 0.404261 0.522565 0.0436824 0.174652 515
2 0.768408 0.647428 0.283939 0.206784 546
0 0.431916 0.515868 0.0266228 0.144422 554
0 0.45603 0.530447 0.0312288 0.153833 566
2 0.148049 0.568482 0.130273 0.18508 618
2 0.33681 0.441298 0.0337934 0.0694666 624
0 0.133952 0.326813 0.0101141 0.0576151 635
0 0.318728 0.51812 0.0245433 0.135792 492
2 0.0168742 0.354538 0.0180332 0.0538265 647
2 0.861849 0.854175 0.172062 0.281644 648
2 0.823792 0.66164 0.118254 0.175354 651
2 0.659219 0.634167 0.0638839 0.181111 654
