2 0.298866 0.429815 0.109392 0.0836929 787
2 0.133694 0.588202 0.153029 0.1888 902
0 0.52855 0.578939 0.03701 0.164903 949
2 0.0323374 0.40515 0.0604119 0.0800646 953
0 0.142765 0.316272 0.00893057 0.051059 884
0 0.133097 0.380909 0.0150274 0.063854 999
0 0.493759 0.663924 0.0305046 0.170201 1025
0 0.434295 0.539301 0.0359675 0.156524 957
0 0.302636 0.495627 0.0207894 0.111773 1053
0 0.318334 0.495152 0.0175551 0.108476 928
2 0.113626 0.316754 0.0477032 0.0590794 1074
0 0.341574 0.505086 0.0243532 0.130641 1081
2 0.0119277 0.353109 0.0132865 0.045819 1085
2 0.281022 0.408882 0.0731649 0.0476518 1088
0 0.383587 0.502132 0.0308515 0.160654 1060
0 0.136799 0.332422 0.0115218 0.0571199 1015
