0 0.284802 0.477814 0.0224455 0.113943 421
2 0.692302 0.644172 0.270353 0.197727 448
0 0.395296 0.522142 0.033379 0.175216 515
2 0.125459 0.551176 0.118763 0.16959 546
0 0.338934 0.515456 0.0253022 0.122812 492
0 0.428424 0.514345 0.0333347 0.15652 554
0 0.319845 0.522557 0.0249477 0.127532 497
0 0.452852 0.52881 0.0295457 0.155223 566
2 0.049569 0.408741 0.0495154 0.0879211 618
2 0.114609 0.299121 0.0410577 0.0457026 623
2 0.33693 0.443754 0.0332695 0.0646533 624
2 0.8025 0.66625 0.0817904 0.120556 629
