0 0.393367 0.525024 0.0368311 0.175624 515
0 0.457039 0.527916 0.0235871 0.154339 702
0 0.429249 0.513195 0.0248446 0.152777 701
2 0.267864 0.426021 0.111295 0.0938019 787
0 0.151487 0.359695 0.0128114 0.0622609 845
0 0.521106 0.520152 0.0321839 0.162486 863
0 0.338163 0.725288 0.0485998 0.228326 870
0 0.276964 0.474548 0.0242259 0.100819 874
0 0.136505 0.388577 0.0127728 0.071407 877
0 0.140496 0.308795 0.0106789 0.0366143 884
0 0.338649 0.484666 0.0178047 0.10143 886
0 0.933773 0.475933 0.0214993 0.108188 885
