0 0.228355 0.733275 0.0489208 0.185821 515
2 0.277104 0.428454 0.0921186 0.0868064 787
0 0.126069 0.365975 0.0116567 0.064476 894
0 0.143979 0.367074 0.0136924 0.0717693 900
2 0.0642688 0.523142 0.0859726 0.147077 902
0 0.460218 0.650192 0.0259655 0.119942 909
0 0.427219 0.689609 0.0375059 0.207877 927
0 0.2937 0.483099 0.0196088 0.102668 928
0 0.470811 0.764836 0.0502062 0.24262 934
0 0.401565 0.842208 0.0806153 0.301822 940
0 0.237836 0.891384 0.0840065 0.214449 949
2 0.0844932 0.343591 0.0484506 0.0566203 953
0 0.42627 0.573913 0.0338737 0.114117 950
0 0.305695 0.763288 0.0529787 0.252668 702
0 0.313156 0.644363 0.0445338 0.145786 971
0 0.82838 0.504121 0.0365791 0.152472 966
0 0.285893 0.717744 0.0285541 0.212903 974
0 0.269985 0.47061 0.0174336 0.0966081 957
