0 0.143003 0.410555 0.0146904 0.0927738 29
2 0.654433 0.654157 0.271832 0.214877 57
2 0.11117 0.30397 0.0466701 0.0454038 111
0 0.479072 0.542612 0.0425937 0.190279 113
2 0.187363 0.867356 0.374726 0.254171 120
5 0.0235865 0.333841 0.0347603 0.10403 128
2 0.336509 0.443452 0.0332 0.0673235 115
2 0.854847 0.851343 0.239906 0.288367 132
0 0.393644 0.51798 0.0288259 0.127131 82
0 0.38048 0.530529 0.0251797 0.121655 4
0 0.514396 0.562798 0.0623281 0.16562 140
2 0.805976 0.680268 0.0810423 0.157641 142
