2 0.322632 0.428722 0.0617773 0.0768597 787
2 0.133692 0.588185 0.153194 0.187518 902
0 0.123321 0.358866 0.0117706 0.0626333 999
0 0.525139 0.586704 0.0271889 0.158952 1025
2 0.0680363 0.346778 0.0527792 0.0718559 1074
0 0.265965 0.488514 0.0234604 0.114625 1081
2 0.116237 0.300814 0.0452269 0.0450564 1085
0 0.291532 0.488512 0.0233976 0.141046 1060
0 0.400284 0.650809 0.0535392 0.213236 1104
0 0.343234 0.504037 0.0204039 0.119936 928
0 0.142276 0.316416 0.00954429 0.0547321 1122
0 0.31941 0.507509 0.0213878 0.119898 1130
2 0.954643 0.856005 0.0879093 0.169421 1139
0 0.876665 0.516556 0.0272279 0.124367 1129
0 0.277317 0.478224 0.014693 0.0921697 1112
0 0.862035 0.513445 0.0270152 0.14044 1117
