0 0.285153 0.476951 0.0234841 0.113313 421
2 0.384294 0.645166 0.260938 0.227573 448
0 0.398334 0.489222 0.0194744 0.105325 515
2 0.0650279 0.495342 0.073305 0.138976 546
0 0.337519 0.492549 0.0184116 0.0816824 492
0 0.42988 0.506263 0.0296844 0.145548 554
0 0.316824 0.499137 0.0203681 0.0796682 497
0 0.45625 0.524488 0.0232887 0.14528 566
2 0.0660688 0.372031 0.0501357 0.0724899 618
2 0.0697157 0.320198 0.0375672 0.0479604 623
2 0.336719 0.443091 0.0335689 0.0648988 624
2 0.940625 0.859722 0.114701 0.257778 625
