0 0.136866 0.868347 0.0673431 0.257976 515
2 0.277074 0.427806 0.0936727 0.0860906 787
2 0.0992161 0.561317 0.117961 0.169668 902
0 0.511554 0.624204 0.0385449 0.165643 909
0 0.485057 0.635222 0.03564 0.187337 927
0 0.298956 0.481277 0.020355 0.105625 928
0 0.452875 0.715036 0.0523831 0.276415 940
0 0.354737 0.799788 0.0668344 0.29059 949
2 0.0616706 0.369061 0.0479838 0.0653442 953
0 0.32931 0.634721 0.0436762 0.147073 950
0 0.21902 0.869387 0.0551131 0.256094 702
0 0.252656 0.757664 0.0562206 0.247392 971
0 0.143358 0.313112 0.00939724 0.0435574 884
0 0.168907 0.446419 0.014878 0.0909859 999
0 0.275219 0.48058 0.0259566 0.113006 957
0 0.30695 0.400015 0.010262 0.0489728 995
0 0.138798 0.378665 0.013533 0.0665507 894
0 0.135903 0.339049 0.00961815 0.0352266 1015
0 0.336996 0.426322 0.0101673 0.061116 996
