0 0.28479 0.477248 0.0226618 0.111423 421
0 0.406367 0.489906 0.031263 0.10334 515
0 0.432067 0.489613 0.0222836 0.107557 554
0 0.450642 0.50035 0.019743 0.0949398 566
2 0.443952 0.645499 0.256262 0.210805 618
2 0.337111 0.440959 0.03358 0.0695302 624
0 0.129705 0.327628 0.0101409 0.0570457 635
2 0.0755006 0.319481 0.0376347 0.0444652 647
2 0.247264 0.859684 0.368175 0.268592 657
0 0.317577 0.530023 0.0322685 0.119943 492
2 0.135401 0.298939 0.0278539 0.0501671 662
2 0.975657 0.628955 0.0486861 0.104963 665
0 0.302682 0.523461 0.0248601 0.131255 497
