2 0.45994 0.625173 0.226969 0.218882 407
0 0.284758 0.476717 0.0248444 0.111791 421
2 0.0716735 0.53168 0.0920802 0.149505 425
2 0.0534608 0.368332 0.0470926 0.0673265 448
0 0.383106 0.474495 0.0290044 0.0884093 515
2 0.113804 0.319636 0.0507462 0.0524589 546
0 0.320218 0.499724 0.0251993 0.120645 492
0 0.431297 0.474388 0.018318 0.0801309 554
2 0.336325 0.441681 0.033731 0.0680196 548
0 0.494458 0.496026 0.0219534 0.0879649 566
2 0.139176 0.808712 0.278353 0.3535 574
0 0.306713 0.509856 0.0282941 0.116332 497
