0 0.265145 0.729634 0.0599816 0.237801 515
2 0.276843 0.428933 0.0926512 0.0874869 787
0 0.123884 0.367414 0.00972304 0.0570697 894
0 0.143626 0.316668 0.0101783 0.0542455 884
0 0.148989 0.372266 0.0155522 0.0803606 900
2 0.049583 0.500811 0.071676 0.13466 902
0 0.417489 0.744337 0.0475295 0.235229 909
0 0.389018 0.728378 0.0405747 0.219897 927
0 0.290937 0.482185 0.0190485 0.10225 928
0 0.461812 0.830632 0.0642024 0.275932 934
0 0.35358 0.874976 0.0896008 0.244806 940
0 0.152612 0.922095 0.0746715 0.153259 949
2 0.107312 0.329092 0.0452428 0.0521213 953
0 0.464655 0.594897 0.0552591 0.17792 950
0 0.263224 0.456526 0.0185146 0.106427 957
0 0.870453 0.506968 0.035582 0.1459 966
0 0.338887 0.710962 0.0443926 0.219738 702
0 0.348504 0.645678 0.0654686 0.182697 971
