0 0.331779 0.635349 0.0450913 0.210812 515
0 0.411053 0.623726 0.0371378 0.202499 702
2 0.277718 0.428582 0.0936268 0.0873282 787
0 0.436171 0.642791 0.0407308 0.201167 863
0 0.268994 0.50184 0.0258684 0.115826 870
0 0.121099 0.357422 0.00822526 0.0542084 894
0 0.143166 0.318182 0.00934679 0.0511278 884
0 0.152786 0.398463 0.0163589 0.0812522 900
2 0.0289564 0.426269 0.0516101 0.092054 902
0 0.168189 0.438705 0.0130051 0.0831108 907
0 0.251176 0.868202 0.0770473 0.248195 909
0 0.22552 0.863402 0.0523395 0.246864 927
0 0.28997 0.482289 0.0185646 0.101193 928
0 0.339249 0.961034 0.0447626 0.077931 934
2 0.131328 0.205764 0.0297287 0.0466667 939
