2 0.23534 0.600406 0.229311 0.263772 362
2 0.0495737 0.445543 0.057061 0.118437 407
0 0.285541 0.46849 0.0194864 0.0969495 421
2 0.036816 0.391106 0.0499095 0.0724642 425
2 0.100019 0.327924 0.044982 0.0509616 448
0 0.341027 0.490202 0.0184135 0.096226 492
0 0.321263 0.489974 0.0184674 0.0908214 497
0 0.415503 0.517916 0.0440082 0.161629 515
0 0.132378 0.333881 0.011611 0.0597366 533
0 0.675923 0.528463 0.0195419 0.142498 524
0 0.500156 0.528719 0.0377311 0.157251 531
2 0.869377 0.8513 0.178286 0.290299 542
