2 0.313176 0.430451 0.0857945 0.0818096 787
2 0.133767 0.588551 0.152554 0.186784 902
2 0.0104381 0.420826 0.0208763 0.0544107 953
0 0.1226 0.367014 0.0110722 0.0656659 999
0 0.509903 0.618259 0.032132 0.165083 1025
2 0.0854243 0.334341 0.05106 0.0651082 1074
0 0.282615 0.499848 0.0232013 0.126015 1081
2 0.0573683 0.323839 0.0415034 0.0499452 1085
0 0.307553 0.499192 0.0276727 0.151658 1060
0 0.303426 0.797037 0.0831307 0.279875 1104
2 0.0453767 0.242517 0.0385556 0.039775 1084
0 0.255764 0.459333 0.0179105 0.0919895 1112
0 0.331926 0.498298 0.0177097 0.114804 928
0 0.815897 0.515573 0.0266003 0.14045 1117
0 0.540644 0.554316 0.0271971 0.106814 957
