2 0.324615 0.426119 0.0548617 0.0688166 787
2 0.133692 0.588836 0.152996 0.18753 902
0 0.124392 0.355153 0.0116683 0.0596876 999
0 0.538098 0.570993 0.0310161 0.144605 1025
2 0.0589383 0.354125 0.0543299 0.0767713 1074
0 0.262018 0.484794 0.0215742 0.113329 1081
2 0.139239 0.289476 0.0376265 0.040167 1085
0 0.293013 0.481883 0.0231638 0.133961 1060
0 0.41907 0.610348 0.0543536 0.183816 1104
0 0.347054 0.504192 0.0213409 0.119334 928
0 0.141695 0.318185 0.0088864 0.0520488 1122
0 0.324586 0.507741 0.0224825 0.124394 1130
2 0.954681 0.85504 0.0882034 0.167725 1139
0 0.903312 0.49039 0.0199998 0.0806177 1129
0 0.886514 0.496005 0.0213392 0.108384 1117
0 0.792999 0.527375 0.0252282 0.156981 1153
0 0.663448 0.52531 0.0303935 0.146256 957
