2 0.133602 0.588194 0.152937 0.187504 902
0 0.138688 0.33505 0.0104017 0.0532674 999
2 0.0208701 0.413376 0.0417402 0.10275 1074
0 0.307858 0.514439 0.0286807 0.148695 1130
0 0.921336 0.475187 0.0225115 0.110368 1163
0 0.394379 0.511068 0.0246755 0.129759 928
0 0.265406 0.433715 0.0178984 0.0923667 1060
0 0.939036 0.488275 0.0259831 0.0865778 1179
2 0.0230227 0.341939 0.0283829 0.0477226 1182
0 0.375737 0.515429 0.0249098 0.133203 1104
2 0.954687 0.857845 0.0856595 0.167565 1139
0 0.335341 0.504928 0.0212094 0.108413 1155
0 0.132167 0.326445 0.00730743 0.0566201 1192
