2 0.285166 0.429918 0.10896 0.0874375 787
2 0.133701 0.587502 0.153106 0.188907 902
0 0.516511 0.588552 0.0388344 0.194666 940
0 0.460039 0.638977 0.0398484 0.21927 949
2 0.047227 0.393842 0.0476511 0.076416 953
0 0.0820976 0.843802 0.082754 0.237452 950
0 0.0724093 0.960296 0.0422761 0.0793499 971
0 0.141775 0.317337 0.0106333 0.0541889 884
0 0.145979 0.409009 0.0150977 0.0762964 999
0 0.17236 0.415693 0.0131296 0.0698714 894
0 0.431557 0.809407 0.0495655 0.26056 1025
0 0.130198 0.343508 0.0122017 0.0618003 1015
0 0.344276 0.511761 0.0320192 0.143065 957
0 0.4227 0.539845 0.0387255 0.163287 934
0 0.290017 0.484691 0.0198524 0.103229 1053
0 0.310604 0.485158 0.0187956 0.101585 928
0 0.487236 0.512942 0.0370857 0.173186 1060
