0 0.284765 0.477769 0.02222 0.113876 421
0 0.404087 0.522438 0.0458329 0.175437 515
2 0.711677 0.652134 0.292587 0.212141 546
0 0.430551 0.511419 0.0285925 0.155026 554
0 0.453639 0.530608 0.0329608 0.154332 566
2 0.131526 0.556692 0.116935 0.175282 618
2 0.337016 0.44134 0.0338936 0.0694429 624
0 0.134675 0.326184 0.01015 0.0588538 635
0 0.320384 0.518473 0.0244827 0.13708 492
2 0.0135604 0.359032 0.0146891 0.0556015 647
2 0.898075 0.861716 0.148122 0.266311 648
2 0.00877465 0.744735 0.0175493 0.139112 650
2 0.802109 0.68 0.0993967 0.151389 651
