2 0.277937 0.42802 0.109927 0.0877845 787
2 0.133845 0.587988 0.152927 0.188088 902
0 0.491369 0.611344 0.041406 0.212724 940
0 0.43426 0.665683 0.0413838 0.236402 949
2 0.0490598 0.390403 0.0461988 0.0739401 953
0 0.155353 0.807876 0.0723426 0.259188 950
0 0.142281 0.928103 0.0499425 0.143794 971
0 0.141569 0.316678 0.0109588 0.0541761 884
0 0.14152 0.416075 0.0158601 0.0769893 999
0 0.162512 0.405269 0.0144777 0.0672618 894
0 0.394524 0.867645 0.0647356 0.258367 1025
0 0.1283 0.346538 0.0134306 0.064552 1015
0 0.317919 0.506061 0.03174 0.136454 957
0 0.0490159 0.948882 0.0485046 0.102237 1031
0 0.436764 0.540239 0.0282232 0.0949531 934
0 0.286218 0.483495 0.0204864 0.103107 1053
0 0.581247 0.56147 0.0250434 0.132108 909
0 0.545112 0.545643 0.0188291 0.0900203 927
