2 0.337109 0.440659 0.0332939 0.070853 234
2 0.932783 0.898434 0.134435 0.191424 308
2 0.0154691 0.441772 0.0309382 0.113639 327
0 0.126745 0.353333 0.00899949 0.0555487 333
0 0.389225 0.588955 0.0345917 0.173784 296
2 0.0680314 0.34821 0.0546084 0.0825388 362
0 0.943957 0.494125 0.0185849 0.068778 379
0 0.304091 0.416876 0.015903 0.081012 370
0 0.959439 0.506487 0.015834 0.0411127 389
0 0.913115 0.488287 0.019298 0.08396 369
0 0.886159 0.486495 0.0255781 0.121813 361
0 0.116921 0.35594 0.00917985 0.0516247 338
