2 0.337109 0.440513 0.0337471 0.0706176 234
0 0.149449 0.329632 0.0108153 0.071827 278
2 0.932618 0.899702 0.134764 0.189343 308
2 0.0180133 0.422426 0.0360266 0.10239 327
0 0.126704 0.351208 0.00964449 0.0551375 333
0 0.384408 0.605088 0.0351672 0.179155 296
2 0.0793108 0.336509 0.0504823 0.0746472 362
0 0.927069 0.493781 0.0203907 0.0726967 379
0 0.289381 0.414463 0.0168407 0.0863574 370
0 0.11743 0.353393 0.00872747 0.0513418 338
0 0.907583 0.478271 0.0218238 0.103841 369
0 0.892189 0.482278 0.0230761 0.103013 361
