2 0.309619 0.427793 0.0883498 0.0777621 787
2 0.133615 0.588233 0.152741 0.187409 902
2 0.0245333 0.412629 0.0490665 0.0733964 953
0 0.123529 0.372736 0.0131244 0.0674972 999
0 0.504767 0.633357 0.0349001 0.170711 1025
0 0.505713 0.52892 0.034975 0.145809 957
2 0.0944792 0.328681 0.0495856 0.0617305 1074
0 0.295122 0.50471 0.0276361 0.128767 1081
2 0.0376664 0.33542 0.0436098 0.0538899 1085
0 0.324506 0.501916 0.0323046 0.156575 1060
0 0.143191 0.32785 0.0102742 0.0576949 1015
0 0.668827 0.527431 0.0341363 0.162858 1099
0 0.211812 0.881226 0.0973439 0.233915 1104
2 0.0621084 0.236919 0.0412074 0.0427572 1084
0 0.24043 0.449722 0.013781 0.0908333 1112
