0 0.404687 0.526902 0.0311925 0.171334 515
0 0.456287 0.529154 0.0252381 0.15371 702
0 0.43047 0.512739 0.0238998 0.15415 701
7 0.27675 0.427509 0.0955188 0.0841977 787
0 0.520313 0.522097 0.0307323 0.158584 863
0 0.378215 0.535178 0.0264938 0.146265 870
0 0.296291 0.482682 0.0200979 0.101438 886
0 0.124977 0.345789 0.0091291 0.0513313 894
0 0.14322 0.319711 0.00900774 0.0483816 884
0 0.164175 0.429056 0.0177787 0.096334 900
2 0.106835 0.325901 0.0458918 0.0508423 902
0 0.776254 0.503599 0.0313527 0.156553 885
