2 0.337109 0.440942 0.0333432 0.0708397 234
2 0.93264 0.898611 0.13472 0.191719 308
2 0.0155419 0.446517 0.0310837 0.118597 327
0 0.126517 0.353445 0.00913102 0.0564738 333
0 0.389943 0.587482 0.0348711 0.174647 296
2 0.0661069 0.350043 0.0547451 0.0832268 362
0 0.946822 0.494462 0.0187082 0.0679491 379
0 0.306139 0.416667 0.0158295 0.0819039 370
0 0.962403 0.506148 0.0156005 0.040511 389
0 0.917993 0.485132 0.0217313 0.0898603 369
0 0.881956 0.493503 0.0272634 0.131767 361
0 0.117155 0.356553 0.00900888 0.0507516 338
