0 0.285157 0.476173 0.0230099 0.110206 421
2 0.505425 0.658932 0.267402 0.207571 425
2 0.0338483 0.417809 0.0458104 0.0889106 448
0 0.388117 0.507075 0.0373755 0.151189 515
2 0.0698992 0.351336 0.0491598 0.0620864 546
0 0.33499 0.507186 0.023758 0.126798 492
0 0.42966 0.498248 0.0289554 0.130304 554
2 0.336722 0.444492 0.0330147 0.0624524 548
0 0.313344 0.516132 0.0248102 0.120521 497
2 0.0877371 0.312458 0.0369373 0.0360037 587
0 0.459278 0.50502 0.0238325 0.101914 566
2 0.806085 0.870799 0.178746 0.248615 596
