2 0.325309 0.427406 0.0542487 0.0684013 787
2 0.133692 0.588903 0.152974 0.1875 902
0 0.124739 0.354886 0.0117183 0.0595087 999
0 0.541086 0.563514 0.0290799 0.134155 1025
2 0.0574947 0.355076 0.0543388 0.0774489 1074
0 0.262008 0.483665 0.0209734 0.113284 1081
2 0.142497 0.287918 0.0361874 0.0402734 1085
0 0.293871 0.480438 0.02317 0.132219 1060
0 0.420422 0.603318 0.0522602 0.177358 1104
0 0.347869 0.505035 0.0212696 0.117568 928
0 0.141325 0.31818 0.00881542 0.0518815 1122
0 0.324649 0.50748 0.0218145 0.120694 1130
2 0.954683 0.854374 0.0888707 0.168891 1139
0 0.906603 0.490139 0.0206161 0.0821767 1129
0 0.890617 0.497715 0.0226107 0.11371 1117
0 0.794967 0.532328 0.0250209 0.150103 1153
0 0.674795 0.52474 0.0294261 0.146385 957
