2 0.133638 0.588549 0.152441 0.186784 902
0 0.12954 0.342424 0.0111444 0.0553728 999
2 0.0269421 0.388037 0.0525632 0.0899305 1074
0 0.278964 0.477234 0.0169519 0.0966488 1081
0 0.287194 0.462329 0.0192097 0.107021 1060
0 0.379423 0.524583 0.034805 0.148753 1104
0 0.138529 0.321246 0.0105045 0.0541957 1122
0 0.344962 0.509807 0.0255726 0.132199 1130
0 0.965757 0.493036 0.01608 0.0704078 1129
0 0.325589 0.494933 0.0194368 0.103507 1155
0 0.8886 0.520119 0.0342469 0.147369 1153
2 0.954687 0.857408 0.0889048 0.169439 1139
0 0.641073 0.532509 0.028474 0.146675 1173
