2 0.931081 0.62248 0.137838 0.203261 407
0 0.285533 0.475043 0.0222596 0.108419 421
2 0.387632 0.657386 0.251866 0.224943 425
2 0.0349502 0.407932 0.0446095 0.0820281 448
0 0.387131 0.493056 0.0280949 0.120788 515
2 0.0770828 0.344262 0.0503381 0.0609602 546
0 0.335313 0.494324 0.0207176 0.104929 492
0 0.429917 0.510945 0.0299238 0.150999 554
2 0.336674 0.444395 0.0325455 0.0626314 548
0 0.314173 0.504283 0.0211721 0.0984736 497
2 0.0618907 0.325882 0.037542 0.04532 587
0 0.461217 0.527649 0.0295771 0.15243 566
2 0.8511 0.8573 0.151929 0.275375 596
