0 0.406235 0.52689 0.0309736 0.173906 515
0 0.455451 0.527771 0.025961 0.155567 702
0 0.430474 0.512482 0.0238626 0.155086 701
7 0.27036 0.425897 0.0990777 0.0850872 787
0 0.520313 0.519438 0.0313493 0.163902 863
0 0.376803 0.549546 0.0272167 0.145027 870
0 0.299644 0.481243 0.0190906 0.0995994 886
0 0.125981 0.344024 0.00930153 0.0500384 894
0 0.143875 0.31818 0.00950921 0.0516852 884
0 0.800206 0.50306 0.0324437 0.148252 885
0 0.169127 0.432548 0.0153022 0.0930465 900
2 0.12683 0.314597 0.042232 0.0491712 902
0 0.242598 0.432828 0.0168782 0.0827598 898
