0 0.393359 0.524983 0.0368998 0.175489 515
0 0.45704 0.528166 0.0236498 0.154645 702
0 0.429152 0.513195 0.0249112 0.152777 701
2 0.268409 0.426657 0.109579 0.0923982 787
0 0.15115 0.358679 0.0129925 0.0633346 845
0 0.521108 0.520131 0.0322171 0.162569 863
0 0.336924 0.728699 0.049722 0.230862 870
0 0.278407 0.475123 0.0244044 0.102701 874
0 0.135855 0.385637 0.0122899 0.0685156 877
0 0.140636 0.308733 0.0105506 0.0361772 884
0 0.340333 0.484747 0.0177878 0.101213 886
0 0.935589 0.477672 0.0210699 0.105304 885
