0 0.406341 0.526448 0.0317985 0.173647 515
0 0.4562 0.52776 0.0255751 0.155578 702
0 0.430479 0.512464 0.0238322 0.15566 701
7 0.274135 0.426358 0.0943274 0.0832314 787
0 0.520313 0.519479 0.0313997 0.163819 863
0 0.376925 0.563685 0.0303868 0.156891 870
0 0.302362 0.481229 0.019167 0.0999625 886
0 0.163428 0.409104 0.0125951 0.0778236 877
0 0.127125 0.343544 0.00928014 0.0506737 894
0 0.14337 0.318239 0.00926196 0.0503842 884
0 0.803718 0.504719 0.0321121 0.147785 885
0 0.171786 0.434539 0.0141256 0.09182 900
2 0.134674 0.30866 0.0375607 0.0453961 902
