0 0.485156 0.546533 0.0374614 0.186102 113
0 0.513963 0.560239 0.0310379 0.162507 226
2 0.336716 0.442364 0.0335384 0.0678309 234
0 0.396485 0.611723 0.0396136 0.16197 250
0 0.136776 0.420555 0.0194292 0.0919048 257
0 0.433467 0.611177 0.0307749 0.109037 260
0 0.14267 0.369044 0.0129079 0.0739292 266
0 0.420956 0.752504 0.0681583 0.280064 268
0 0.0206791 0.434693 0.020741 0.0922867 29
0 0.15643 0.371636 0.0162933 0.0811002 278
0 0.0664991 0.391017 0.0140019 0.0722922 261
0 0.165694 0.365791 0.0133181 0.0719491 285
