2 0.133487 0.588197 0.152935 0.1875 902
0 0.146312 0.325079 0.00874804 0.0462 999
2 0.0185762 0.441999 0.0371525 0.120588 1074
0 0.296415 0.497559 0.0256972 0.137284 1130
0 0.4239 0.516204 0.0219482 0.135209 928
0 0.239898 0.42 0.0176062 0.0924407 1060
2 0.10607 0.303388 0.0450646 0.0405241 1182
0 0.406809 0.528019 0.0280784 0.143565 1104
2 0.954687 0.858323 0.0904242 0.169438 1139
0 0.359074 0.507233 0.024641 0.125951 1155
0 0.127713 0.330948 0.0106605 0.059839 1192
0 0.912244 0.483428 0.0207088 0.0948275 1174
