0 0.485156 0.546422 0.0375585 0.186827 113
0 0.51421 0.560647 0.0307937 0.161719 226
2 0.336848 0.442382 0.0332953 0.0680319 234
0 0.386535 0.643372 0.0459606 0.191308 250
0 0.118125 0.422402 0.0194663 0.091726 257
0 0.421534 0.651035 0.0343573 0.14097 260
0 0.149509 0.374923 0.0140484 0.0777286 266
0 0.43443 0.809141 0.081645 0.292713 268
0 0.00768601 0.973621 0.0151459 0.0527583 269
0 0.0486459 0.427946 0.0236542 0.0943355 29
0 0.166872 0.375893 0.0166429 0.0781227 278
0 0.0564753 0.388305 0.0128804 0.0712491 261
