0 0.142789 0.411136 0.0145687 0.0925343 29
2 0.119987 0.298478 0.0448557 0.043039 111
0 0.47981 0.543898 0.0388548 0.192268 113
2 0.16127 0.858694 0.322541 0.271515 120
5 0.0288996 0.328035 0.0431235 0.0994031 128
2 0.336708 0.443856 0.0329354 0.0664782 115
2 0.847321 0.860013 0.247921 0.271497 132
0 0.402167 0.525193 0.0257935 0.12339 82
0 0.389901 0.533455 0.0249606 0.123645 4
0 0.510374 0.5627 0.0506443 0.164843 140
2 0.866607 0.648609 0.142555 0.213062 142
2 0.139236 0.309329 0.0189416 0.0445466 143
