2 0.659197 0.625565 0.297886 0.2509 362
2 0.0837722 0.501366 0.0792886 0.154529 407
0 0.285674 0.476973 0.0244297 0.113033 421
2 0.0248 0.426337 0.0496 0.0914186 425
2 0.0824447 0.337012 0.0473264 0.0581424 448
0 0.304916 0.497619 0.0228999 0.0989063 497
0 0.382707 0.515352 0.0560394 0.164515 515
0 0.143855 0.332451 0.00920161 0.0502521 533
2 0.1389 0.301494 0.0240429 0.0368113 546
2 0.230308 0.866184 0.33996 0.255632 549
0 0.329935 0.492301 0.0237342 0.104784 492
0 0.450283 0.514046 0.0232422 0.15565 554
2 0.336719 0.4437 0.0338824 0.0649129 548
2 0.786563 0.653611 0.0681138 0.191111 558
