2 0.193939 0.585782 0.201156 0.245829 362
2 0.0477543 0.439155 0.0565358 0.11445 407
0 0.285537 0.476376 0.0219395 0.11249 421
2 0.0395203 0.386273 0.0514364 0.0734556 425
2 0.101875 0.326438 0.0454234 0.0513706 448
0 0.340528 0.496082 0.0170431 0.0839545 492
0 0.322389 0.491233 0.018369 0.0883467 497
2 0.0281042 0.744772 0.0562083 0.148717 514
0 0.420072 0.512159 0.0428218 0.162462 515
0 0.128856 0.334574 0.0115181 0.0595995 533
0 0.679003 0.526847 0.0173641 0.148028 524
0 0.515488 0.529756 0.0380672 0.156595 531
2 0.920313 0.850278 0.149552 0.26 542
