0 0.485156 0.54653 0.0374762 0.186107 113
0 0.514066 0.560415 0.0305478 0.161066 226
2 0.336717 0.441641 0.0338812 0.0687599 234
0 0.403196 0.595029 0.0370478 0.14451 250
0 0.145749 0.416195 0.0209853 0.100328 257
0 0.436787 0.6005 0.0305251 0.105688 260
0 0.138309 0.356512 0.0100727 0.0485204 266
0 0.418161 0.719206 0.0597992 0.251447 268
0 0.0113003 0.441236 0.0198678 0.088593 29
0 0.15268 0.367155 0.0146677 0.079153 278
0 0.0702181 0.392336 0.015003 0.0746419 261
0 0.16266 0.364717 0.0132171 0.072936 285
