2 0.133746 0.588193 0.152938 0.187502 902
0 0.134752 0.338484 0.010598 0.0540198 999
2 0.0232127 0.403595 0.0464253 0.0984181 1074
0 0.306044 0.477267 0.0182378 0.0998637 1081
0 0.13576 0.313448 0.00825254 0.0376227 1122
0 0.328092 0.523001 0.0290187 0.151609 1130
0 0.680276 0.528996 0.0283094 0.150322 1173
0 0.897325 0.494118 0.028345 0.145014 1163
0 0.377168 0.511135 0.0212464 0.128951 928
0 0.273574 0.449396 0.0186275 0.107021 1060
0 0.834034 0.508653 0.0236032 0.141623 1174
0 0.921719 0.48778 0.025854 0.0892937 1179
2 0.00977517 0.35356 0.0124993 0.0422082 1182
0 0.357949 0.515207 0.0266805 0.125956 1104
2 0.954687 0.856934 0.0884295 0.168478 1139
