0 0.125563 0.876901 0.0421376 0.243654 113
0 0.166964 0.916952 0.0578165 0.165496 226
2 0.337109 0.440967 0.0335832 0.0694444 234
0 0.140509 0.328018 0.010753 0.059861 278
2 0.932797 0.895855 0.133795 0.186064 308
2 0.0340367 0.377213 0.0499977 0.0810497 327
0 0.12433 0.345297 0.00995182 0.0530748 333
0 0.35044 0.63609 0.0391643 0.1947 296
2 0.131627 0.30444 0.0343251 0.0593053 362
0 0.951885 0.476456 0.0201537 0.100328 369
0 0.251984 0.416749 0.0181478 0.0810447 370
0 0.827758 0.496051 0.032443 0.142091 361
0 0.882794 0.545493 0.0243341 0.114329 368
0 0.873817 0.524963 0.026179 0.135333 353
