2 0.133724 0.588892 0.152801 0.187499 902
0 0.125527 0.350459 0.0112018 0.0560809 999
2 0.0414754 0.370297 0.05316 0.081786 1074
0 0.268628 0.48059 0.0181943 0.102923 1081
0 0.290434 0.472896 0.0212342 0.114001 1060
0 0.414643 0.541612 0.0363094 0.158073 1104
0 0.355942 0.508432 0.0206297 0.125405 928
0 0.140331 0.318577 0.0102621 0.0537952 1122
0 0.340271 0.51098 0.0245821 0.130402 1130
0 0.937798 0.489461 0.0211278 0.0812291 1129
0 0.842932 0.518237 0.0336758 0.153987 1153
0 0.317934 0.486891 0.0180488 0.100753 1155
0 0.924271 0.48485 0.020628 0.0914499 1117
0 0.797478 0.493072 0.0235491 0.154178 1163
