2 0.310744 0.427876 0.0866585 0.077762 787
2 0.133717 0.58819 0.152808 0.187502 902
2 0.0211065 0.414411 0.042213 0.0674271 953
0 0.122757 0.370423 0.0124013 0.0668356 999
0 0.506941 0.62759 0.0338506 0.166018 1025
0 0.519408 0.535312 0.0380031 0.14352 957
2 0.0906306 0.330774 0.0491726 0.062014 1074
0 0.291223 0.502661 0.0270898 0.129388 1081
2 0.0444494 0.331824 0.044964 0.053278 1085
0 0.318884 0.501085 0.0309177 0.15163 1060
0 0.143357 0.330305 0.0090706 0.0509287 1015
0 0.67856 0.527611 0.0320681 0.166793 1099
0 0.242848 0.865092 0.0989173 0.263706 1104
2 0.0574683 0.23979 0.0429104 0.0451723 1084
0 0.244865 0.456248 0.0129215 0.0833166 1112
0 0.306923 0.496482 0.0167349 0.119549 1114
0 0.584652 0.554133 0.0264746 0.106878 949
0 0.332019 0.49494 0.0159964 0.10598 928
