2 0.301017 0.42993 0.105882 0.0837406 787
2 0.133693 0.58831 0.152714 0.18817 902
0 0.540835 0.556825 0.0378039 0.159051 949
2 0.0311726 0.409496 0.0623451 0.0809358 953
0 0.142072 0.309905 0.00729146 0.0373704 884
0 0.129112 0.378979 0.0143132 0.0672715 999
0 0.49856 0.643275 0.0322121 0.15513 1025
0 0.450777 0.538227 0.0382664 0.156943 957
0 0.302277 0.49648 0.019486 0.110991 1053
2 0.107926 0.321063 0.0488361 0.0591494 1074
0 0.327207 0.504086 0.0247154 0.133595 1081
2 0.0178363 0.349392 0.0246889 0.0558532 1085
0 0.363473 0.507637 0.027113 0.142995 1060
0 0.139831 0.333417 0.0110592 0.057091 1015
0 0.640829 0.528932 0.0206732 0.165748 1099
