0 0.39603 0.555584 0.0324587 0.164018 515
0 0.453901 0.549303 0.026546 0.151105 702
0 0.428072 0.519066 0.0239537 0.150553 701
7 0.273789 0.428258 0.0955596 0.0880346 787
0 0.508996 0.560022 0.0343771 0.170274 863
0 0.352161 0.513124 0.0313233 0.136326 870
0 0.290474 0.482678 0.0215811 0.10136 886
0 0.121403 0.350447 0.00914396 0.0541738 894
0 0.143088 0.318681 0.00943678 0.0508402 884
0 0.155027 0.423569 0.0177608 0.0896883 900
2 0.071957 0.350533 0.0508274 0.0594402 902
0 0.246074 0.430703 0.0192315 0.0837871 898
0 0.168088 0.418667 0.0102222 0.0784915 907
2 0.299206 0.418056 0.0375618 0.0277778 905
