0 0.199262 0.817267 0.071915 0.288136 515
2 0.277302 0.428481 0.0925829 0.087251 787
0 0.130427 0.372891 0.0111419 0.0605399 894
0 0.141342 0.361999 0.0135801 0.0718425 900
2 0.0781752 0.540894 0.0999415 0.158053 902
0 0.49227 0.645271 0.0432608 0.148245 909
0 0.453715 0.631575 0.0224939 0.122439 927
0 0.293772 0.482676 0.0197971 0.103153 928
0 0.46474 0.728037 0.0471368 0.235207 934
0 0.423796 0.797435 0.0638902 0.307143 940
0 0.307096 0.860367 0.0800175 0.271759 949
2 0.0747585 0.354252 0.0486197 0.0595202 953
0 0.390759 0.630421 0.0583821 0.198476 950
0 0.266644 0.805026 0.0578594 0.258453 702
0 0.293497 0.673655 0.0406597 0.153213 971
0 0.143353 0.310416 0.00976156 0.0414266 884
0 0.241297 0.745203 0.0303026 0.213685 974
0 0.26997 0.476849 0.0208852 0.0970838 957
