2 0.445666 0.617915 0.281113 0.247069 362
2 0.0642736 0.474325 0.0657815 0.140726 407
0 0.285821 0.473172 0.0276197 0.106255 421
2 0.0281569 0.409759 0.0517356 0.0850403 425
2 0.0909706 0.333109 0.0463897 0.0556651 448
0 0.311885 0.477535 0.0184391 0.0576187 497
0 0.385167 0.466432 0.0249263 0.0590988 515
0 0.138821 0.331251 0.0109028 0.0581361 533
0 0.641589 0.528405 0.0263081 0.142512 524
2 0.141973 0.301537 0.023278 0.0428911 546
2 0.381565 0.883692 0.199562 0.218713 549
0 0.334936 0.469797 0.0162217 0.0556063 492
2 0.757373 0.89871 0.151009 0.195641 542
