2 0.202607 0.580821 0.145946 0.196298 407
0 0.284763 0.477569 0.0207509 0.112549 421
2 0.0306785 0.472126 0.0585198 0.117854 425
2 0.0684518 0.350912 0.0501751 0.0635144 448
0 0.297111 0.50489 0.0203639 0.106663 497
0 0.381926 0.515387 0.0350104 0.169619 515
2 0.13074 0.308147 0.0378016 0.0459928 546
0 0.31715 0.492967 0.0221279 0.112356 492
0 0.427458 0.513099 0.0279633 0.15217 554
2 0.775289 0.864905 0.186682 0.263045 564
2 0.335949 0.443022 0.0340127 0.065319 548
2 0.960196 0.603631 0.0796075 0.205464 558
0 0.532382 0.554959 0.0332424 0.108832 566
2 0.423341 0.893219 0.101098 0.203177 574
