2 0.133627 0.588181 0.152866 0.1875 902
0 0.127576 0.344833 0.0106359 0.0565409 999
2 0.0323729 0.381377 0.0537164 0.0880886 1074
0 0.270052 0.481203 0.0202342 0.106925 1081
0 0.29066 0.471977 0.0221113 0.112609 1060
0 0.397209 0.525646 0.0372064 0.148185 1104
0 0.360488 0.509209 0.0199169 0.122693 928
0 0.140942 0.320759 0.0103817 0.0540217 1122
0 0.341967 0.511324 0.0258755 0.130688 1130
0 0.957748 0.488054 0.022666 0.0803684 1129
0 0.322633 0.490086 0.0203563 0.108713 1155
0 0.832169 0.494093 0.0299276 0.151468 1163
0 0.942082 0.488191 0.0196657 0.0847171 1117
0 0.870648 0.518393 0.0328838 0.155048 1153
2 0.954687 0.855594 0.0900427 0.171197 1139
2 0.333848 0.433285 0.0394383 0.0500804 787
