2 0.28939 0.429648 0.116018 0.0889225 787
2 0.133605 0.588209 0.153881 0.190157 902
0 0.532609 0.587475 0.0358684 0.175731 940
0 0.471558 0.626383 0.0388792 0.21731 949
2 0.0461134 0.395182 0.0480377 0.076161 953
0 0.0409069 0.862411 0.0818138 0.254076 950
0 0.142693 0.31745 0.00987304 0.0535268 884
0 0.148634 0.40043 0.0150325 0.0744438 999
0 0.448483 0.775876 0.0446776 0.251082 1025
0 0.132125 0.340862 0.0118548 0.0610727 1015
0 0.35668 0.516599 0.0336245 0.141097 957
0 0.414973 0.520383 0.0304989 0.150533 934
0 0.29495 0.488325 0.0186882 0.100932 1053
0 0.311377 0.487276 0.0180041 0.098972 928
0 0.467099 0.490391 0.0271043 0.136581 1060
0 0.643404 0.532993 0.0300056 0.153518 1069
