2 0.337109 0.440892 0.033439 0.0709366 234
2 0.933287 0.897184 0.133427 0.189256 308
2 0.0157309 0.43897 0.0314618 0.111015 327
0 0.126663 0.352836 0.00887993 0.0549338 333
0 0.389144 0.588592 0.0342681 0.173064 296
2 0.0700946 0.346148 0.053877 0.0809605 362
0 0.941432 0.492864 0.0193923 0.0725577 379
0 0.30098 0.416783 0.0164676 0.0803389 370
0 0.956264 0.507735 0.0153372 0.0400861 389
0 0.908346 0.483734 0.0201128 0.0924535 369
0 0.89032 0.480242 0.0232759 0.109287 361
0 0.116932 0.355487 0.0094859 0.0524664 338
