0 0.284757 0.476175 0.0236299 0.110646 421
2 0.764852 0.66751 0.282311 0.205356 425
2 0.0350529 0.436508 0.0498057 0.102704 448
0 0.388681 0.519515 0.0372546 0.176579 515
2 0.0586762 0.365089 0.0464417 0.0649653 546
0 0.33832 0.513407 0.0238728 0.126006 492
0 0.427317 0.513719 0.032711 0.156152 554
0 0.3153 0.516084 0.0233307 0.120318 497
2 0.126879 0.300517 0.0427889 0.0389447 587
0 0.459237 0.528305 0.0297476 0.150835 566
2 0.318979 0.833839 0.185953 0.218489 607
2 0.820469 0.679028 0.140282 0.175556 610
2 0.321162 0.903493 0.313547 0.182727 606
2 0.336717 0.44442 0.0334806 0.062436 548
