2 0.296588 0.430602 0.115288 0.085168 787
2 0.133594 0.588187 0.153007 0.188876 902
0 0.510392 0.580253 0.0344479 0.1695 949
2 0.0382784 0.400804 0.0545449 0.0785746 953
0 0.142727 0.317709 0.00963159 0.0534602 884
0 0.141292 0.385364 0.014183 0.0666988 999
0 0.48725 0.702257 0.0369818 0.217659 1025
0 0.407755 0.537578 0.0355358 0.155707 957
0 0.301488 0.492844 0.0193386 0.106613 1053
0 0.317732 0.494776 0.0173164 0.106859 928
2 0.12328 0.311248 0.0431631 0.0565078 1074
0 0.367002 0.500877 0.0189166 0.128072 1081
2 0.0923894 0.226202 0.0454979 0.0376028 1084
2 0.00519457 0.362794 0.00531926 0.0344167 1085
