2 0.388989 0.6272 0.227748 0.235522 407
0 0.284797 0.474612 0.0250982 0.107452 421
2 0.0576594 0.517835 0.0814101 0.141509 425
2 0.0566777 0.363006 0.0492876 0.0690093 448
0 0.382039 0.473002 0.0234096 0.0849101 515
2 0.118604 0.317297 0.0496731 0.0511051 546
0 0.317738 0.475658 0.0182844 0.0763202 492
0 0.430882 0.493676 0.0223651 0.117317 554
2 0.336551 0.442581 0.0328587 0.0663502 548
0 0.502634 0.524707 0.0378621 0.145663 566
2 0.17947 0.825247 0.324478 0.335502 574
0 0.304602 0.488294 0.0178842 0.0665726 497
