0 0.485156 0.546532 0.0374667 0.186104 113
0 0.514054 0.560618 0.030764 0.161421 226
2 0.336715 0.441818 0.0336307 0.0680375 234
0 0.397933 0.607844 0.0404774 0.163367 250
0 0.138353 0.419621 0.0193688 0.0938852 257
0 0.435957 0.608251 0.0326955 0.112416 260
0 0.141758 0.360571 0.0102193 0.0558458 266
0 0.420414 0.74899 0.0673328 0.280827 268
0 0.0161257 0.434919 0.0204519 0.095974 29
0 0.154878 0.369507 0.0154036 0.0776885 278
0 0.0680438 0.391264 0.0147664 0.0741183 261
0 0.164625 0.363754 0.0130949 0.0710358 285
