0 0.309549 0.626765 0.0335004 0.14283 515
0 0.38655 0.639671 0.0378388 0.210557 702
7 0.277128 0.429035 0.092511 0.0887884 787
0 0.397732 0.674285 0.0447909 0.204958 863
0 0.253351 0.489819 0.0216145 0.109725 870
0 0.121594 0.360568 0.00802133 0.0594616 894
0 0.143517 0.317873 0.00950623 0.0530093 884
0 0.152941 0.388148 0.0161461 0.0799477 900
2 0.0331947 0.456993 0.0548218 0.11043 902
0 0.332775 0.820105 0.0629546 0.256151 909
0 0.299721 0.810791 0.0522969 0.253009 927
0 0.289446 0.482636 0.0203753 0.101401 928
0 0.415818 0.903619 0.0861018 0.189279 934
0 0.242765 0.943577 0.0697493 0.110025 940
0 0.92902 0.481741 0.0225058 0.100206 941
0 0.0134974 0.970866 0.0164044 0.0582681 949
0 0.54399 0.551201 0.0916094 0.157686 950
2 0.122768 0.207303 0.0252946 0.0356446 939
