2 0.133522 0.588194 0.152842 0.1875 902
0 0.143564 0.330296 0.00994743 0.0518783 999
2 0.0185226 0.431208 0.0370453 0.114599 1074
0 0.297796 0.506635 0.0274688 0.144227 1130
0 0.410531 0.51587 0.0250455 0.138208 928
0 0.246958 0.424882 0.0191366 0.0978746 1060
2 0.0748971 0.316663 0.0450797 0.0431513 1182
0 0.391371 0.523354 0.0279935 0.14616 1104
2 0.954687 0.858321 0.0891487 0.167829 1139
0 0.34663 0.506518 0.0233173 0.12067 1155
0 0.129095 0.329315 0.00981778 0.059914 1192
0 0.959533 0.476698 0.0254248 0.104415 1163
0 0.895028 0.489785 0.0198712 0.107266 1174
