0 0.236415 0.749632 0.0643381 0.258604 515
2 0.277108 0.429176 0.0925032 0.0874994 787
0 0.124916 0.366279 0.0113831 0.0622288 894
0 0.143624 0.315843 0.00993886 0.0530031 884
0 0.146841 0.371591 0.0139551 0.0735033 900
2 0.0579046 0.514322 0.0803557 0.143003 902
0 0.441115 0.722288 0.0435597 0.227054 909
0 0.411424 0.698013 0.0338088 0.192412 927
0 0.292214 0.48231 0.019513 0.10488 928
0 0.465924 0.792844 0.0531819 0.259213 934
0 0.383234 0.852516 0.0853264 0.287988 940
0 0.202417 0.898924 0.0846969 0.197569 949
2 0.092885 0.337588 0.0466955 0.053868 953
0 0.44928 0.592895 0.041703 0.155105 950
0 0.266657 0.466452 0.0164452 0.0988401 957
0 0.317168 0.730922 0.0480453 0.235561 702
0 0.335516 0.664108 0.0611056 0.194059 971
0 0.293623 0.71631 0.02901 0.216998 974
0 0.84962 0.501898 0.0369457 0.152896 966
