0 0.311868 0.652753 0.0444585 0.221503 515
0 0.386953 0.645495 0.0352575 0.197427 702
7 0.276455 0.429638 0.0957395 0.091627 787
0 0.408547 0.665074 0.0403437 0.208824 863
0 0.257108 0.493048 0.0220541 0.110502 870
0 0.12153 0.360578 0.00805786 0.0591026 894
0 0.143271 0.318017 0.00935249 0.0521864 884
0 0.152744 0.390941 0.0160619 0.0790927 900
2 0.0313402 0.450799 0.0535085 0.106328 902
0 0.173986 0.445476 0.0112443 0.070612 907
0 0.318027 0.829354 0.0655537 0.258202 909
0 0.286854 0.82128 0.0534869 0.251171 927
0 0.289441 0.482645 0.0200267 0.10141 928
0 0.412252 0.912779 0.0822416 0.169783 934
0 0.217155 0.952325 0.0591131 0.0950519 940
0 0.937971 0.483112 0.0205833 0.0953582 941
0 0.00657349 0.977222 0.0113247 0.0433334 949
0 0.560703 0.58125 0.0457385 0.0738889 950
2 0.124427 0.206555 0.0245673 0.0367329 939
