2 0.31552 0.428389 0.0778876 0.0775802 787
2 0.133626 0.588546 0.152713 0.186795 902
0 0.123056 0.365399 0.0111341 0.063963 999
0 0.511564 0.611778 0.0318411 0.169909 1025
2 0.0803937 0.337151 0.0506982 0.0658689 1074
0 0.274565 0.498442 0.0247479 0.126356 1081
2 0.0687732 0.319129 0.0388016 0.0485954 1085
0 0.29944 0.495058 0.0263132 0.148579 1060
0 0.329907 0.752749 0.0664112 0.246316 1104
2 0.0379539 0.243221 0.0307077 0.0303567 1084
0 0.260058 0.463206 0.0173015 0.0864394 1112
0 0.335851 0.500065 0.0190611 0.113389 928
0 0.817078 0.506549 0.026562 0.135885 1117
0 0.142664 0.317633 0.00926191 0.0515985 1122
0 0.146965 0.321668 0.00720587 0.0415071 1015
0 0.647423 0.514951 0.0374924 0.161469 1128
0 0.831325 0.51414 0.0248119 0.134345 1129
0 0.312517 0.499545 0.0160304 0.125704 1130
