2 0.295623 0.43095 0.117581 0.0862595 787
2 0.133594 0.588196 0.152968 0.188873 902
0 0.507424 0.581213 0.0331642 0.169198 949
2 0.0390134 0.400071 0.0542133 0.0792392 953
0 0.142786 0.317749 0.00948701 0.0530409 884
0 0.142761 0.387004 0.0144363 0.0685643 999
0 0.485648 0.705824 0.0384972 0.22348 1025
0 0.405714 0.534829 0.0344123 0.158743 957
0 0.300874 0.491565 0.0196461 0.108492 1053
0 0.317514 0.492157 0.0175466 0.107075 928
2 0.12548 0.310822 0.0433351 0.0574803 1074
0 0.374363 0.505194 0.018969 0.134132 1081
2 0.092189 0.226849 0.0437562 0.036267 1084
2 0.0036 0.364577 0.0049658 0.0342033 1085
0 0.135336 0.329238 0.00880899 0.0485165 1015
