2 0.291175 0.430267 0.120284 0.0880902 787
2 0.133593 0.588565 0.153134 0.189582 902
0 0.550561 0.564801 0.0318935 0.159485 940
0 0.481995 0.605322 0.0362992 0.197721 949
2 0.0442144 0.397291 0.0500525 0.0777749 953
0 0.142701 0.318546 0.00932819 0.0529082 884
0 0.149035 0.394199 0.014191 0.0730404 999
0 0.463363 0.741431 0.0404475 0.231814 1025
0 0.132964 0.33847 0.0115085 0.0598769 1015
0 0.369737 0.523307 0.0334714 0.149412 957
0 0.401697 0.508962 0.0281418 0.143488 934
0 0.296953 0.490362 0.018232 0.0994875 1053
0 0.312118 0.48822 0.0180535 0.10205 928
0 0.443908 0.507426 0.0319668 0.17304 1060
0 0.663857 0.527668 0.0314726 0.145664 1069
0 0.649391 0.50902 0.0232632 0.132498 1071
2 0.140726 0.299881 0.027711 0.0540264 1074
0 0.0134763 0.907733 0.0204396 0.156593 1048
