2 0.133592 0.588193 0.152827 0.1875 902
0 0.143186 0.330234 0.010266 0.0524084 999
2 0.0185325 0.429958 0.037065 0.112397 1074
0 0.297713 0.506388 0.0278639 0.143892 1130
0 0.409574 0.515651 0.0251127 0.138486 928
0 0.247865 0.426173 0.0189746 0.095092 1060
2 0.0692771 0.31874 0.0440816 0.0432343 1182
0 0.390223 0.523166 0.0286798 0.14758 1104
2 0.954665 0.858318 0.09067 0.171374 1139
0 0.345044 0.506703 0.0234096 0.11986 1155
0 0.129392 0.329136 0.00948443 0.0588298 1192
0 0.955495 0.476046 0.0254993 0.105866 1163
0 0.892173 0.490533 0.019998 0.109487 1174
