2 0.453404 0.618819 0.28307 0.248141 362
2 0.0655129 0.477148 0.0661503 0.140833 407
0 0.285894 0.475159 0.0280602 0.110552 421
2 0.0278246 0.411007 0.0518617 0.0859539 425
2 0.0902777 0.333349 0.0463438 0.0556791 448
0 0.311351 0.487894 0.0241611 0.0783157 497
0 0.38455 0.466136 0.0260445 0.0595159 515
0 0.138968 0.330858 0.010758 0.0575642 533
0 0.640977 0.528443 0.0265289 0.141882 524
2 0.141613 0.301388 0.0230397 0.0420712 546
2 0.366602 0.878055 0.211685 0.229941 549
0 0.334402 0.471909 0.0181573 0.0620814 492
