2 0.133592 0.588193 0.152841 0.187501 902
0 0.142815 0.33101 0.0106743 0.0530856 999
2 0.018792 0.42659 0.0375839 0.109661 1074
0 0.297699 0.504873 0.0278935 0.141974 1130
0 0.408555 0.514308 0.0244854 0.138443 928
0 0.251025 0.431368 0.0195376 0.097094 1060
0 0.958859 0.487469 0.024297 0.083678 1179
2 0.0607247 0.322448 0.0435514 0.0445912 1182
0 0.385567 0.521391 0.0284868 0.146978 1104
2 0.954673 0.858328 0.090654 0.171138 1139
0 0.343259 0.508964 0.0230449 0.114837 1155
0 0.129862 0.329213 0.00916016 0.0584532 1192
0 0.94679 0.478094 0.0224958 0.100698 1163
0 0.885542 0.504841 0.0243526 0.133306 1174
