0 0.142557 0.411001 0.014197 0.0918784 29
2 0.138222 0.285479 0.0310605 0.0296368 111
0 0.483082 0.543833 0.0359991 0.190349 113
2 0.12594 0.850008 0.25188 0.291392 120
5 0.0373315 0.320091 0.0548519 0.0946763 128
2 0.336726 0.443756 0.0328974 0.0666628 115
2 0.834645 0.861962 0.249068 0.265884 132
0 0.4108 0.52283 0.0258038 0.137104 82
0 0.397026 0.53792 0.0247276 0.127533 4
0 0.511599 0.561998 0.0403159 0.162696 140
2 0.939142 0.638272 0.121716 0.181657 142
2 0.128391 0.318164 0.0285624 0.0502144 143
