0 0.345576 0.632065 0.0439803 0.200409 515
0 0.421626 0.610223 0.0347134 0.186677 702
2 0.2778 0.428626 0.0961769 0.0865532 787
0 0.451767 0.636161 0.0394919 0.191318 863
0 0.282998 0.501344 0.0267169 0.118033 870
0 0.121826 0.358786 0.00784752 0.0491048 894
0 0.143237 0.319188 0.00906792 0.0491116 884
0 0.15105 0.405429 0.0169642 0.084884 900
2 0.0311812 0.410747 0.0520102 0.0850236 902
0 0.166614 0.431431 0.0134492 0.0834946 907
0 0.213813 0.888794 0.0754248 0.218895 909
0 0.634114 0.510593 0.0297423 0.150204 921
0 0.182583 0.886323 0.0460558 0.222578 927
