0 0.28497 0.477225 0.0232197 0.11516 421
0 0.399934 0.522797 0.0412368 0.174491 515
0 0.432479 0.512289 0.0284055 0.153724 554
0 0.456318 0.530115 0.0285966 0.157447 566
2 0.336931 0.442702 0.0325469 0.0670892 624
0 0.129222 0.327859 0.0104145 0.0567894 635
2 0.0572066 0.76402 0.114413 0.259174 657
0 0.330957 0.523268 0.023254 0.127474 492
2 0.0871532 0.332665 0.0481198 0.0697888 662
0 0.300732 0.524999 0.0231007 0.137724 497
2 0.860511 0.659447 0.195434 0.228458 669
2 0.133921 0.295048 0.0356071 0.0380718 647
