0 0.142593 0.411133 0.0144913 0.0922084 29
2 0.126331 0.296938 0.0445527 0.0435703 111
0 0.480538 0.543781 0.037923 0.19177 113
2 0.15323 0.856795 0.30646 0.275316 120
5 0.0303594 0.326977 0.0462511 0.0997681 128
2 0.336731 0.443777 0.0329717 0.0666311 115
2 0.847764 0.866145 0.243164 0.258853 132
0 0.405002 0.525983 0.0263611 0.128288 82
0 0.392014 0.535682 0.0256207 0.125597 4
0 0.511005 0.562427 0.0480473 0.164254 140
2 0.876628 0.643527 0.147738 0.201452 142
2 0.137149 0.310615 0.0209033 0.0454523 143
