0 0.392438 0.561537 0.0334462 0.16519 515
0 0.45248 0.55113 0.0266884 0.149548 702
0 0.428576 0.522942 0.0239349 0.149484 701
2 0.275528 0.428293 0.0954886 0.087993 787
0 0.50676 0.573458 0.0358977 0.1754 863
0 0.343709 0.511334 0.0312004 0.131037 870
0 0.290473 0.482642 0.0213923 0.102407 886
0 0.121288 0.350478 0.00884696 0.0537883 894
0 0.142965 0.316758 0.0100126 0.0542815 884
0 0.153834 0.419772 0.017861 0.0889386 900
2 0.0672929 0.354648 0.0515392 0.0613085 902
0 0.244806 0.433563 0.0207432 0.0881964 898
0 0.16802 0.420592 0.0109134 0.0807026 907
2 0.299226 0.418056 0.037578 0.0277778 905
0 0.0187058 0.958596 0.0262234 0.0825459 909
