2 0.396324 0.651328 0.268097 0.247022 327
2 0.0365078 0.491124 0.0713874 0.173286 362
2 0.0480005 0.387689 0.0423608 0.0828264 407
0 0.28682 0.474054 0.0230971 0.108719 421
2 0.0688114 0.355127 0.0393089 0.0603 425
2 0.84922 0.881552 0.248181 0.225848 308
2 0.337109 0.440276 0.0337317 0.0708496 451
2 0.117921 0.318899 0.0502146 0.0511387 448
0 0.111265 0.350327 0.00985388 0.0605739 434
0 0.641767 0.53662 0.0318162 0.15716 487
0 0.312468 0.464309 0.0190162 0.0984127 492
0 0.303883 0.469919 0.0153152 0.0921922 497
