0 0.28613 0.696422 0.0549539 0.224685 515
2 0.276194 0.428955 0.0933514 0.0883913 787
0 0.364902 0.626784 0.0236002 0.0875821 863
0 0.244353 0.485908 0.0206872 0.105557 870
0 0.123146 0.361761 0.00894124 0.0613927 894
0 0.143595 0.316471 0.0102995 0.0545913 884
0 0.150558 0.378883 0.0152627 0.0771044 900
2 0.0409181 0.482029 0.0631867 0.125317 902
0 0.382572 0.771244 0.0579079 0.234092 909
0 0.352482 0.757128 0.0449519 0.224584 927
0 0.288646 0.483349 0.0193039 0.101836 928
0 0.450583 0.868216 0.0765621 0.255788 934
0 0.30836 0.908044 0.0882286 0.180195 940
0 0.0794884 0.949008 0.0432896 0.10065 949
2 0.124409 0.316659 0.0338408 0.0463691 953
0 0.510554 0.569616 0.0622338 0.17333 950
0 0.259462 0.452554 0.0222507 0.10412 957
0 0.904812 0.480153 0.0230451 0.0999511 941
