0 0.119269 0.879155 0.0677701 0.236774 515
7 0.276651 0.424921 0.0901784 0.0818151 787
2 0.104286 0.565256 0.12229 0.172349 902
0 0.516434 0.620169 0.0369836 0.161171 909
0 0.489706 0.626569 0.0328942 0.177526 927
0 0.300248 0.482424 0.0195293 0.0986983 928
0 0.456633 0.708381 0.0531453 0.284988 940
0 0.362914 0.79229 0.0623606 0.296543 949
2 0.0595868 0.37222 0.0480641 0.066682 953
0 0.323143 0.67086 0.0577241 0.217096 950
0 0.211032 0.880591 0.0569619 0.235647 702
0 0.249817 0.775765 0.0557622 0.252879 971
0 0.142961 0.312683 0.00911716 0.0438041 884
0 0.164542 0.446306 0.0166384 0.0908743 999
0 0.14164 0.378519 0.014109 0.0681342 894
0 0.134587 0.352727 0.0172958 0.0646198 1015
