2 0.133604 0.588226 0.152888 0.187501 902
0 0.141871 0.333033 0.0103028 0.0524369 999
2 0.0194755 0.421283 0.038951 0.105303 1074
0 0.299908 0.511676 0.0277053 0.142987 1130
0 0.937547 0.476949 0.0227983 0.105858 1163
0 0.399692 0.510719 0.0250507 0.135644 928
0 0.257017 0.431631 0.0187967 0.099213 1060
0 0.950491 0.487787 0.0250088 0.084562 1179
2 0.0436112 0.330267 0.0393934 0.0452144 1182
0 0.380487 0.517516 0.0276181 0.14075 1104
2 0.954687 0.858311 0.0896648 0.170589 1139
0 0.340994 0.507816 0.0230738 0.115405 1155
0 0.130447 0.328757 0.00871234 0.0583652 1192
0 0.872217 0.50438 0.0254287 0.138662 1174
