0 0.397658 0.523597 0.0339472 0.17223 515
0 0.456234 0.528348 0.0237723 0.154413 702
0 0.429041 0.513184 0.0244047 0.152804 701
7 0.275787 0.427791 0.0970103 0.0888253 787
0 0.166744 0.367931 0.0142888 0.0697505 845
0 0.519906 0.519443 0.0312432 0.163871 863
0 0.371134 0.626601 0.0393298 0.179183 870
0 0.310718 0.481227 0.0220976 0.102965 886
0 0.869937 0.499982 0.0286119 0.141888 885
0 0.154847 0.38919 0.0145863 0.0859324 877
0 0.138098 0.336489 0.00926601 0.050781 894
0 0.143259 0.31544 0.0124007 0.0530329 884
