0 0.485156 0.545833 0.0373911 0.186128 113
0 0.512871 0.560407 0.0319918 0.161604 226
2 0.33672 0.441664 0.0334049 0.0687742 234
0 0.370277 0.68895 0.0508231 0.215921 250
0 0.099957 0.430885 0.0221516 0.0904519 257
0 0.417264 0.69153 0.0471692 0.163533 260
0 0.0467512 0.386612 0.0139085 0.0709208 261
0 0.159334 0.380802 0.0148174 0.077366 266
0 0.437644 0.869615 0.106511 0.255302 268
0 0.00782213 0.972881 0.0148856 0.0542375 269
0 0.0738258 0.422802 0.0215671 0.092543 29
0 0.179375 0.3768 0.0186301 0.0744694 278
