0 0.485156 0.546543 0.0374327 0.186124 113
0 0.514065 0.560526 0.030729 0.162356 226
2 0.336913 0.442369 0.0332324 0.0674056 234
0 0.392776 0.627766 0.0416287 0.176643 250
0 0.129128 0.421717 0.0190119 0.0911863 257
0 0.426602 0.608163 0.0215875 0.0844859 260
0 0.14604 0.37323 0.0141672 0.0767951 266
0 0.427969 0.786983 0.0730776 0.292158 268
0 0.0328481 0.430565 0.0210281 0.0957206 29
0 0.159831 0.372563 0.0161055 0.0783538 278
0 0.0619196 0.39034 0.0137962 0.0733233 261
0 0.169515 0.369097 0.012477 0.0715443 285
