2 0.133589 0.588194 0.152898 0.187503 902
0 0.139372 0.333846 0.0100049 0.0525891 999
2 0.0203018 0.414862 0.0406036 0.103839 1074
0 0.305289 0.513658 0.0284296 0.148923 1130
0 0.925203 0.477374 0.0228742 0.108771 1163
0 0.396553 0.50937 0.0255608 0.131351 928
0 0.261247 0.432631 0.0174624 0.0922025 1060
0 0.941155 0.487567 0.0258382 0.0868885 1179
2 0.0280707 0.338243 0.0341521 0.0484613 1182
0 0.376975 0.518491 0.0266756 0.138744 1104
2 0.954687 0.858192 0.0871092 0.168197 1139
0 0.337587 0.503986 0.0221796 0.111463 1155
0 0.131478 0.326702 0.00765533 0.056184 1192
0 0.862516 0.526059 0.0187042 0.098326 1174
