2 0.29039 0.429862 0.117758 0.0889113 787
2 0.133592 0.588219 0.153818 0.190336 902
0 0.537462 0.586603 0.0356175 0.169926 940
0 0.473139 0.618946 0.0364607 0.204795 949
2 0.0457637 0.395431 0.048396 0.0763886 953
0 0.0371641 0.878411 0.0743283 0.223953 950
0 0.14263 0.317915 0.00949634 0.0527793 884
0 0.14826 0.400084 0.0146477 0.0749791 999
0 0.451942 0.770291 0.0439807 0.251961 1025
0 0.132304 0.341208 0.0120022 0.0610773 1015
0 0.359535 0.519685 0.0345332 0.144319 957
0 0.412789 0.516294 0.0294429 0.14636 934
0 0.295488 0.488262 0.0187962 0.102695 1053
0 0.311123 0.487852 0.0180573 0.0988918 928
0 0.456173 0.507803 0.0336191 0.168258 1060
0 0.647653 0.533039 0.029705 0.151958 1069
