0 0.0267752 0.919252 0.0535503 0.161324 515
2 0.275019 0.424901 0.0949733 0.0826809 787
2 0.128181 0.583376 0.145954 0.184586 902
0 0.546458 0.58072 0.024928 0.152507 909
0 0.525042 0.579332 0.0307158 0.159048 927
0 0.475228 0.65503 0.047371 0.244715 940
0 0.404394 0.706597 0.0461858 0.263822 949
2 0.051825 0.385357 0.0472626 0.0737625 953
0 0.244599 0.745931 0.057026 0.246816 950
0 0.105044 0.943605 0.0574346 0.111635 702
0 0.205825 0.877465 0.0569241 0.244185 971
0 0.141903 0.316315 0.010189 0.0534257 884
0 0.142488 0.426127 0.0159429 0.0787091 999
0 0.154934 0.396778 0.0134851 0.0570954 894
0 0.327615 0.913516 0.067405 0.172608 1025
0 0.128786 0.35134 0.0126272 0.0649187 1015
0 0.291396 0.499005 0.0288574 0.127207 957
0 0.113027 0.89776 0.0538548 0.151338 1031
0 0.626915 0.50147 0.0307687 0.165561 1036
0 0.442207 0.61144 0.0320382 0.178287 934
