2 0.133653 0.588172 0.152837 0.1875 902
0 0.12682 0.346924 0.0108079 0.05635 999
2 0.034475 0.377994 0.0537021 0.0866275 1074
0 0.268494 0.483255 0.0209653 0.10506 1081
0 0.293084 0.472406 0.0216468 0.112046 1060
0 0.404117 0.53338 0.0363708 0.152304 1104
0 0.357307 0.509421 0.0198267 0.127102 928
0 0.140833 0.319181 0.0107607 0.0560284 1122
0 0.342052 0.510197 0.0258175 0.13229 1130
0 0.950362 0.488718 0.0239236 0.0824668 1129
0 0.321131 0.492485 0.0202011 0.104947 1155
0 0.816518 0.495628 0.0307717 0.150126 1163
0 0.9375 0.485971 0.0209941 0.088174 1117
0 0.762251 0.518371 0.0189583 0.149432 1166
0 0.861262 0.519248 0.0341983 0.152302 1153
