0 0.377713 0.589019 0.0358316 0.181359 515
0 0.440645 0.575641 0.0313624 0.157399 702
0 0.426324 0.539124 0.0236385 0.156796 701
7 0.266898 0.426689 0.105226 0.0922621 787
0 0.489561 0.604797 0.0350443 0.174289 863
0 0.325995 0.508197 0.0306299 0.125244 870
0 0.290593 0.482098 0.0204238 0.10245 886
0 0.121271 0.352644 0.00829165 0.0558865 894
0 0.142966 0.316695 0.009887 0.0545302 884
0 0.151276 0.415303 0.0174716 0.0861979 900
2 0.0495685 0.373198 0.052422 0.0697038 902
0 0.168686 0.423758 0.012595 0.0829965 907
0 0.0921918 0.939673 0.0473516 0.119809 909
