0 0.257201 0.729311 0.0622452 0.239647 515
2 0.276814 0.428591 0.0925699 0.0872557 787
0 0.123966 0.366452 0.0103747 0.0600385 894
0 0.143748 0.316333 0.0101337 0.054191 884
0 0.148593 0.371937 0.0145445 0.075094 900
2 0.0521163 0.505021 0.0728509 0.134422 902
0 0.425393 0.729415 0.0437511 0.223873 909
0 0.395668 0.718642 0.0398527 0.21925 927
0 0.291034 0.48282 0.0192375 0.103515 928
0 0.463333 0.807633 0.0561932 0.253265 934
0 0.36116 0.870413 0.0889262 0.253559 940
0 0.169436 0.917892 0.0769778 0.161394 949
2 0.102977 0.331461 0.0459012 0.0521522 953
0 0.45997 0.593338 0.0524635 0.179505 950
0 0.263849 0.463355 0.0164297 0.100089 957
0 0.859177 0.505089 0.037535 0.149644 966
0 0.328728 0.720363 0.048808 0.240271 702
0 0.344521 0.65882 0.0712678 0.207713 971
0 0.2855 0.400694 0.00977704 0.0361111 972
