0 0.28851 0.695958 0.0574291 0.225004 515
2 0.276459 0.429183 0.0923365 0.0874685 787
0 0.370115 0.644037 0.0324668 0.13546 863
0 0.244797 0.485831 0.0212933 0.106405 870
0 0.122589 0.361705 0.00857993 0.0615124 894
0 0.142788 0.316433 0.0100635 0.0549775 884
0 0.15112 0.382883 0.0158878 0.0801596 900
2 0.0396482 0.478863 0.0619911 0.123649 902
0 0.376364 0.780125 0.0604066 0.239556 909
0 0.345056 0.767021 0.0474325 0.230591 927
0 0.28862 0.483285 0.0195159 0.10142 928
0 0.447222 0.873335 0.0791029 0.247792 934
0 0.299093 0.910431 0.0897786 0.175973 940
0 0.0696307 0.951372 0.0414481 0.0962058 949
2 0.125423 0.315528 0.0316789 0.0451861 953
0 0.518707 0.567264 0.0683483 0.1754 950
0 0.259027 0.452535 0.0221062 0.102228 957
0 0.909337 0.479242 0.0227364 0.0999449 941
