0 0.328549 0.644934 0.0450971 0.214181 515
0 0.406331 0.622226 0.0366827 0.207309 702
2 0.277505 0.428959 0.0932427 0.0875489 787
0 0.430598 0.653111 0.041267 0.205527 863
0 0.266628 0.497723 0.0252809 0.112124 870
0 0.121305 0.358177 0.00835175 0.0569409 894
0 0.143165 0.317963 0.00939309 0.051567 884
0 0.152827 0.397773 0.0163086 0.0806619 900
2 0.029013 0.430737 0.0509592 0.0930605 902
0 0.169113 0.44142 0.0121852 0.0787287 907
0 0.270754 0.863315 0.077327 0.257786 909
0 0.242502 0.858313 0.0541152 0.249205 927
0 0.289842 0.482163 0.0188623 0.10147 928
0 0.357184 0.948399 0.0572304 0.100692 934
2 0.129618 0.206876 0.0309393 0.0483687 939
0 0.136853 0.973747 0.03442 0.0525057 940
0 0.959703 0.479973 0.0207933 0.0952334 941
