0 0.130786 0.87534 0.042643 0.247743 113
0 0.168819 0.9156 0.0568272 0.166574 226
2 0.337109 0.440998 0.0335821 0.0694444 234
0 0.140144 0.328474 0.010606 0.0593533 278
2 0.932795 0.895899 0.133677 0.18598 308
2 0.0352294 0.376035 0.0497457 0.0801603 327
0 0.124144 0.347036 0.00949369 0.0503952 333
0 0.349143 0.63646 0.039099 0.192986 296
2 0.133097 0.303974 0.0332087 0.059471 362
0 0.953357 0.476742 0.0201625 0.10104 369
0 0.250813 0.414125 0.0193727 0.0872413 370
0 0.824889 0.497832 0.0325363 0.143345 361
0 0.88079 0.545701 0.0243956 0.112635 368
0 0.872501 0.526165 0.0261817 0.136811 353
