0 0.158485 0.859961 0.0714826 0.274497 515
2 0.277647 0.428472 0.0932219 0.0875043 787
0 0.136563 0.374693 0.0125728 0.0618802 894
2 0.0923594 0.555221 0.111787 0.165605 902
0 0.505832 0.628748 0.0382142 0.152004 909
0 0.47992 0.647373 0.0397773 0.18933 927
0 0.293352 0.482814 0.0198328 0.101404 928
0 0.464764 0.693772 0.0393292 0.222665 934
0 0.441105 0.749334 0.0564235 0.289645 940
0 0.344448 0.829696 0.0786142 0.303944 949
2 0.0648931 0.364072 0.0488972 0.0646122 953
0 0.347115 0.650932 0.0488174 0.199623 950
0 0.238312 0.856522 0.0592309 0.279015 702
0 0.269591 0.731956 0.0538265 0.22905 971
0 0.3304 0.425643 0.0103924 0.0621976 996
0 0.14349 0.311652 0.00880895 0.0378394 884
0 0.172392 0.449466 0.013429 0.087468 999
0 0.279475 0.476256 0.0169766 0.0955202 957
0 0.297429 0.396115 0.00900313 0.0444419 995
