0 0.485156 0.546538 0.0374427 0.186095 113
0 0.513806 0.560409 0.0308868 0.162514 226
2 0.336872 0.442366 0.0335485 0.0679696 234
0 0.394552 0.618979 0.040363 0.173105 250
0 0.131189 0.421889 0.0198055 0.0897432 257
0 0.425824 0.599829 0.0227645 0.0797683 260
0 0.144776 0.371969 0.0136576 0.0761515 266
0 0.424325 0.759445 0.0670691 0.270287 268
0 0.0296443 0.432176 0.0214344 0.0930807 29
0 0.158373 0.371782 0.0161414 0.0799092 278
0 0.063371 0.39013 0.0140167 0.0735826 261
0 0.168205 0.369201 0.0124633 0.0702114 285
