2 0.687214 0.638963 0.25534 0.232738 407
0 0.285163 0.477162 0.0233015 0.112705 421
2 0.135866 0.580014 0.135948 0.178439 425
2 0.0448145 0.382597 0.0469494 0.0721667 448
0 0.387326 0.516882 0.0408201 0.169559 515
2 0.0998259 0.329874 0.0478771 0.0494488 546
0 0.32522 0.503395 0.0196552 0.123407 492
0 0.431557 0.514058 0.0325173 0.157287 554
2 0.33629 0.443087 0.0332985 0.0666379 548
2 0.0415363 0.680597 0.0830726 0.217231 574
0 0.310372 0.515663 0.0229463 0.120857 497
2 0.016208 0.358688 0.0208112 0.0546143 587
0 0.475727 0.523917 0.0413478 0.15284 566
