2 0.144981 0.551295 0.120377 0.187096 407
0 0.284754 0.477227 0.0212582 0.112577 421
2 0.0259994 0.454522 0.0519989 0.105138 425
2 0.0742874 0.345273 0.0490709 0.0604348 448
0 0.296788 0.502496 0.0199784 0.102947 497
0 0.38452 0.514092 0.0370133 0.17136 515
2 0.134591 0.306394 0.034059 0.0452595 546
2 0.0622148 0.827388 0.12443 0.24525 549
0 0.323289 0.494575 0.02096 0.10985 492
0 0.429924 0.512053 0.0265294 0.150228 554
2 0.844896 0.847931 0.197698 0.297399 564
2 0.894685 0.607962 0.209813 0.217686 362
2 0.336332 0.443948 0.0337009 0.0639994 548
0 0.558423 0.541317 0.0356686 0.137643 566
0 0.548437 0.540833 0.0204609 0.137222 568
