2 0.327605 0.437584 0.0490474 0.0612085 787
2 0.133716 0.588893 0.152862 0.187502 902
0 0.125419 0.352027 0.0111803 0.0574649 999
0 0.562484 0.565358 0.0281265 0.123495 1025
2 0.0484974 0.362885 0.0539079 0.0807544 1074
0 0.26314 0.482334 0.0185529 0.108126 1081
0 0.28864 0.474558 0.0228517 0.125117 1060
0 0.417108 0.568325 0.0392654 0.156049 1104
0 0.350999 0.507952 0.0189604 0.118187 928
0 0.140302 0.318938 0.00937648 0.051609 1122
0 0.332224 0.510015 0.0225159 0.128295 1130
0 0.924642 0.494496 0.0186459 0.0720388 1129
0 0.81859 0.5206 0.0324057 0.156473 1153
0 0.310231 0.483816 0.0135207 0.102613 1155
0 0.910655 0.485869 0.0202188 0.0902826 1117
0 0.489161 0.498975 0.0221953 0.042328 1160
2 0.954686 0.855706 0.0879775 0.16492 1139
