2 0.606934 0.65137 0.26949 0.231005 327
2 0.0456175 0.505815 0.0832751 0.184067 362
2 0.0449434 0.393744 0.0382882 0.076464 407
0 0.286318 0.477121 0.0226938 0.113432 421
2 0.0646152 0.357502 0.0417639 0.0604005 425
2 0.772017 0.913624 0.161428 0.16807 308
2 0.33694 0.441723 0.0325835 0.0679599 451
2 0.114179 0.321106 0.051307 0.0514041 448
0 0.327138 0.479518 0.0152113 0.0920412 492
0 0.317913 0.482652 0.0186984 0.0924136 497
0 0.682769 0.522229 0.0107124 0.142614 512
2 0.402021 0.917355 0.128252 0.155708 514
