2 0.908146 0.629955 0.183708 0.214931 407
0 0.285231 0.474457 0.0218417 0.107247 421
2 0.326157 0.646519 0.229362 0.218363 425
2 0.0364809 0.40188 0.0464998 0.0832667 448
0 0.387785 0.515281 0.0345222 0.165382 515
2 0.0797373 0.341113 0.0496848 0.0589424 546
0 0.334286 0.494024 0.0204446 0.105878 492
0 0.43041 0.513251 0.0304486 0.15584 554
2 0.336589 0.444253 0.0328746 0.0638552 548
0 0.314707 0.497794 0.017111 0.0849514 497
2 0.0516597 0.331496 0.0383313 0.0461859 587
0 0.463174 0.524887 0.0299445 0.149335 566
2 0.896927 0.85318 0.121125 0.279676 596
