0 0.284959 0.4778 0.0222531 0.113922 421
2 0.775298 0.632829 0.293947 0.206819 448
0 0.394964 0.521906 0.034471 0.175831 515
2 0.147266 0.564482 0.13631 0.182223 546
0 0.338839 0.512948 0.0262788 0.127902 492
0 0.427972 0.514119 0.0336597 0.156855 554
0 0.319612 0.522681 0.0244155 0.126795 497
0 0.45281 0.52847 0.0297316 0.153873 566
2 0.047945 0.417137 0.0500245 0.0937121 618
2 0.124101 0.294821 0.0404549 0.0437318 623
2 0.336857 0.443982 0.0334187 0.0647765 624
2 0.398126 0.882814 0.144561 0.226093 634
2 0.834278 0.648705 0.12185 0.173099 629
