0 0.14215 0.410402 0.0149019 0.0930854 29
2 0.0558122 0.472263 0.0640224 0.126754 57
0 0.33586 0.520103 0.0204603 0.116883 4
0 0.348644 0.512051 0.0203614 0.117802 82
0 0.307312 0.441045 0.0224409 0.0873013 91
2 0.831933 0.888292 0.246203 0.218092 96
2 0.0146797 0.35262 0.0180699 0.0547587 111
0 0.51783 0.543034 0.0336105 0.124127 113
0 0.541388 0.565002 0.031055 0.128886 114
2 0.53125 0.900694 0.217944 0.190833 118
2 0.688438 0.888056 0.519242 0.218333 119
2 0.335356 0.438194 0.0348519 0.0568545 115
