2 0.119611 0.587542 0.162131 0.213966 327
2 0.0317019 0.482072 0.0631746 0.166926 362
2 0.0526914 0.377101 0.0420114 0.0784339 407
0 0.279415 0.48204 0.0212328 0.120592 421
2 0.0756432 0.349937 0.0380724 0.0571241 425
2 0.932724 0.898642 0.134552 0.188924 308
2 0.337111 0.440273 0.0338175 0.0701611 451
0 0.258193 0.437722 0.0127761 0.0723808 464
2 0.126769 0.315132 0.0449035 0.0496634 448
0 0.244008 0.442694 0.0146036 0.0767988 471
0 0.113039 0.365801 0.0111749 0.0738489 434
0 0.812154 0.524649 0.0198188 0.125618 477
