0 0.284847 0.476363 0.0234985 0.110621 421
2 0.716484 0.66978 0.289883 0.207952 425
2 0.0343285 0.432852 0.0493085 0.100929 448
0 0.388372 0.519594 0.0380006 0.176747 515
2 0.0600959 0.361869 0.0474798 0.0655277 546
0 0.338034 0.511224 0.02376 0.126395 492
0 0.427821 0.514453 0.0322512 0.154115 554
2 0.336717 0.44433 0.0333617 0.0622316 548
0 0.315419 0.516188 0.0236749 0.120459 497
2 0.120285 0.302284 0.0446589 0.0409465 587
0 0.459385 0.528564 0.0310767 0.151037 566
2 0.339474 0.864467 0.194133 0.259378 607
2 0.625682 0.669134 0.166787 0.205246 608
