0 0.228869 0.733784 0.0502179 0.190871 515
2 0.277012 0.428457 0.0921347 0.0868675 787
0 0.125756 0.365974 0.011591 0.0640254 894
0 0.144364 0.36765 0.0138649 0.0724688 900
2 0.0633522 0.521595 0.0848984 0.146105 902
0 0.457657 0.658511 0.0279227 0.132301 909
0 0.425946 0.69461 0.0388076 0.217706 927
0 0.293436 0.482637 0.0195872 0.102501 928
0 0.468127 0.768942 0.0510178 0.245722 934
0 0.400038 0.843851 0.0814436 0.299399 940
0 0.233841 0.892606 0.0834324 0.211996 949
2 0.0880821 0.343041 0.0485126 0.0556959 953
0 0.430023 0.569343 0.0317824 0.108377 950
0 0.306273 0.757621 0.0527882 0.250671 702
0 0.316267 0.64976 0.0485548 0.158338 971
0 0.830008 0.504842 0.0354821 0.150257 966
0 0.286113 0.714224 0.0279359 0.206508 974
0 0.269168 0.470005 0.0169845 0.0972393 957
