0 0.485156 0.546529 0.0374819 0.186109 113
0 0.514065 0.560415 0.0303506 0.161085 226
2 0.336718 0.441652 0.0340324 0.0694729 234
0 0.407053 0.571685 0.0310058 0.11346 250
0 0.149482 0.418757 0.0197624 0.0936626 257
0 0.437827 0.599813 0.0311158 0.111335 260
0 0.13512 0.366284 0.0143408 0.0737631 266
0 0.415816 0.709395 0.0607746 0.260174 268
0 0.00840852 0.440476 0.016817 0.0877737 29
0 0.152606 0.366326 0.0143366 0.0777294 278
0 0.0720331 0.391961 0.0145105 0.0768878 261
0 0.160483 0.361959 0.0116473 0.0641182 285
