0 0.141663 0.870166 0.0439672 0.257063 113
0 0.180322 0.912825 0.0570804 0.171909 226
2 0.337109 0.441313 0.0335795 0.0694444 234
0 0.140595 0.33069 0.0098849 0.0559122 278
2 0.93279 0.896317 0.132972 0.185187 308
2 0.0375891 0.372491 0.0502649 0.0801093 327
0 0.124228 0.345189 0.00995836 0.0537942 333
0 0.347283 0.639674 0.0390286 0.19046 296
2 0.136242 0.301717 0.0299541 0.0568708 362
0 0.955192 0.478759 0.019536 0.0982174 369
0 0.249303 0.413652 0.0190754 0.0878792 370
0 0.820292 0.496648 0.0315376 0.145935 361
0 0.87449 0.546079 0.0246819 0.112152 368
0 0.869791 0.526221 0.0274446 0.138986 353
