0 0.171801 0.839455 0.0733129 0.302214 515
2 0.277058 0.428504 0.0923974 0.0874401 787
0 0.133456 0.373755 0.0119649 0.0621018 894
0 0.140881 0.36138 0.0119612 0.068755 900
2 0.0844923 0.548093 0.104936 0.160897 902
0 0.499846 0.642985 0.0442233 0.168625 909
0 0.467392 0.612351 0.0270792 0.106865 927
0 0.293104 0.482366 0.0200887 0.104576 928
0 0.463008 0.721174 0.0457751 0.238137 934
0 0.429371 0.75631 0.0558645 0.280024 940
0 0.322952 0.845858 0.0771413 0.297072 949
2 0.0694552 0.358952 0.0500617 0.0631833 953
0 0.376805 0.646112 0.0547655 0.203458 950
0 0.252904 0.818274 0.0557652 0.261934 702
0 0.284061 0.713039 0.0458228 0.186429 971
0 0.77612 0.50243 0.0384698 0.163299 966
