2 0.30475 0.429988 0.0999332 0.0822205 787
2 0.133734 0.588191 0.152533 0.187467 902
0 0.56294 0.54842 0.040818 0.164968 949
2 0.0294781 0.412528 0.0589562 0.0810069 953
0 0.124621 0.376597 0.0132257 0.0688199 999
0 0.501619 0.639823 0.0337551 0.158669 1025
0 0.473177 0.540386 0.0374193 0.154855 957
0 0.299306 0.496444 0.0180488 0.111302 1053
2 0.101438 0.323652 0.0505549 0.0619673 1074
0 0.309945 0.503617 0.0242708 0.129568 1081
2 0.0241428 0.342286 0.0347116 0.0543747 1085
0 0.350551 0.504688 0.0352752 0.157451 1060
0 0.141565 0.330938 0.0106954 0.0568688 1015
0 0.649346 0.528248 0.0255621 0.167061 1099
0 0.141501 0.912388 0.0843314 0.172185 1104
2 0.0707489 0.234304 0.047571 0.0465418 1084
0 0.326689 0.494516 0.0179841 0.110558 928
0 0.76566 0.517645 0.0166217 0.152216 1103
