2 0.281947 0.428985 0.105521 0.0879477 787
2 0.133726 0.587529 0.153327 0.18895 902
0 0.503555 0.596719 0.0415749 0.20056 940
0 0.446028 0.648544 0.0394948 0.226266 949
2 0.0479653 0.391734 0.0477002 0.0764467 953
0 0.118683 0.829357 0.083504 0.255956 950
0 0.114547 0.946466 0.0496917 0.107068 971
0 0.141685 0.316738 0.0107467 0.05369 884
0 0.143059 0.415076 0.0157623 0.0796301 999
0 0.164844 0.411904 0.0155686 0.0730991 894
0 0.412949 0.830644 0.0517155 0.253062 1025
0 0.128349 0.34451 0.0129212 0.0625639 1015
0 0.332288 0.509175 0.0335996 0.145472 957
0 0.428009 0.544404 0.0384226 0.143422 934
0 0.286287 0.485479 0.0209561 0.101362 1053
0 0.523339 0.508886 0.0461074 0.145111 927
0 0.306762 0.486162 0.0181546 0.094585 928
