0 0.387831 0.581539 0.0376372 0.183119 515
0 0.448904 0.563673 0.0282839 0.15686 702
0 0.428779 0.529082 0.0239161 0.151045 701
7 0.268169 0.427714 0.102302 0.0904859 787
0 0.501153 0.580504 0.0342988 0.168394 863
0 0.338696 0.508703 0.0288579 0.128894 870
0 0.290543 0.482379 0.0207063 0.102291 886
0 0.121281 0.351121 0.00881449 0.0556119 894
0 0.142963 0.316708 0.009936 0.0542109 884
0 0.152024 0.418977 0.0181791 0.0892641 900
2 0.0599843 0.361356 0.052433 0.0649216 902
0 0.168421 0.421383 0.0118066 0.0815494 907
2 0.299074 0.418056 0.0377297 0.0277778 905
0 0.041407 0.952834 0.0307271 0.0942779 909
0 0.239531 0.411528 0.0126543 0.045 916
