2 0.133685 0.588237 0.152944 0.18741 902
0 0.129601 0.341482 0.0110941 0.0557439 999
2 0.0262853 0.39092 0.0525707 0.0923316 1074
0 0.281259 0.478734 0.0172647 0.101637 1081
0 0.285857 0.459946 0.0188634 0.109107 1060
0 0.378544 0.523394 0.0350069 0.149067 1104
0 0.138152 0.321205 0.0105461 0.054191 1122
0 0.345538 0.512222 0.0242736 0.12723 1130
0 0.325564 0.494927 0.0199916 0.104715 1155
0 0.893879 0.519644 0.0327378 0.146895 1153
2 0.954687 0.858311 0.0897359 0.171236 1139
0 0.642364 0.531101 0.028081 0.147434 1173
0 0.859374 0.49309 0.0309762 0.145677 1163
0 0.957254 0.485617 0.0193319 0.0851053 1117
