0 0.392998 0.523601 0.0365909 0.176401 515
0 0.45665 0.527774 0.0240856 0.154131 702
0 0.42931 0.513196 0.0249397 0.152775 701
7 0.267476 0.425433 0.104188 0.0897833 787
0 0.146007 0.35558 0.0132827 0.065128 845
0 0.520672 0.519451 0.0326505 0.163897 863
0 0.322942 0.782703 0.0606597 0.246599 870
0 0.303141 0.479854 0.0227114 0.100774 874
0 0.129401 0.380285 0.0114624 0.0733033 877
0 0.235681 0.434304 0.0270784 0.0877422 883
0 0.140345 0.308939 0.0109001 0.038049 884
0 0.959813 0.475148 0.0166629 0.106083 885
