2 0.201837 0.590572 0.209782 0.25319 362
2 0.0479175 0.439905 0.0562208 0.11454 407
0 0.285537 0.475457 0.0217754 0.111551 421
2 0.0389673 0.386464 0.0507971 0.0728079 425
2 0.101354 0.326705 0.0452622 0.0513705 448
0 0.340846 0.492225 0.0183976 0.0920522 492
0 0.322274 0.49022 0.0187843 0.0904838 497
2 0.0211364 0.735548 0.0422727 0.121991 514
0 0.419776 0.51323 0.0428255 0.161449 515
0 0.129843 0.334306 0.0115025 0.0597194 533
0 0.678096 0.526684 0.0180676 0.149314 524
0 0.512459 0.529455 0.0372902 0.158453 531
2 0.912528 0.849 0.156579 0.271497 542
