2 0.251936 0.599715 0.17848 0.218125 407
0 0.285092 0.471754 0.0192323 0.101053 421
2 0.0373774 0.48547 0.0632764 0.123207 425
2 0.064614 0.35467 0.0503909 0.0656232 448
0 0.300314 0.499993 0.0143811 0.0744254 497
0 0.382445 0.516046 0.035139 0.169475 515
2 0.128231 0.310189 0.043732 0.0487597 546
0 0.315025 0.498573 0.0212551 0.113868 492
0 0.427088 0.511954 0.0290183 0.155278 554
2 0.336328 0.44281 0.0340465 0.0657561 548
0 0.524935 0.53597 0.0441379 0.133482 566
2 0.343834 0.850438 0.174431 0.285878 574
