0 0.253839 0.728897 0.0621374 0.239932 515
2 0.276909 0.42873 0.0930864 0.0878662 787
0 0.124021 0.365295 0.0108481 0.062133 894
0 0.143757 0.316303 0.0101353 0.0541868 884
0 0.148313 0.371738 0.0144637 0.0749047 900
2 0.0529049 0.505658 0.0737571 0.135271 902
0 0.428657 0.728139 0.0437977 0.226001 909
0 0.397047 0.717718 0.0395759 0.219181 927
0 0.291062 0.482696 0.019348 0.104021 928
0 0.464682 0.801538 0.0546327 0.249809 934
0 0.364296 0.869011 0.0889792 0.258156 940
0 0.174016 0.915526 0.0784733 0.166119 949
2 0.101558 0.332105 0.0464061 0.0526803 953
0 0.459424 0.593425 0.0507168 0.178505 950
0 0.26382 0.465313 0.0163987 0.100643 957
0 0.858436 0.505363 0.0381352 0.14997 966
0 0.327432 0.726143 0.0481237 0.23715 702
0 0.344443 0.660157 0.070522 0.209632 971
0 0.286228 0.400424 0.00948369 0.0350305 972
