0 0.285151 0.47634 0.0230021 0.109928 421
2 0.522916 0.659812 0.271236 0.207626 425
2 0.0338595 0.419354 0.0458215 0.0895663 448
0 0.388254 0.511403 0.0386837 0.159318 515
2 0.0689654 0.351902 0.0490841 0.0624576 546
0 0.33514 0.507717 0.0237524 0.126894 492
0 0.429661 0.502359 0.031161 0.14115 554
2 0.336722 0.444466 0.0330704 0.0624579 548
0 0.313556 0.51605 0.0247347 0.121184 497
2 0.0906071 0.312304 0.0397671 0.0381669 587
0 0.459223 0.507802 0.025552 0.107199 566
2 0.793438 0.871188 0.17615 0.247089 596
