2 0.271735 0.424269 0.103022 0.0839958 787
2 0.131751 0.585744 0.149479 0.186247 902
0 0.560149 0.5565 0.0250968 0.151778 909
0 0.536371 0.566149 0.0246487 0.126783 927
0 0.479634 0.632462 0.0452717 0.229757 940
0 0.417839 0.685931 0.0459822 0.25368 949
2 0.0503692 0.387381 0.0469728 0.0751081 953
0 0.203518 0.774837 0.0650392 0.2568 950
0 0.0682348 0.966147 0.0460904 0.0676506 702
0 0.179639 0.898974 0.0584357 0.200008 971
0 0.141385 0.316322 0.0110773 0.0547484 884
0 0.141345 0.422009 0.0165558 0.0800235 999
0 0.158381 0.39852 0.0153823 0.0692373 894
0 0.361294 0.892077 0.0671891 0.213052 1025
0 0.12762 0.349252 0.0134092 0.0661957 1015
0 0.298476 0.500746 0.0305843 0.134902 957
0 0.0846325 0.927097 0.0561911 0.145806 1031
0 0.438479 0.597486 0.0307116 0.167043 934
0 0.00628058 0.916667 0.0125612 0.161111 1048
