2 0.133592 0.588193 0.152831 0.187501 902
0 0.143013 0.330246 0.0103547 0.0523801 999
2 0.0186275 0.429152 0.0372549 0.111569 1074
0 0.29765 0.506428 0.0281258 0.144126 1130
0 0.409655 0.515333 0.0249776 0.138618 928
0 0.24919 0.427746 0.0188623 0.0939336 1060
0 0.960569 0.487384 0.0235776 0.0825684 1179
2 0.0663018 0.319977 0.044017 0.0437715 1182
0 0.389214 0.523167 0.0287281 0.147557 1104
2 0.954562 0.858317 0.0908754 0.17219 1139
0 0.344418 0.506888 0.0234016 0.118762 1155
0 0.129521 0.328998 0.00932752 0.0583816 1192
0 0.952112 0.476975 0.0245023 0.103434 1163
0 0.89009 0.499498 0.0232402 0.127633 1174
