0 0.401701 0.523974 0.0341983 0.172227 515
0 0.456239 0.528479 0.023941 0.154153 702
0 0.429961 0.524936 0.0210816 0.129612 701
2 0.275319 0.427837 0.0943629 0.0876932 787
0 0.171393 0.372571 0.0135792 0.0654364 845
0 0.520324 0.519455 0.0314536 0.163869 863
0 0.374769 0.608349 0.0367953 0.17047 870
0 0.306595 0.481852 0.0211303 0.100018 886
0 0.157443 0.395544 0.0134613 0.0822253 877
0 0.133376 0.331653 0.00708989 0.0355922 894
0 0.144584 0.317066 0.0101724 0.0532123 884
0 0.241808 0.436242 0.0147388 0.0761343 898
