0 0.284618 0.477587 0.0231449 0.113961 421
0 0.40042 0.523164 0.0418623 0.173095 515
0 0.432861 0.512049 0.0282904 0.153349 554
0 0.456266 0.529628 0.0300173 0.156528 566
2 0.337062 0.440971 0.0340564 0.0707032 624
0 0.129478 0.327408 0.0104519 0.057694 635
2 0.0860919 0.78414 0.172184 0.320457 657
0 0.328947 0.523789 0.0231438 0.126611 492
2 0.0862706 0.332289 0.0398541 0.0586453 662
0 0.301541 0.525029 0.0228601 0.137747 497
2 0.840971 0.658041 0.176832 0.212886 669
2 0.123387 0.297808 0.0335557 0.0368826 647
