0 0.389733 0.574207 0.0363444 0.177935 515
0 0.450255 0.557883 0.0276733 0.153829 702
0 0.42864 0.522314 0.0225227 0.140635 701
7 0.267959 0.427419 0.101156 0.0909166 787
0 0.50412 0.579574 0.0351142 0.17117 863
0 0.342134 0.509462 0.0301633 0.128778 870
0 0.290535 0.48241 0.0208913 0.102344 886
0 0.121325 0.350285 0.00879997 0.0546891 894
0 0.142961 0.31686 0.00997505 0.0542249 884
0 0.152094 0.418574 0.0180422 0.08879 900
2 0.0627439 0.358765 0.0523238 0.0635256 902
0 0.16763 0.420651 0.0118484 0.0833914 907
2 0.299077 0.418056 0.0376556 0.0277778 905
0 0.0320533 0.954373 0.0289316 0.09039 909
0 0.0105648 0.949226 0.0186768 0.100074 908
