2 0.272719 0.426754 0.114209 0.0900799 787
2 0.133479 0.587586 0.152221 0.187469 902
0 0.488167 0.622651 0.0406514 0.211361 940
0 0.428091 0.669158 0.0412663 0.231834 949
2 0.0494437 0.390105 0.0459713 0.07377 953
0 0.178455 0.803659 0.0729098 0.257958 950
0 0.0307058 0.979594 0.0340177 0.0408112 702
0 0.153482 0.911802 0.0512213 0.160947 971
0 0.141534 0.316442 0.0110234 0.0543961 884
0 0.1413 0.418231 0.0164302 0.0807882 999
0 0.159699 0.401471 0.0147057 0.0681661 894
0 0.385086 0.878684 0.0684908 0.237222 1025
0 0.127821 0.348079 0.0135852 0.0652108 1015
0 0.308886 0.504224 0.0296388 0.135039 957
0 0.0663507 0.943455 0.0493082 0.113089 1031
0 0.437809 0.555678 0.0250009 0.0983341 934
0 0.287931 0.484725 0.0192161 0.10035 1053
0 0.56728 0.553874 0.0320598 0.152493 909
