0 0.340384 0.631248 0.0439965 0.201674 515
0 0.416448 0.614015 0.0337979 0.180315 702
2 0.277298 0.427818 0.0968626 0.0884175 787
0 0.450013 0.641631 0.0416696 0.19607 863
0 0.27544 0.49948 0.0266901 0.118209 870
0 0.121566 0.358761 0.00791751 0.0491963 894
0 0.143206 0.318991 0.00915761 0.0495008 884
0 0.151953 0.400153 0.0166132 0.0830454 900
2 0.0301194 0.416027 0.0515893 0.0867272 902
0 0.1679 0.432389 0.0137525 0.0844401 907
0 0.235389 0.88441 0.0767627 0.225522 909
0 0.199891 0.881983 0.0496638 0.232131 927
0 0.290194 0.482643 0.0177891 0.0989194 928
