2 0.133098 0.542804 0.111717 0.180279 407
0 0.284747 0.477556 0.021529 0.112481 421
2 0.0254028 0.449292 0.0508057 0.102636 425
2 0.0770765 0.343667 0.0485948 0.0597863 448
0 0.296831 0.50192 0.0199913 0.101141 497
0 0.385314 0.513324 0.0379381 0.169326 515
2 0.135312 0.3065 0.0326555 0.0442728 546
2 0.0926817 0.83634 0.185363 0.291165 549
0 0.324218 0.49153 0.0209028 0.109762 492
0 0.430574 0.510563 0.0263857 0.148658 554
2 0.853023 0.84096 0.181244 0.310885 564
2 0.882293 0.624407 0.235415 0.237459 362
2 0.336004 0.444471 0.0335041 0.0638904 548
