0 0.0239983 0.918348 0.0479965 0.163304 515
2 0.275306 0.424993 0.0954888 0.0829973 787
2 0.129025 0.583504 0.14652 0.184527 902
0 0.546553 0.578065 0.024192 0.151162 909
0 0.52801 0.567724 0.0257312 0.134985 927
0 0.475222 0.653451 0.0468344 0.239085 940
0 0.406961 0.697324 0.0443642 0.253084 949
2 0.051589 0.385569 0.0467371 0.0732862 953
0 0.239419 0.752856 0.0598823 0.249073 950
0 0.0983583 0.94566 0.0582312 0.107339 702
0 0.202851 0.881927 0.0567966 0.234118 971
0 0.141665 0.315996 0.0103332 0.0532503 884
0 0.142534 0.426757 0.0166653 0.0807187 999
0 0.155341 0.393512 0.0147773 0.063714 894
0 0.334221 0.908766 0.0670793 0.17999 1025
0 0.128435 0.351051 0.0126646 0.0647927 1015
0 0.29167 0.498914 0.0289264 0.127223 957
0 0.108333 0.903947 0.0526033 0.145893 1031
0 0.62456 0.505626 0.029095 0.155336 1036
0 0.442644 0.60994 0.0330709 0.181056 934
