0 0.284765 0.477807 0.0221811 0.113949 421
0 0.404311 0.522354 0.0431323 0.174422 515
0 0.432065 0.512969 0.0276516 0.150026 554
0 0.456512 0.530611 0.0305523 0.153713 566
2 0.1557 0.57322 0.134749 0.187052 618
2 0.336875 0.441529 0.0337373 0.069465 624
0 0.133821 0.32727 0.00992216 0.0566878 635
0 0.317594 0.517997 0.0248384 0.134452 492
2 0.018085 0.353214 0.019178 0.0524519 647
2 0.854467 0.853884 0.179384 0.280971 648
2 0.830676 0.658128 0.122815 0.178476 651
2 0.65934 0.61975 0.0668963 0.189858 654
