2 0.874948 0.649736 0.239018 0.231647 327
2 0.0811751 0.536981 0.122279 0.209987 362
2 0.0437997 0.403045 0.0428882 0.0732815 407
0 0.285932 0.47641 0.0220147 0.113908 421
2 0.0547819 0.363929 0.0405533 0.0564008 425
2 0.111194 0.32248 0.0509036 0.0521514 448
0 0.341095 0.482118 0.0203237 0.0961377 492
0 0.324472 0.487246 0.0180643 0.0895961 497
2 0.204249 0.864924 0.380935 0.258223 514
0 0.475926 0.521397 0.0571036 0.174051 515
0 0.122823 0.342007 0.010421 0.0601177 533
0 0.682214 0.528855 0.017898 0.147828 524
0 0.566044 0.567648 0.0265834 0.12489 531
