0 0.485156 0.545833 0.0374345 0.186457 113
0 0.512915 0.560407 0.0318347 0.161301 226
2 0.33672 0.441663 0.0334388 0.0687576 234
0 0.368977 0.688738 0.0513382 0.21869 250
0 0.0978492 0.430196 0.0230731 0.0938559 257
0 0.405481 0.695646 0.0435919 0.158404 260
0 0.0457468 0.385225 0.0144048 0.0732122 261
0 0.160103 0.381261 0.0150114 0.0770206 266
0 0.439584 0.876238 0.107301 0.24268 268
0 0.00779271 0.972866 0.0147625 0.0542674 269
0 0.0761193 0.421117 0.0206744 0.0931721 29
0 0.180937 0.372899 0.0164725 0.0653125 278
