2 0.316499 0.429296 0.0782514 0.0793995 787
2 0.13368 0.588459 0.152855 0.186971 902
0 0.123009 0.364826 0.0112836 0.0636356 999
0 0.511838 0.611385 0.0317532 0.170917 1025
2 0.080066 0.337843 0.0511388 0.066107 1074
0 0.272963 0.498684 0.025086 0.12506 1081
2 0.0730825 0.316496 0.037217 0.0463825 1085
0 0.297082 0.49305 0.0262087 0.149205 1060
0 0.343689 0.743508 0.0663408 0.251715 1104
2 0.0346407 0.244711 0.0328966 0.0311085 1084
0 0.261412 0.46383 0.0163916 0.0845883 1112
0 0.33665 0.500843 0.0196219 0.113715 928
0 0.822498 0.505647 0.0265917 0.136437 1117
0 0.14252 0.318238 0.00901128 0.0508152 1122
0 0.147563 0.321614 0.00727065 0.0414543 1015
0 0.648098 0.514883 0.0382823 0.16542 1128
0 0.833534 0.514663 0.025018 0.136616 1129
0 0.312541 0.502581 0.0153049 0.119089 1130
