2 0.133692 0.588192 0.152622 0.187045 902
0 0.134044 0.33853 0.0105132 0.0539357 999
2 0.024386 0.400604 0.048772 0.0981647 1074
0 0.297052 0.477622 0.0173161 0.0981714 1081
0 0.136807 0.3167 0.00851934 0.0431097 1122
0 0.34185 0.523988 0.0273416 0.149465 1130
0 0.667775 0.532393 0.0312223 0.140655 1173
0 0.888745 0.493528 0.0305695 0.143059 1163
0 0.373468 0.509484 0.0215344 0.128272 928
0 0.278781 0.450186 0.0194677 0.108197 1060
0 0.822177 0.51239 0.0225581 0.142333 1174
0 0.912634 0.488301 0.0255604 0.0867253 1179
2 0.00483704 0.361389 0.00899484 0.0330555 1182
0 0.358763 0.514859 0.0286178 0.131017 1104
