0 0.400376 0.52369 0.0336589 0.17223 515
0 0.456291 0.528482 0.0238974 0.154146 702
0 0.429301 0.512656 0.0244748 0.153857 701
2 0.276266 0.428446 0.0952826 0.0884686 787
0 0.170163 0.372514 0.0131791 0.0649757 845
0 0.520174 0.519444 0.0312461 0.163892 863
0 0.376078 0.610838 0.0367065 0.166582 870
0 0.308387 0.481405 0.0227046 0.102742 886
0 0.157152 0.39248 0.0140461 0.0877195 877
0 0.133886 0.337486 0.00928756 0.0499716 894
0 0.144403 0.316387 0.010466 0.0536302 884
0 0.854646 0.500566 0.0295718 0.140721 885
