2 0.226294 0.598726 0.226107 0.263665 362
2 0.049076 0.443709 0.0570294 0.11797 407
0 0.28554 0.472644 0.020873 0.105737 421
2 0.0373655 0.390418 0.0501679 0.0726901 425
2 0.100107 0.327936 0.0443545 0.0502508 448
0 0.341022 0.490082 0.018586 0.0964907 492
0 0.321722 0.489393 0.0187731 0.0917108 497
0 0.416726 0.517292 0.0437152 0.161563 515
0 0.131916 0.333905 0.0114666 0.0596854 533
0 0.676535 0.526774 0.019716 0.147144 524
0 0.50308 0.528811 0.0370102 0.157732 531
2 0.88074 0.850893 0.172428 0.288092 542
