0 0.406272 0.527116 0.0309236 0.174986 515
0 0.457454 0.528086 0.0259655 0.155564 702
0 0.430472 0.512717 0.0239122 0.154186 701
7 0.274315 0.426108 0.097335 0.0838165 787
0 0.520313 0.51944 0.0313221 0.163898 863
0 0.377575 0.546332 0.0283234 0.151305 870
0 0.298136 0.481845 0.0193202 0.099988 886
0 0.125586 0.345558 0.009331 0.0506492 894
0 0.143252 0.31808 0.00935752 0.0506765 884
0 0.167496 0.428857 0.0171239 0.0991284 900
2 0.118819 0.318298 0.0417805 0.0483051 902
0 0.242951 0.431899 0.0178172 0.0857102 898
0 0.791416 0.501621 0.0317252 0.149741 885
