2 0.309575 0.42956 0.0968768 0.0816986 787
2 0.133764 0.588422 0.15227 0.187015 902
0 0.566483 0.553482 0.0387327 0.151045 949
2 0.0287403 0.413551 0.0574806 0.0806092 953
0 0.123989 0.375726 0.0133683 0.0693109 999
0 0.501763 0.636149 0.0338183 0.159243 1025
0 0.478741 0.535989 0.0381726 0.156429 957
2 0.0999454 0.324578 0.0503616 0.061911 1074
0 0.305926 0.503444 0.024448 0.133461 1081
2 0.0257072 0.340929 0.0375625 0.0543406 1085
0 0.344081 0.503387 0.0336917 0.155216 1060
0 0.141655 0.33214 0.00993516 0.0534017 1015
0 0.653386 0.529304 0.0279889 0.16545 1099
0 0.15928 0.909342 0.0852476 0.178335 1104
2 0.0695348 0.234456 0.04521 0.0455662 1084
0 0.325964 0.494219 0.0180904 0.111724 928
