0 0.284765 0.477683 0.0221829 0.113705 421
0 0.404309 0.522421 0.0466752 0.1754 515
2 0.688705 0.652944 0.289312 0.209884 546
0 0.430569 0.511318 0.0289605 0.155044 554
0 0.454473 0.530571 0.0331689 0.154619 566
2 0.125589 0.552249 0.111775 0.171243 618
2 0.33684 0.441425 0.033899 0.0693887 624
0 0.13479 0.326333 0.0100203 0.0584403 635
0 0.320981 0.518517 0.0246715 0.137378 492
2 0.0124923 0.360606 0.0139919 0.0567386 647
2 0.907743 0.867163 0.139759 0.254875 648
2 0.0128912 0.746076 0.0257825 0.197847 650
