2 0.273582 0.4259 0.109681 0.0868406 787
2 0.133165 0.587157 0.151172 0.186425 902
0 0.485602 0.63081 0.0431835 0.222929 940
0 0.42572 0.675348 0.0422103 0.236252 949
2 0.0498751 0.388989 0.0466057 0.0749101 953
0 0.187525 0.798669 0.0722953 0.258988 950
0 0.0391985 0.978064 0.0354525 0.0438722 702
0 0.158034 0.905088 0.0511387 0.171806 971
0 0.141588 0.316376 0.0109575 0.0540988 884
0 0.141448 0.420143 0.0162189 0.0797306 999
0 0.158777 0.399476 0.0148617 0.0682567 894
0 0.38206 0.883189 0.0696418 0.229893 1025
0 0.127886 0.348761 0.0136116 0.0656444 1015
0 0.306189 0.503206 0.0300906 0.135632 957
0 0.0736519 0.939848 0.0506207 0.120304 1031
0 0.437139 0.561469 0.0242249 0.105232 934
0 0.288048 0.484575 0.0189618 0.0988527 1053
0 0.5655 0.560441 0.0291365 0.143539 909
