0 0.379941 0.587769 0.0366411 0.180632 515
0 0.442349 0.577386 0.0297205 0.154217 702
0 0.427327 0.53804 0.0245055 0.160479 701
7 0.268251 0.427855 0.101895 0.0899175 787
0 0.492033 0.599936 0.0350378 0.174383 863
0 0.329458 0.508518 0.0304805 0.126151 870
0 0.290585 0.482641 0.0202751 0.101357 886
0 0.121267 0.352867 0.0084839 0.0564586 894
0 0.142966 0.316659 0.00989315 0.0544167 884
0 0.151481 0.417303 0.0178174 0.0879283 900
2 0.0520911 0.370473 0.0522921 0.0683939 902
0 0.168745 0.421977 0.0124088 0.0823415 907
0 0.0763085 0.945078 0.0391911 0.109438 909
