0 0.143044 0.410787 0.0146061 0.0923095 29
2 0.684836 0.654693 0.287921 0.21578 57
2 0.109303 0.305048 0.0460363 0.0448229 111
0 0.479389 0.541445 0.0427636 0.18771 113
2 0.190968 0.868284 0.381935 0.252262 120
5 0.0228886 0.334866 0.0336991 0.104837 128
2 0.336461 0.443505 0.0331531 0.0672247 115
2 0.856452 0.850193 0.235471 0.288996 132
0 0.393215 0.519935 0.0287044 0.123325 82
0 0.37954 0.530717 0.0252043 0.120827 4
0 0.514288 0.559751 0.0616103 0.158981 140
2 0.794375 0.684028 0.0790069 0.155278 142
