2 0.29042 0.429868 0.118312 0.0889086 787
2 0.133592 0.588217 0.153761 0.190336 902
0 0.539296 0.575018 0.0374269 0.180265 940
0 0.473649 0.615261 0.0355967 0.200553 949
2 0.0453356 0.395741 0.0485059 0.0763956 953
0 0.0355462 0.879839 0.0710924 0.221752 950
0 0.142673 0.318034 0.00934987 0.0522771 884
0 0.14842 0.399842 0.0145581 0.074998 999
0 0.453501 0.76479 0.042872 0.246188 1025
0 0.13243 0.341249 0.0119753 0.061081 1015
0 0.360333 0.519745 0.0347039 0.146295 957
0 0.411383 0.513352 0.0287313 0.1431 934
0 0.295496 0.490582 0.0179766 0.0981975 1053
0 0.311021 0.48811 0.0178761 0.0977867 928
0 0.454232 0.509055 0.0337666 0.169776 1060
0 0.648095 0.533653 0.0299795 0.15167 1069
0 0.63729 0.50787 0.0221713 0.133736 1071
