0 0.142708 0.411208 0.0140066 0.0915117 29
2 0.14457 0.287778 0.0381783 0.0406631 111
0 0.484449 0.545653 0.0348699 0.187009 113
2 0.102857 0.843285 0.205713 0.304142 120
5 0.0476474 0.314936 0.0597067 0.0914202 128
2 0.336722 0.443849 0.0327222 0.0653794 115
2 0.833978 0.863487 0.242786 0.26334 132
0 0.422522 0.522634 0.0258575 0.131074 82
0 0.40787 0.538509 0.0263248 0.127504 4
0 0.514624 0.561503 0.0355932 0.16278 140
2 0.116545 0.324562 0.0369727 0.049546 143
2 0.706641 0.864444 0.481683 0.262778 149
