0 0.285081 0.477175 0.0230653 0.114029 421
2 0.534762 0.652162 0.295114 0.220781 448
0 0.396949 0.516065 0.0315616 0.159042 515
2 0.0901596 0.522808 0.0934201 0.154706 546
0 0.338703 0.511036 0.0259687 0.129053 492
0 0.428776 0.507538 0.0331246 0.147016 554
0 0.319708 0.520103 0.0264817 0.123165 497
0 0.455452 0.50847 0.022095 0.112745 566
2 0.0557505 0.389911 0.0508863 0.0814416 618
2 0.093203 0.308381 0.0399058 0.0466483 623
2 0.33672 0.443753 0.0334817 0.0652722 624
2 0.85723 0.840945 0.177132 0.303047 625
