0 0.284762 0.476914 0.0225494 0.110756 421
0 0.405338 0.501108 0.0385847 0.126187 515
0 0.431275 0.490503 0.0230811 0.108767 554
0 0.450027 0.498463 0.0213968 0.0918188 566
2 0.475298 0.646762 0.261901 0.210043 618
2 0.33711 0.440962 0.0335516 0.069451 624
0 0.129557 0.327399 0.0101706 0.0575601 635
2 0.0807629 0.316898 0.0377213 0.0438697 647
2 0.214239 0.852602 0.394905 0.281086 657
0 0.319303 0.534088 0.0321781 0.127843 492
2 0.130398 0.302988 0.0327038 0.0550432 662
0 0.303132 0.524092 0.0247377 0.133341 497
