2 0.119333 0.5875 0.161717 0.214571 327
2 0.0316502 0.48138 0.0633004 0.167837 362
2 0.0565685 0.370251 0.0429391 0.0775342 407
0 0.303802 0.502864 0.0309079 0.139892 421
2 0.0888216 0.340286 0.0401475 0.0541396 425
0 0.892821 0.495977 0.0297956 0.143937 432
0 0.142052 0.390217 0.0135125 0.0708701 434
2 0.138655 0.304906 0.0268592 0.0455534 448
2 0.932532 0.899116 0.134738 0.187964 308
2 0.336815 0.44123 0.0357176 0.0684799 451
0 0.929716 0.492076 0.0182603 0.0743704 435
0 0.911024 0.4976 0.021807 0.066096 444
