0 0.285154 0.477889 0.0233371 0.114125 421
2 0.443946 0.639271 0.255939 0.205598 448
0 0.398144 0.488105 0.0210294 0.102648 515
2 0.074483 0.507226 0.0808244 0.145193 546
0 0.338141 0.509086 0.0276124 0.129782 492
0 0.429094 0.486304 0.0236055 0.105281 554
0 0.318919 0.518551 0.028174 0.121185 497
0 0.45517 0.497201 0.0161883 0.0902264 566
2 0.0611041 0.380275 0.0501552 0.0756763 618
2 0.0798924 0.314591 0.0396615 0.0483843 623
2 0.336718 0.44431 0.0337254 0.0652986 624
2 0.896829 0.844374 0.140085 0.299804 625
