2 0.133659 0.588184 0.15287 0.1875 902
0 0.128006 0.344005 0.0107405 0.0564584 999
2 0.0312024 0.383299 0.0539529 0.0894789 1074
0 0.272057 0.481249 0.0203298 0.10836 1081
0 0.288858 0.469272 0.0224257 0.11642 1060
0 0.392214 0.523802 0.0369362 0.14912 1104
0 0.362275 0.509824 0.020965 0.121212 928
0 0.140841 0.321768 0.0100683 0.0522514 1122
0 0.34251 0.511182 0.0261867 0.131822 1130
0 0.959892 0.487042 0.0223949 0.0817258 1129
0 0.323199 0.491293 0.0200013 0.106227 1155
0 0.83634 0.493648 0.0293145 0.151146 1163
0 0.945189 0.488116 0.0193275 0.0839633 1117
0 0.872481 0.52255 0.0326815 0.153022 1153
2 0.954687 0.855707 0.0891989 0.169616 1139
