0 0.28476 0.476583 0.0224449 0.110095 421
0 0.404609 0.508312 0.0422632 0.140319 515
0 0.431206 0.494657 0.0248351 0.117497 554
0 0.450676 0.499338 0.0226834 0.0942389 566
2 0.463051 0.649117 0.259679 0.211822 618
2 0.33711 0.440963 0.033552 0.0694432 624
0 0.129604 0.327522 0.0101528 0.0574414 635
2 0.0824965 0.315967 0.0374837 0.0434649 647
2 0.2002 0.849908 0.400401 0.286294 657
0 0.319964 0.53486 0.0316194 0.129689 492
2 0.12866 0.303839 0.0339278 0.0551716 662
0 0.303209 0.523718 0.02488 0.134664 497
