2 0.133743 0.588193 0.152937 0.187504 902
0 0.136613 0.337471 0.0106606 0.0527437 999
2 0.0226177 0.405255 0.0452355 0.0994841 1074
0 0.307579 0.479258 0.0177875 0.0978077 1081
0 0.135212 0.307407 0.00620918 0.0228002 1122
0 0.323506 0.521191 0.0281295 0.146351 1130
0 0.681042 0.530438 0.0244633 0.141749 1173
0 0.900567 0.49473 0.028533 0.141986 1163
0 0.380067 0.510809 0.0212004 0.129241 928
0 0.27095 0.449062 0.0195106 0.105794 1060
0 0.924915 0.486453 0.0256842 0.0895758 1179
2 0.0131486 0.352438 0.016227 0.0479757 1182
0 0.360795 0.515484 0.026542 0.126798 1104
2 0.951549 0.876343 0.0969021 0.208836 1139
