0 0.485156 0.54619 0.037564 0.186821 113
0 0.514434 0.560426 0.0308816 0.16156 226
2 0.336719 0.442383 0.0332405 0.067982 234
0 0.385684 0.645449 0.0458117 0.189218 250
0 0.117356 0.423881 0.0199291 0.0920013 257
0 0.420745 0.652748 0.03461 0.141265 260
0 0.150155 0.374575 0.0145049 0.080053 266
0 0.43465 0.812398 0.0822769 0.290126 268
0 0.00773276 0.973622 0.0151403 0.0527557 269
0 0.0495803 0.426599 0.0233994 0.0954049 29
0 0.16699 0.376354 0.0165409 0.0781023 278
0 0.0560081 0.388406 0.0127691 0.0703671 261
