0 0.284757 0.47637 0.0240441 0.11104 421
2 0.0412596 0.458131 0.0562203 0.117485 448
0 0.387609 0.519547 0.0350114 0.175165 515
2 0.0504935 0.377335 0.0449711 0.0668206 546
0 0.340656 0.510405 0.0244516 0.132267 492
0 0.427309 0.513695 0.0320086 0.155879 554
0 0.313817 0.515998 0.0227315 0.1197 497
2 0.144854 0.289378 0.0329136 0.0344179 587
0 0.457849 0.527888 0.025901 0.151684 566
2 0.172145 0.830319 0.34429 0.32207 606
2 0.881251 0.659615 0.237497 0.20652 425
2 0.336516 0.443257 0.0329494 0.0601204 548
