2 0.423247 0.618954 0.275873 0.248335 362
2 0.0616867 0.470181 0.0653829 0.140389 407
0 0.285926 0.463381 0.0234961 0.0864902 421
2 0.0291423 0.407286 0.0523416 0.0846956 425
2 0.0912268 0.332863 0.0461702 0.0554079 448
0 0.312884 0.472289 0.0152257 0.0474273 497
0 0.387304 0.467334 0.0232426 0.0605024 515
0 0.138571 0.331797 0.0108881 0.0570574 533
0 0.643253 0.528655 0.0270504 0.147484 524
2 0.782901 0.892286 0.166816 0.207098 542
2 0.141796 0.30097 0.0223144 0.0415464 546
2 0.33672 0.443638 0.0333091 0.0633486 548
2 0.411582 0.908611 0.153759 0.169445 549
0 0.336469 0.469025 0.0148734 0.0522065 492
