2 0.650968 0.63796 0.249249 0.229165 407
0 0.285138 0.476975 0.0234673 0.112635 421
2 0.125794 0.572542 0.129653 0.175077 425
2 0.0462178 0.380342 0.0474563 0.0722948 448
0 0.386289 0.516386 0.0424567 0.170828 515
2 0.102026 0.327719 0.0494019 0.0512814 546
0 0.324171 0.504199 0.0195965 0.122097 492
0 0.431445 0.514047 0.0338682 0.157744 554
2 0.336105 0.443011 0.0332434 0.0666517 548
2 0.0553251 0.701931 0.11065 0.261384 574
0 0.310122 0.515314 0.0232752 0.120846 497
2 0.0139001 0.362568 0.0189817 0.054607 587
0 0.476224 0.524225 0.0419492 0.151881 566
