0 0.400488 0.524093 0.0337999 0.172229 515
0 0.456256 0.528482 0.0238511 0.154147 702
0 0.4293 0.513224 0.0242959 0.15272 701
2 0.276803 0.428487 0.0947899 0.0882587 787
0 0.170533 0.372508 0.0132654 0.0649986 845
0 0.520272 0.519673 0.0311711 0.163433 863
0 0.376089 0.609422 0.0368956 0.167644 870
0 0.307623 0.481279 0.0223276 0.102343 886
0 0.156863 0.39454 0.0134303 0.0838959 877
0 0.133667 0.337671 0.00922022 0.0497177 894
0 0.144468 0.31683 0.0103951 0.0535309 884
0 0.242578 0.435694 0.0146685 0.0761111 898
