0 0.285144 0.477294 0.0238453 0.116742 421
0 0.402745 0.522093 0.0417283 0.175241 515
0 0.433271 0.512525 0.0278165 0.15294 554
0 0.456032 0.530037 0.0265816 0.156868 566
2 0.336706 0.443055 0.0324578 0.0655193 624
0 0.129304 0.327806 0.0105289 0.056259 635
0 0.332534 0.522154 0.02237 0.127071 492
2 0.0766352 0.337675 0.0509631 0.0758533 662
0 0.301251 0.52006 0.0231509 0.128507 497
2 0.881252 0.657025 0.194784 0.21379 669
2 0.141388 0.29011 0.0326081 0.0361519 647
2 0.0114822 0.726111 0.0229643 0.131667 673
