2 0.133591 0.588193 0.152847 0.187501 902
0 0.142638 0.331476 0.0105876 0.0523489 999
2 0.0187782 0.424822 0.0375564 0.106612 1074
0 0.29783 0.50566 0.0280108 0.142729 1130
0 0.407299 0.514095 0.0242444 0.138346 928
0 0.252011 0.430613 0.0190984 0.0956241 1060
0 0.956608 0.485213 0.0259858 0.0888894 1179
2 0.0577818 0.323502 0.0432219 0.0449728 1182
0 0.384157 0.520779 0.0281293 0.145746 1104
2 0.954687 0.858353 0.0896715 0.169105 1139
0 0.342624 0.509167 0.0231666 0.115058 1155
0 0.129948 0.329161 0.00907689 0.0585741 1192
0 0.944903 0.478224 0.0213434 0.0956871 1163
0 0.882807 0.504207 0.0243709 0.131542 1174
