0 0.326753 0.652977 0.0450537 0.217418 515
0 0.40059 0.622479 0.036428 0.208083 702
2 0.276948 0.428492 0.093157 0.0879538 787
0 0.424793 0.66404 0.0415502 0.208838 863
0 0.262304 0.49423 0.0238306 0.113802 870
0 0.121479 0.358419 0.00816868 0.0579273 894
0 0.143165 0.317825 0.00946245 0.0521059 884
0 0.15299 0.393243 0.0160111 0.0789533 900
2 0.029104 0.436909 0.0516134 0.0967731 902
0 0.170562 0.443684 0.0117598 0.0754654 907
0 0.288746 0.856082 0.0766244 0.258758 909
0 0.258892 0.845277 0.0583597 0.249525 927
0 0.289618 0.482867 0.0192085 0.101447 928
0 0.3736 0.939598 0.0644768 0.117836 934
0 0.168363 0.972936 0.0348163 0.0541277 940
0 0.952783 0.480537 0.0201962 0.0933547 941
