2 0.272219 0.42603 0.113037 0.0891954 787
2 0.13332 0.587475 0.151894 0.187187 902
0 0.487111 0.627042 0.0418813 0.217534 940
0 0.426725 0.671446 0.0414323 0.232284 949
2 0.0496406 0.389473 0.0461255 0.0740866 953
0 0.18348 0.80156 0.0724587 0.25728 950
0 0.0359031 0.978903 0.0347408 0.0421934 702
0 0.160382 0.911172 0.0532094 0.170678 971
0 0.141596 0.316341 0.0109643 0.0541485 884
0 0.141199 0.419074 0.0165037 0.0811616 999
0 0.158984 0.399934 0.014777 0.0681967 894
0 0.383508 0.880871 0.0690811 0.233316 1025
0 0.127838 0.348388 0.0135955 0.0654144 1015
0 0.307613 0.503953 0.0298306 0.135219 957
0 0.0701239 0.941688 0.0501271 0.116623 1031
0 0.437639 0.559028 0.0247088 0.102068 934
0 0.287967 0.485381 0.018809 0.0981895 1053
0 0.566443 0.556026 0.0309924 0.149376 909
