0 0.142532 0.410789 0.0142948 0.0923028 29
2 0.137011 0.288122 0.0344011 0.0335932 111
0 0.482742 0.544051 0.0362602 0.190899 113
2 0.12968 0.851015 0.25936 0.288686 120
5 0.0358202 0.320869 0.0539511 0.0955285 128
2 0.336726 0.443757 0.0329065 0.0666622 115
2 0.830056 0.860907 0.251752 0.269608 132
0 0.40972 0.522559 0.0261256 0.137689 82
0 0.396369 0.538296 0.0249398 0.126638 4
0 0.511437 0.562045 0.0411772 0.162498 140
2 0.932159 0.640247 0.135682 0.191361 142
2 0.129613 0.317061 0.026521 0.0504591 143
