0 0.284856 0.472691 0.0202866 0.102781 421
0 0.393777 0.521454 0.0378642 0.172268 515
2 0.27338 0.612996 0.204159 0.204405 546
0 0.33773 0.508596 0.0257718 0.131624 492
0 0.427822 0.513694 0.0347089 0.155595 554
0 0.318103 0.51559 0.0197257 0.108242 497
0 0.453526 0.527864 0.029317 0.153204 566
2 0.0535464 0.453746 0.0560284 0.115588 618
2 0.337132 0.443258 0.0340425 0.0662638 624
2 0.242303 0.839821 0.359267 0.307347 634
2 0.919159 0.63735 0.161681 0.197573 629
0 0.143307 0.323969 0.0098798 0.052389 635
2 0.158669 0.28176 0.0316202 0.0354703 623
