2 0.308529 0.617081 0.255907 0.263582 362
2 0.053995 0.45598 0.0598749 0.12766 407
0 0.285751 0.455129 0.0173693 0.0692568 421
2 0.0332296 0.398264 0.0517472 0.0785571 425
2 0.0949229 0.329961 0.0439303 0.0512753 448
0 0.340564 0.472657 0.013695 0.0606694 492
0 0.317473 0.471295 0.0117011 0.0492002 497
0 0.395733 0.497971 0.0326244 0.126163 515
0 0.135676 0.332633 0.0120507 0.0605781 533
0 0.658609 0.533003 0.0282429 0.133527 524
0 0.492179 0.524102 0.0400094 0.151926 531
2 0.840835 0.860696 0.206055 0.268456 542
