2 0.133513 0.588194 0.152854 0.1875 902
0 0.144129 0.329897 0.00971545 0.051405 999
2 0.0185232 0.433183 0.0370464 0.117362 1074
0 0.297854 0.504778 0.02637 0.140075 1130
0 0.410908 0.516238 0.02501 0.138486 928
0 0.246049 0.424053 0.0187164 0.0977024 1060
2 0.0808736 0.314093 0.0451232 0.0424368 1182
0 0.393793 0.523743 0.0270871 0.144751 1104
2 0.954687 0.859417 0.0898599 0.168836 1139
0 0.347677 0.507949 0.0227392 0.117882 1155
0 0.129042 0.329762 0.00999318 0.0599984 1192
0 0.960776 0.48013 0.0239073 0.0976667 1163
0 0.897427 0.49807 0.0229529 0.120492 1174
