0 0.400168 0.55241 0.0331365 0.169302 515
0 0.453831 0.546647 0.0266416 0.155158 702
0 0.428122 0.517167 0.0249227 0.155114 701
7 0.276487 0.428424 0.0944371 0.0877381 787
0 0.512634 0.545344 0.0318764 0.160654 863
0 0.358392 0.516899 0.0255405 0.127848 870
0 0.292318 0.483202 0.0222319 0.101903 886
0 0.12179 0.34904 0.00934229 0.0533912 894
0 0.14307 0.317173 0.00990508 0.0538622 884
0 0.157718 0.42516 0.0180993 0.0911207 900
2 0.0780892 0.3451 0.0488953 0.0565992 902
0 0.247437 0.432418 0.0198022 0.0913265 898
0 0.168771 0.423675 0.00827899 0.066539 907
