0 0.393158 0.523637 0.036754 0.176315 515
0 0.456745 0.527775 0.0240547 0.154144 702
0 0.429307 0.513195 0.0249588 0.152776 701
7 0.267051 0.425748 0.107259 0.090202 787
0 0.146565 0.356771 0.0128536 0.0640748 845
0 0.520721 0.519754 0.0323567 0.163432 863
0 0.325475 0.774165 0.0601594 0.246242 870
0 0.299211 0.476373 0.024713 0.105986 874
0 0.130566 0.381651 0.0114142 0.0715389 877
0 0.140547 0.309099 0.0107838 0.0378865 884
0 0.347274 0.484914 0.0110454 0.09814 886
0 0.954822 0.475901 0.0160742 0.101268 885
