2 0.882041 0.648526 0.233458 0.228233 327
2 0.0840037 0.538326 0.125255 0.212088 362
2 0.0439397 0.404233 0.0435404 0.0744524 407
0 0.285933 0.476389 0.0220006 0.113906 421
2 0.0544804 0.364696 0.0406661 0.0562005 425
2 0.110973 0.322565 0.0512735 0.0525628 448
0 0.340761 0.482027 0.0205981 0.0960024 492
0 0.324378 0.487018 0.0182307 0.091028 497
2 0.190858 0.862532 0.381717 0.263512 514
0 0.470407 0.521016 0.0548116 0.174292 515
0 0.123353 0.341695 0.0106725 0.0604334 533
0 0.682077 0.528399 0.0174753 0.146695 524
0 0.563857 0.566961 0.0281582 0.126716 531
