2 0.574554 0.650482 0.263731 0.228519 327
2 0.0447969 0.504917 0.0822466 0.183683 362
2 0.0451305 0.393481 0.0384755 0.0773825 407
0 0.286317 0.477126 0.022747 0.1137 421
2 0.0647106 0.357093 0.0418563 0.0603549 425
2 0.77891 0.90799 0.176492 0.17793 308
2 0.33702 0.44177 0.0324772 0.0678636 451
2 0.114676 0.32086 0.051366 0.0514157 448
0 0.3266 0.47744 0.016268 0.0968537 492
0 0.318454 0.482086 0.0190541 0.0934532 497
0 0.682771 0.526617 0.0112666 0.151409 512
2 0.41177 0.921206 0.120803 0.149185 514
