2 0.274193 0.42703 0.113229 0.089493 787
2 0.13364 0.587617 0.151758 0.186651 902
0 0.489049 0.618517 0.0401847 0.208673 940
0 0.429591 0.66677 0.0418114 0.235916 949
2 0.0493265 0.390331 0.045913 0.0736518 953
0 0.173075 0.804213 0.0730058 0.25842 950
0 0.028503 0.981231 0.032169 0.0375381 702
0 0.149472 0.914795 0.0511653 0.157627 971
0 0.141447 0.31648 0.0110317 0.0544886 884
0 0.141408 0.417701 0.016323 0.0801836 999
0 0.160477 0.402954 0.014418 0.066313 894
0 0.387229 0.876551 0.0678665 0.241314 1025
0 0.12788 0.347453 0.0135182 0.0647894 1015
0 0.309842 0.504312 0.0297064 0.134956 957
0 0.0618806 0.94472 0.0489846 0.110559 1031
0 0.438145 0.552513 0.0254321 0.0958831 934
0 0.288188 0.484042 0.0193171 0.100558 1053
0 0.573621 0.554427 0.0304693 0.150033 909
