0 0.285026 0.47553 0.0213328 0.108909 421
0 0.405938 0.522313 0.0432778 0.172854 515
0 0.432265 0.51115 0.0289788 0.151525 554
0 0.457082 0.529292 0.0258492 0.154412 566
2 0.264691 0.623492 0.206286 0.22265 618
2 0.337116 0.441282 0.0335777 0.0694492 624
0 0.130428 0.32667 0.0102484 0.0576256 635
0 0.308054 0.517232 0.0249233 0.123451 492
2 0.042639 0.336669 0.0338554 0.0489063 647
2 0.796678 0.883095 0.190598 0.224612 648
2 0.890398 0.638565 0.219203 0.207069 546
2 0.402346 0.917823 0.149257 0.153931 657
