0 0.285024 0.476278 0.0234738 0.110886 421
2 0.697929 0.669756 0.289023 0.208297 425
2 0.034053 0.430681 0.0486707 0.0991445 448
0 0.388109 0.519789 0.0384061 0.177138 515
2 0.0612514 0.361029 0.0479634 0.0656755 546
0 0.338024 0.510314 0.023781 0.127283 492
0 0.428132 0.51489 0.0320435 0.153399 554
2 0.336719 0.444128 0.0331135 0.061786 548
0 0.314947 0.516349 0.0238169 0.120666 497
2 0.117195 0.303219 0.0457876 0.0421164 587
0 0.459496 0.529069 0.031884 0.151132 566
2 0.349468 0.866421 0.18381 0.254945 607
2 0.616094 0.667917 0.14885 0.182222 608
