2 0.323925 0.426519 0.0557411 0.0696596 787
2 0.133692 0.588335 0.153165 0.18774 902
0 0.124246 0.355057 0.0115843 0.0596261 999
0 0.536642 0.575129 0.0309932 0.147636 1025
2 0.0602997 0.352799 0.0534585 0.0748064 1074
0 0.262253 0.486418 0.0220006 0.111836 1081
2 0.136603 0.291109 0.0395753 0.0407848 1085
0 0.292232 0.485576 0.0231495 0.133727 1060
0 0.418059 0.614934 0.0539244 0.1816 1104
0 0.345875 0.504053 0.0210012 0.120106 928
0 0.141542 0.31816 0.00884056 0.0516908 1122
0 0.323915 0.507843 0.0226512 0.125131 1130
2 0.954679 0.855351 0.0883996 0.168523 1139
0 0.900048 0.491251 0.0194593 0.0810276 1129
0 0.883444 0.500723 0.022061 0.115962 1117
