0 0.284408 0.477763 0.0231332 0.113382 421
0 0.400915 0.523343 0.0426363 0.173113 515
0 0.432979 0.512112 0.0288912 0.154177 554
0 0.455793 0.530032 0.031221 0.157152 566
2 0.337111 0.44097 0.0335629 0.0694412 624
0 0.129631 0.327427 0.0103565 0.05766 635
2 0.106859 0.799648 0.213717 0.351944 657
0 0.327831 0.524678 0.023179 0.125319 492
2 0.0981566 0.323339 0.0486421 0.0688535 662
0 0.30214 0.524941 0.0232385 0.137893 497
2 0.824331 0.679753 0.145764 0.176354 669
2 0.116526 0.296679 0.0294361 0.0345815 647
