0 0.321003 0.653786 0.0454916 0.219399 515
0 0.395115 0.632595 0.0364422 0.205524 702
7 0.276936 0.428447 0.093686 0.0889064 787
0 0.42006 0.664812 0.040968 0.208679 863
0 0.261031 0.49415 0.0223737 0.112636 870
0 0.121428 0.358274 0.00823149 0.0591478 894
0 0.143165 0.318701 0.00915106 0.0503362 884
0 0.152944 0.391484 0.0160154 0.0790236 900
2 0.0297378 0.44238 0.0532688 0.10249 902
0 0.172742 0.446066 0.0117823 0.0711337 907
0 0.295284 0.839236 0.0698922 0.248066 909
0 0.268182 0.82403 0.0532693 0.234711 927
0 0.289441 0.482741 0.0194805 0.101428 928
0 0.386611 0.930571 0.0707454 0.135224 934
0 0.189859 0.969861 0.0381957 0.0602787 940
0 0.947994 0.483182 0.0198359 0.0922965 941
