2 0.567888 0.654194 0.275301 0.236677 327
2 0.0439388 0.503682 0.0809974 0.182624 362
2 0.0452966 0.393999 0.039444 0.0799348 407
0 0.286315 0.477132 0.0226988 0.113185 421
2 0.0647485 0.356608 0.0418656 0.0602339 425
2 0.783774 0.901548 0.193093 0.189567 308
2 0.33757 0.441887 0.0322543 0.0676218 451
2 0.114945 0.320803 0.0514107 0.0514441 448
0 0.113759 0.350086 0.00941392 0.0590323 434
0 0.325762 0.477336 0.0168589 0.0985658 492
0 0.317722 0.480552 0.0194921 0.0960545 497
0 0.682798 0.527152 0.0111606 0.150622 512
2 0.422394 0.923921 0.115658 0.144408 514
