0 0.485156 0.54653 0.0374788 0.186108 113
0 0.514066 0.560414 0.0303915 0.161074 226
2 0.336717 0.441646 0.0338426 0.0687853 234
0 0.404344 0.586677 0.0339111 0.130203 250
0 0.147469 0.419495 0.0198818 0.0930856 257
0 0.4369 0.598841 0.0295303 0.103342 260
0 0.136898 0.36551 0.0138072 0.0685345 266
0 0.417252 0.713091 0.0599167 0.253127 268
0 0.0106013 0.43811 0.0212026 0.0947527 29
0 0.152808 0.367488 0.014419 0.0785626 278
0 0.0706647 0.392112 0.0148352 0.0756514 261
0 0.161823 0.364826 0.0129425 0.0721014 285
