2 0.883955 0.63132 0.221833 0.223705 407
0 0.285354 0.474221 0.0217201 0.106775 421
2 0.271444 0.633963 0.208414 0.213842 425
2 0.0377885 0.396452 0.0472095 0.081699 448
0 0.38735 0.519225 0.0369582 0.174944 515
2 0.0842396 0.338472 0.0505489 0.0578575 546
0 0.332838 0.504776 0.023701 0.124814 492
0 0.430348 0.51427 0.0298394 0.154946 554
2 0.336678 0.443749 0.0324634 0.0633608 548
0 0.312852 0.511414 0.0210083 0.113225 497
2 0.0441983 0.336739 0.0373295 0.0473442 587
0 0.464447 0.522005 0.0309105 0.1479 566
0 0.489499 0.498611 0.020632 0.0416667 595
2 0.940937 0.86125 0.103311 0.258333 596
