2 0.818386 0.634622 0.233722 0.219375 407
0 0.285161 0.476763 0.0228165 0.111857 421
2 0.194709 0.605612 0.167045 0.1935 425
2 0.0410645 0.388525 0.0477094 0.0773646 448
0 0.387669 0.519885 0.0382481 0.17553 515
2 0.0914473 0.333699 0.0506615 0.0555934 546
0 0.33146 0.505709 0.0228164 0.123639 492
0 0.431923 0.513592 0.0296061 0.156308 554
2 0.336374 0.443855 0.0322724 0.0638233 548
0 0.311586 0.515639 0.0222048 0.120022 497
2 0.0255945 0.348262 0.0307305 0.0521369 587
0 0.466151 0.517851 0.0352164 0.144429 566
