0 0.348412 0.627971 0.0437201 0.20132 515
0 0.426459 0.614537 0.0326693 0.176976 702
7 0.277241 0.429191 0.0981686 0.0867384 787
0 0.458059 0.628817 0.0373613 0.192308 863
0 0.288938 0.501771 0.0291107 0.127117 870
0 0.121948 0.355187 0.00870319 0.0556659 894
0 0.143165 0.319102 0.00904657 0.0495341 884
0 0.150235 0.406448 0.0164842 0.0816325 900
2 0.0325051 0.406744 0.0521175 0.0827256 902
0 0.166384 0.431439 0.0138143 0.0847716 907
0 0.195027 0.895538 0.0746438 0.206356 909
0 0.639794 0.508159 0.0278742 0.156324 921
0 0.174237 0.891478 0.0431917 0.21355 927
