2 0.313054 0.428003 0.0825955 0.0768032 787
2 0.133768 0.588553 0.152458 0.18678 902
2 0.0142144 0.418233 0.0284288 0.0599316 953
0 0.122389 0.368988 0.0112086 0.0654765 999
0 0.509563 0.61834 0.0327068 0.16551 1025
0 0.535568 0.548749 0.0293173 0.119256 957
2 0.0870943 0.333654 0.0503893 0.0639576 1074
0 0.284991 0.500639 0.0237295 0.127407 1081
2 0.0540696 0.326278 0.0434476 0.0508193 1085
0 0.309883 0.497838 0.0281356 0.153416 1060
0 0.287865 0.814236 0.0866622 0.272208 1104
2 0.050806 0.241486 0.0402014 0.0420778 1084
0 0.253803 0.460058 0.0168245 0.09012 1112
0 0.330841 0.498006 0.017066 0.112842 928
0 0.80984 0.516755 0.0262764 0.138729 1117
