2 0.350801 0.619686 0.213985 0.228253 407
0 0.285317 0.464489 0.0208245 0.0873075 421
2 0.050931 0.50894 0.0761343 0.136476 425
2 0.0586902 0.361094 0.0496584 0.0681007 448
0 0.381468 0.486474 0.0257327 0.109257 515
2 0.121815 0.314507 0.0471798 0.0488211 546
0 0.31615 0.470515 0.0159657 0.0665586 492
0 0.430312 0.510265 0.0279026 0.151116 554
2 0.336709 0.441762 0.0336084 0.0678614 548
0 0.502569 0.524422 0.0379207 0.148477 566
2 0.23326 0.832176 0.302997 0.321583 574
0 0.302097 0.478557 0.0130559 0.0514549 497
