0 0.285102 0.477132 0.0232749 0.115344 421
0 0.400344 0.522534 0.0410051 0.174232 515
0 0.43244 0.512072 0.0283891 0.153289 554
0 0.456312 0.530123 0.0280488 0.157043 566
2 0.336915 0.442997 0.0320998 0.0657868 624
0 0.129442 0.327695 0.0104782 0.057116 635
2 0.0501552 0.762771 0.10031 0.245961 657
0 0.331486 0.522955 0.0231758 0.127801 492
2 0.0851069 0.33335 0.0485436 0.0703793 662
0 0.300691 0.525017 0.0231445 0.136746 497
2 0.864955 0.658528 0.197279 0.226927 669
2 0.135273 0.293853 0.035374 0.0376356 647
