0 0.284992 0.474639 0.021018 0.106523 421
0 0.405853 0.522532 0.0427238 0.172488 515
0 0.432113 0.510906 0.0291155 0.151486 554
0 0.457076 0.529257 0.0256197 0.154401 566
2 0.276383 0.627474 0.212519 0.224666 618
2 0.337115 0.441299 0.033579 0.0694486 624
0 0.130242 0.326722 0.010131 0.0571594 635
0 0.309301 0.512128 0.0240751 0.114013 492
2 0.0452319 0.335168 0.0341852 0.0482008 647
2 0.783058 0.8855 0.182227 0.220507 648
2 0.895573 0.637396 0.208855 0.205579 546
2 0.384567 0.904366 0.17674 0.18111 657
