0 0.284758 0.476633 0.0226225 0.111418 421
0 0.398344 0.49554 0.0301504 0.121307 515
2 0.379966 0.64064 0.258783 0.224094 546
0 0.428076 0.509082 0.0316797 0.146254 554
0 0.453421 0.523175 0.0280496 0.144198 566
2 0.064006 0.479169 0.0641588 0.131161 618
2 0.33711 0.442495 0.0342662 0.0677944 624
2 0.171653 0.820765 0.343306 0.346323 634
0 0.140671 0.324803 0.0106804 0.0577006 635
0 0.334678 0.486445 0.0188713 0.0877982 492
0 0.317134 0.498107 0.0177152 0.0721677 497
2 0.978831 0.620556 0.0423382 0.0944444 646
