0 0.116712 0.416375 0.0213157 0.0901914 29
0 0.485157 0.545832 0.0374741 0.186111 113
0 0.514051 0.561028 0.0291606 0.160317 226
2 0.336518 0.441661 0.0332756 0.068048 234
0 0.314954 0.77702 0.0630582 0.244703 250
0 0.0647297 0.437966 0.0194492 0.0857279 257
0 0.368321 0.792523 0.0589299 0.195821 260
0 0.0270586 0.385426 0.0125433 0.066926 261
0 0.175113 0.391135 0.0144693 0.0711506 266
0 0.193356 0.373629 0.00787071 0.0448131 267
0 0.413984 0.963056 0.0357129 0.0722222 268
0 0.00719727 0.977083 0.0139209 0.0458333 269
