2 0.133492 0.588194 0.152887 0.1875 902
0 0.145178 0.328765 0.00951244 0.0506512 999
2 0.018413 0.436082 0.036826 0.118619 1074
0 0.297724 0.499524 0.0250617 0.134197 1130
0 0.414739 0.516149 0.0234167 0.137902 928
0 0.244258 0.424061 0.0182275 0.0972067 1060
2 0.0903248 0.310121 0.0463362 0.0426971 1182
0 0.399221 0.524382 0.0260305 0.144172 1104
2 0.954687 0.858376 0.0902741 0.169398 1139
0 0.348259 0.509706 0.0216155 0.115554 1155
0 0.128664 0.331478 0.0103337 0.0595938 1192
0 0.902664 0.48684 0.0202379 0.0972832 1174
0 0.760156 0.491528 0.0135335 0.0841667 1212
0 0.76 0.516389 0.0157606 0.135139 1213
