2 0.119335 0.5875 0.162278 0.215289 327
2 0.0314073 0.481949 0.0627367 0.167421 362
2 0.0539505 0.375943 0.0424254 0.0783575 407
0 0.271826 0.486741 0.0246373 0.123553 421
2 0.0771058 0.348719 0.0387394 0.056613 425
0 0.122648 0.374655 0.0113083 0.07354 434
2 0.932137 0.900012 0.134358 0.188832 308
2 0.336915 0.440969 0.0337573 0.0694635 451
0 0.81086 0.501026 0.0352914 0.152472 432
0 0.24912 0.430038 0.0141531 0.0761882 464
2 0.125081 0.312946 0.0438014 0.0488155 448
0 0.856378 0.524414 0.0313272 0.15461 457
