2 0.281067 0.428559 0.106586 0.0878743 787
2 0.133749 0.587865 0.153356 0.188806 902
0 0.49646 0.609174 0.0437283 0.209634 940
0 0.441358 0.659981 0.0402787 0.233171 949
2 0.0484538 0.39106 0.0469464 0.0750071 953
0 0.14078 0.816929 0.0754194 0.242014 950
0 0.12704 0.937344 0.049851 0.122672 971
0 0.141603 0.31651 0.0108718 0.0538413 884
0 0.142514 0.415211 0.0161282 0.0787913 999
0 0.164687 0.405062 0.0147008 0.0736279 894
0 0.406917 0.856284 0.0583235 0.270671 1025
0 0.128515 0.346465 0.0131758 0.0638284 1015
0 0.323899 0.505965 0.0334567 0.139467 957
0 0.0339951 0.956624 0.0454252 0.0867527 1031
0 0.432216 0.534676 0.0302712 0.101525 934
0 0.286866 0.483844 0.0215242 0.102696 1053
0 0.584918 0.56166 0.0250444 0.131357 909
0 0.535657 0.537271 0.0323929 0.0992447 927
0 0.30579 0.48635 0.0175399 0.0896757 928
