0 0.110036 0.880066 0.0443122 0.235825 113
0 0.147916 0.925831 0.055002 0.145932 226
2 0.337109 0.441085 0.0335866 0.0694444 234
0 0.141359 0.328604 0.0108696 0.0586165 278
2 0.932803 0.895915 0.134054 0.186071 308
2 0.0294296 0.383495 0.0506757 0.0844915 327
0 0.12461 0.346064 0.0103167 0.0558031 333
0 0.356177 0.637237 0.0379976 0.193645 296
2 0.126041 0.309433 0.0393843 0.0598031 362
0 0.945435 0.478775 0.019981 0.0952314 369
0 0.257479 0.419589 0.0157515 0.074757 370
0 0.838471 0.492958 0.0304154 0.144698 361
0 0.878916 0.529644 0.0276168 0.137096 353
0 0.1199 0.346585 0.00803531 0.0567773 338
