0 0.26015 0.729868 0.0618543 0.239324 515
2 0.276903 0.428831 0.0921741 0.0868577 787
0 0.123991 0.370654 0.00884933 0.0510106 894
0 0.143721 0.31642 0.0101323 0.0541982 884
0 0.148834 0.371903 0.0146584 0.0756422 900
2 0.0511567 0.503784 0.0729932 0.13572 902
0 0.422624 0.730691 0.0437598 0.220777 909
0 0.394101 0.722318 0.0401709 0.220102 927
0 0.290946 0.482551 0.0192185 0.103362 928
0 0.462411 0.8182 0.0597161 0.26508 934
0 0.358284 0.871917 0.0891849 0.250582 940
0 0.164016 0.919546 0.0758817 0.158108 949
2 0.104191 0.330875 0.0455108 0.0519291 953
0 0.461702 0.594215 0.0538316 0.179675 950
0 0.263201 0.461691 0.0172561 0.10352 957
0 0.861431 0.504989 0.0370469 0.149967 966
0 0.332224 0.720171 0.0457249 0.225001 702
0 0.3461 0.659253 0.0734164 0.210368 971
0 0.284687 0.400694 0.00976947 0.0361111 972
