2 0.133591 0.588194 0.152861 0.187501 902
0 0.142123 0.332356 0.010381 0.0514945 999
2 0.0189904 0.423065 0.0379807 0.105971 1074
0 0.298471 0.506118 0.027443 0.140027 1130
0 0.403501 0.513119 0.0238475 0.137148 928
0 0.253422 0.431258 0.0188341 0.0988903 1060
0 0.953972 0.487882 0.0247051 0.0840854 1179
2 0.052051 0.326226 0.042906 0.046201 1182
0 0.382591 0.518538 0.027725 0.142362 1104
2 0.954687 0.858615 0.0885218 0.167258 1139
0 0.341942 0.508754 0.0231817 0.115082 1155
0 0.130053 0.3289 0.00899975 0.0590505 1192
0 0.942231 0.482233 0.0207067 0.0940561 1163
