2 0.941154 0.621537 0.117692 0.201547 407
0 0.28538 0.475218 0.0224639 0.108769 421
2 0.41749 0.658916 0.253208 0.218108 425
2 0.0341725 0.409655 0.0467858 0.0875465 448
0 0.3871 0.490384 0.0286921 0.116099 515
2 0.0746216 0.345821 0.0498003 0.0611714 546
0 0.335307 0.500754 0.0227184 0.116861 492
0 0.430039 0.499617 0.0266189 0.129143 554
2 0.336717 0.44493 0.0326516 0.062446 548
0 0.314125 0.512852 0.0247345 0.11598 497
2 0.0713313 0.321613 0.0365011 0.0422306 587
0 0.460292 0.518392 0.0265136 0.131666 566
2 0.845161 0.861534 0.166937 0.268316 596
