2 0.102728 0.518947 0.0930291 0.168192 407
0 0.284744 0.477294 0.0229309 0.113024 421
2 0.0245481 0.436042 0.0490963 0.0957186 425
2 0.0793342 0.340335 0.0460197 0.0580086 448
0 0.300586 0.497355 0.0214296 0.100879 497
0 0.383839 0.512167 0.0450733 0.16721 515
2 0.137687 0.304206 0.0306012 0.0433819 546
2 0.156828 0.854129 0.313656 0.280719 549
0 0.327185 0.492276 0.0205339 0.103153 492
0 0.440943 0.523333 0.0228939 0.131177 554
2 0.336721 0.443969 0.0332788 0.063934 548
2 0.836052 0.624014 0.100836 0.236023 558
2 0.937605 0.850311 0.111369 0.244402 564
0 0.58095 0.554038 0.0250416 0.107202 566
