0 0.393099 0.524041 0.0366965 0.175514 515
0 0.45704 0.527776 0.0238878 0.154151 702
0 0.429339 0.513195 0.0249689 0.152777 701
7 0.26821 0.427054 0.109447 0.0916656 787
0 0.147752 0.356381 0.0130619 0.064479 845
0 0.520975 0.519895 0.0321325 0.162984 863
0 0.330142 0.752064 0.0563492 0.233348 870
0 0.290347 0.474373 0.0234133 0.106397 874
0 0.13181 0.383854 0.0113875 0.0702214 877
0 0.140602 0.308764 0.010377 0.0364425 884
0 0.343752 0.486036 0.0125228 0.0990208 886
0 0.950089 0.475599 0.017176 0.10296 885
