0 0.376585 0.591737 0.035834 0.183287 515
0 0.440363 0.575204 0.0328536 0.163582 702
0 0.425638 0.541641 0.0235408 0.157917 701
7 0.269117 0.427356 0.10353 0.0910549 787
0 0.487791 0.604377 0.0350923 0.174914 863
0 0.322601 0.50772 0.0303409 0.125383 870
0 0.290597 0.481979 0.0204175 0.102689 886
0 0.121209 0.352319 0.00822184 0.0556933 894
0 0.142902 0.316668 0.00989571 0.054539 884
0 0.151267 0.414891 0.0174319 0.0860353 900
2 0.048387 0.374642 0.0523469 0.0701936 902
0 0.168598 0.426023 0.0124341 0.0810834 907
0 0.0993029 0.937755 0.0510407 0.12365 909
