0 0.485156 0.546151 0.0375624 0.186734 113
0 0.514083 0.560501 0.0309126 0.161263 226
2 0.336719 0.442379 0.0329786 0.067506 234
0 0.382767 0.651172 0.0450562 0.185851 250
0 0.115424 0.426006 0.0211252 0.0934992 257
0 0.418772 0.654717 0.0357689 0.142632 260
0 0.151659 0.374896 0.014637 0.0790808 266
0 0.435457 0.828484 0.0877719 0.298005 268
0 0.00776583 0.973625 0.0150929 0.0527504 269
0 0.0512986 0.42668 0.0219649 0.0937079 29
0 0.167806 0.376164 0.0162613 0.0780273 278
0 0.0550903 0.3887 0.0124755 0.0685703 261
