2 0.133687 0.588177 0.152863 0.1875 902
0 0.127282 0.346223 0.0104803 0.0551459 999
2 0.0333844 0.379818 0.0530244 0.0860224 1074
0 0.268626 0.482084 0.0206643 0.105462 1081
0 0.292532 0.473276 0.0220492 0.11152 1060
0 0.401923 0.530435 0.037558 0.152855 1104
0 0.357845 0.509481 0.0199757 0.125621 928
0 0.140831 0.319866 0.0105693 0.0550474 1122
0 0.341961 0.510633 0.0258518 0.131605 1130
0 0.954299 0.4882 0.0232157 0.0810754 1129
0 0.321657 0.491959 0.019874 0.105084 1155
0 0.823844 0.494611 0.0311474 0.151728 1163
0 0.939311 0.486556 0.0206399 0.0878625 1117
0 0.763979 0.521605 0.018176 0.140915 1166
0 0.867534 0.518285 0.033016 0.153718 1153
2 0.954687 0.856049 0.0893672 0.169468 1139
