2 0.276854 0.427621 0.11079 0.088165 787
2 0.133787 0.588666 0.153563 0.188922 902
0 0.491242 0.612452 0.0408749 0.211529 940
0 0.432781 0.665405 0.0416804 0.237649 949
2 0.0492381 0.390413 0.0464931 0.0745098 953
0 0.158018 0.807243 0.0724559 0.260247 950
0 0.144061 0.926169 0.0502636 0.146719 971
0 0.141512 0.316673 0.0109631 0.0541875 884
0 0.141577 0.416757 0.0161208 0.0784013 999
0 0.162147 0.405439 0.0143294 0.0657445 894
0 0.392227 0.868929 0.0656263 0.254689 1025
0 0.128244 0.346778 0.0134479 0.0645563 1015
0 0.316415 0.505346 0.0311723 0.135509 957
0 0.0513422 0.947771 0.0482792 0.103823 1031
0 0.436975 0.543584 0.0279742 0.0962127 934
0 0.286214 0.483582 0.0202975 0.102735 1053
0 0.578944 0.55631 0.0274452 0.144599 909
