2 0.29068 0.42987 0.120539 0.0888092 787
2 0.133592 0.588565 0.153136 0.189595 902
0 0.546686 0.563537 0.0319731 0.163916 940
0 0.478553 0.610183 0.036777 0.203473 949
2 0.0445588 0.397066 0.0495109 0.0773274 953
0 0.142827 0.319225 0.00900877 0.0504631 884
0 0.148932 0.395136 0.0138073 0.0722464 999
0 0.460387 0.74277 0.039804 0.228198 1025
0 0.132219 0.338975 0.0117959 0.0601045 1015
0 0.366627 0.521751 0.0341957 0.150646 957
0 0.403926 0.509187 0.028369 0.145035 934
0 0.296446 0.487112 0.0190975 0.105015 1053
0 0.311753 0.485884 0.0177439 0.0987794 928
0 0.449147 0.508279 0.0321952 0.171375 1060
0 0.660242 0.530796 0.0316809 0.147573 1069
0 0.645337 0.511715 0.0229842 0.136021 1071
2 0.142883 0.297991 0.0248348 0.0489335 1074
0 0.0133822 0.898036 0.019283 0.179058 1048
