0 0.170238 0.843892 0.073271 0.300189 515
2 0.277248 0.428481 0.0924923 0.0874841 787
0 0.133794 0.373526 0.0122069 0.0632629 894
0 0.139886 0.360141 0.0117191 0.0674225 900
2 0.0854646 0.5488 0.105657 0.161245 902
0 0.500491 0.638914 0.0427061 0.163958 909
0 0.469003 0.613101 0.0291732 0.112178 927
0 0.293004 0.482083 0.0201493 0.104807 928
0 0.463103 0.717519 0.0449619 0.234854 934
0 0.430492 0.754438 0.0559545 0.281333 940
0 0.32761 0.844244 0.0778166 0.299323 949
2 0.0688917 0.359299 0.0501076 0.0636625 953
0 0.374054 0.645919 0.054235 0.203954 950
0 0.250143 0.823938 0.0574105 0.269563 702
0 0.282895 0.712512 0.0491102 0.200569 971
0 0.276844 0.475684 0.0172472 0.0935757 957
