2 0.280146 0.428533 0.108006 0.0875493 787
2 0.133777 0.587972 0.153472 0.188841 902
0 0.491981 0.609488 0.0425164 0.212395 940
0 0.438194 0.665591 0.040949 0.236384 949
2 0.0485405 0.391028 0.0464636 0.0741313 953
0 0.14947 0.812757 0.0726344 0.25052 950
0 0.134272 0.932318 0.0493977 0.133372 971
0 0.141602 0.31652 0.0108973 0.0539393 884
0 0.142117 0.416693 0.0160307 0.0777603 999
0 0.163903 0.404175 0.014664 0.0708961 894
0 0.40165 0.862372 0.0614736 0.265301 1025
0 0.12833 0.346425 0.0132661 0.0638787 1015
0 0.322794 0.507403 0.033362 0.136761 957
0 0.0410044 0.951454 0.0484626 0.0970912 1031
0 0.434366 0.536812 0.0285149 0.0941893 934
0 0.287168 0.484014 0.0209373 0.101942 1053
0 0.583406 0.565375 0.0238881 0.127172 909
0 0.537059 0.544832 0.0238172 0.0861336 927
