0 0.284831 0.471671 0.0204886 0.100349 421
0 0.395995 0.515964 0.0373226 0.16194 515
2 0.323889 0.627703 0.234127 0.215622 546
0 0.335232 0.487061 0.018197 0.0891747 492
0 0.428485 0.513671 0.0344667 0.15562 554
0 0.316699 0.493735 0.0137885 0.0627551 497
0 0.453128 0.527833 0.0294467 0.153579 566
2 0.058205 0.464956 0.0610601 0.127024 618
2 0.337185 0.442571 0.0346492 0.068146 624
2 0.196245 0.830838 0.39249 0.32322 634
2 0.946754 0.629696 0.106491 0.166475 629
0 0.141239 0.323933 0.0109258 0.0571909 635
