2 0.287525 0.429885 0.114167 0.0889548 787
2 0.133695 0.587848 0.153042 0.188897 902
0 0.527559 0.586275 0.0347348 0.175759 940
0 0.468958 0.626039 0.039676 0.221762 949
2 0.0461239 0.394942 0.0478777 0.0763997 953
0 0.0427205 0.858811 0.0854409 0.261402 950
0 0.142504 0.317328 0.010089 0.0535359 884
0 0.14844 0.402527 0.0149393 0.0736092 999
0 0.444021 0.779732 0.0443231 0.243945 1025
0 0.131436 0.34095 0.0117893 0.0612498 1015
0 0.354984 0.514352 0.0331162 0.14434 957
0 0.417111 0.520896 0.0318574 0.151276 934
0 0.292969 0.48584 0.0189487 0.101944 1053
0 0.311422 0.487169 0.0180553 0.100617 928
0 0.474299 0.496876 0.030805 0.152895 1060
0 0.637694 0.534187 0.0298322 0.150217 1069
