2 0.293489 0.431039 0.118477 0.0861958 787
2 0.133596 0.588534 0.152797 0.188861 902
0 0.58082 0.561704 0.0308699 0.135395 940
0 0.49802 0.59495 0.0354694 0.19545 949
2 0.0415792 0.398661 0.052625 0.0791871 953
0 0.142804 0.317502 0.00943537 0.0524183 884
0 0.145833 0.388715 0.0140965 0.0706299 999
0 0.4809 0.713003 0.0398909 0.225761 1025
0 0.134873 0.337034 0.0105421 0.0584675 1015
0 0.38937 0.534823 0.0310318 0.157988 957
0 0.300017 0.492303 0.0194296 0.106812 1053
0 0.316329 0.490833 0.0178989 0.106136 928
0 0.417919 0.499548 0.030352 0.163398 1060
2 0.131283 0.305287 0.0347373 0.0514331 1074
0 0.375469 0.502917 0.0177159 0.136667 1081
