2 0.290674 0.430099 0.118294 0.0884474 787
2 0.133592 0.588214 0.153706 0.190332 902
0 0.541465 0.571974 0.0350074 0.170006 940
0 0.474326 0.614444 0.0356641 0.201874 949
2 0.0451417 0.396082 0.0485757 0.0763976 953
0 0.0330981 0.881672 0.0661962 0.215432 950
0 0.142818 0.318769 0.00918137 0.0511712 884
0 0.14854 0.399771 0.0144563 0.0750045 999
0 0.454543 0.761419 0.0423957 0.243973 1025
0 0.132473 0.341038 0.0119695 0.0610844 1015
0 0.361363 0.520881 0.0343287 0.145678 957
0 0.409515 0.511608 0.0283897 0.142362 934
0 0.295742 0.48959 0.0182154 0.100208 1053
0 0.311109 0.487281 0.0181071 0.099213 928
0 0.453078 0.509692 0.0335647 0.169782 1060
0 0.649517 0.533652 0.0302335 0.150615 1069
0 0.639004 0.514003 0.023976 0.145312 1071
