2 0.470888 0.625009 0.227778 0.217287 407
0 0.285009 0.476487 0.0245605 0.111328 421
2 0.075069 0.53503 0.095213 0.15261 425
2 0.0528805 0.369358 0.047288 0.0678119 448
0 0.383221 0.477894 0.0313695 0.0949025 515
2 0.112777 0.320597 0.0506052 0.0523118 546
0 0.320532 0.501778 0.0249178 0.123176 492
0 0.431293 0.474557 0.0186613 0.0789459 554
2 0.336321 0.441425 0.0339373 0.0685313 548
0 0.493501 0.489725 0.0192215 0.0756437 566
2 0.132268 0.801869 0.264535 0.352073 574
0 0.306946 0.510325 0.0277524 0.117383 497
