2 0.323399 0.426332 0.056597 0.0706513 787
2 0.13367 0.58842 0.153119 0.187508 902
0 0.124558 0.355413 0.0115734 0.0601728 999
0 0.532916 0.577833 0.0280859 0.154381 1025
2 0.0635847 0.349763 0.0531195 0.0728813 1074
0 0.262849 0.489321 0.0238145 0.116929 1081
2 0.130326 0.295321 0.0426933 0.0420052 1085
0 0.290966 0.484876 0.0239813 0.141167 1060
0 0.412207 0.623561 0.0548843 0.193396 1104
0 0.344484 0.504074 0.0206571 0.121259 928
0 0.14221 0.317193 0.0091716 0.0535517 1122
0 0.322971 0.506015 0.0221806 0.121502 1130
2 0.954672 0.855967 0.0881025 0.168502 1139
0 0.888766 0.513118 0.0280234 0.132574 1129
0 0.875051 0.500864 0.0210179 0.114966 1117
0 0.649463 0.518549 0.0301985 0.147403 957
