0 0.406331 0.526435 0.0315837 0.1736 515
0 0.456238 0.527992 0.0256684 0.155575 702
0 0.430477 0.512469 0.023808 0.155191 701
7 0.27341 0.426345 0.0948301 0.0832053 787
0 0.520313 0.519451 0.0313944 0.163875 863
0 0.376405 0.562672 0.0300943 0.156889 870
0 0.301878 0.481225 0.0189753 0.0990416 886
0 0.162833 0.410694 0.0117996 0.0738305 877
0 0.126705 0.343533 0.00934641 0.0511552 894
0 0.143216 0.318038 0.00934208 0.0504899 884
0 0.801559 0.504193 0.032907 0.149294 885
0 0.171429 0.433907 0.0142071 0.0919367 900
2 0.134182 0.309436 0.0376127 0.0454343 902
0 0.24217 0.434227 0.0158148 0.0787064 898
