2 0.133495 0.588194 0.153292 0.188222 902
2 0.0190663 0.447783 0.0381326 0.129852 1074
0 0.297291 0.495603 0.0238864 0.127239 1130
0 0.435415 0.518068 0.0248876 0.136039 928
2 0.130857 0.295762 0.0451843 0.0389456 1182
0 0.41691 0.530231 0.0310354 0.145401 1104
2 0.954687 0.856913 0.0900374 0.168167 1139
0 0.374736 0.507593 0.0246221 0.124821 1155
0 0.126072 0.332911 0.010238 0.0589482 1192
0 0.92507 0.48274 0.0204835 0.0952337 1174
0 0.147545 0.332986 0.00935833 0.0645833 1219
0 0.786701 0.52147 0.0312596 0.137545 1217
