2 0.133718 0.588259 0.1528 0.187499 902
0 0.125801 0.347888 0.0112988 0.0568859 999
2 0.0383868 0.373526 0.0544826 0.0857313 1074
0 0.2685 0.47769 0.0185761 0.0989348 1081
0 0.291867 0.470215 0.0215227 0.11724 1060
0 0.408581 0.531557 0.0352057 0.156479 1104
0 0.356718 0.508168 0.0208138 0.127086 928
0 0.140725 0.318569 0.0104714 0.0544721 1122
0 0.341861 0.510377 0.0259315 0.132332 1130
0 0.942171 0.489274 0.0223641 0.0819526 1129
0 0.319266 0.488779 0.0193024 0.101921 1155
0 0.929545 0.48488 0.0209494 0.0904451 1117
2 0.95467 0.856053 0.0906609 0.170936 1139
