0 0.285357 0.475561 0.0226877 0.109455 421
2 0.449531 0.653131 0.24515 0.200528 425
2 0.0343392 0.412825 0.0453584 0.0860934 448
0 0.387099 0.494023 0.0314566 0.123926 515
2 0.0730502 0.348013 0.0491084 0.0609603 546
0 0.335237 0.505617 0.0240773 0.126816 492
0 0.429696 0.494178 0.0256132 0.118813 554
2 0.336722 0.445169 0.0328116 0.0624352 548
0 0.313812 0.515376 0.0253173 0.120634 497
2 0.0787426 0.317214 0.0359447 0.0385807 587
0 0.460339 0.508493 0.023329 0.109826 566
2 0.837492 0.865753 0.177739 0.26087 596
