0 0.485156 0.546531 0.0374711 0.186105 113
0 0.514066 0.560442 0.0305852 0.161099 226
2 0.336716 0.441657 0.0336361 0.0680648 234
0 0.400474 0.60099 0.0393133 0.156418 250
0 0.141647 0.41991 0.0185965 0.0920999 257
0 0.435853 0.603126 0.0317834 0.108512 260
0 0.140481 0.358683 0.00989348 0.0500618 266
0 0.419965 0.741407 0.065525 0.275873 268
0 0.0140258 0.435541 0.0202214 0.0962745 29
0 0.153628 0.367814 0.0150563 0.0781312 278
0 0.0690884 0.392319 0.0151776 0.0749956 261
0 0.163798 0.364178 0.01312 0.0716981 285
