0 0.284764 0.477488 0.0222276 0.11332 421
0 0.407792 0.521197 0.0492448 0.172884 515
2 0.558206 0.644846 0.277546 0.20556 546
0 0.43015 0.511243 0.0311343 0.151601 554
0 0.452511 0.517999 0.0312361 0.133134 566
2 0.0969672 0.526356 0.0919079 0.159963 618
2 0.336809 0.441641 0.0341381 0.0695051 624
2 0.0759512 0.775655 0.151902 0.34695 634
0 0.136019 0.325391 0.00981439 0.0584612 635
0 0.328309 0.515945 0.0244062 0.130674 492
0 0.319355 0.522591 0.0263774 0.132985 497
2 0.00607444 0.366463 0.00910831 0.0457559 647
