2 0.133734 0.588897 0.152845 0.187429 902
0 0.125495 0.351084 0.0110865 0.0564668 999
2 0.046497 0.365533 0.0532719 0.080635 1074
0 0.264583 0.482518 0.0177989 0.102851 1081
0 0.288323 0.473416 0.0232146 0.126541 1060
0 0.414293 0.565238 0.0403361 0.163482 1104
0 0.353309 0.507947 0.0191756 0.124103 928
0 0.140046 0.319084 0.00956248 0.0514614 1122
0 0.333414 0.510207 0.0226645 0.12847 1130
0 0.928987 0.48913 0.0212464 0.0831019 1129
0 0.824481 0.520961 0.0349174 0.15563 1153
0 0.312448 0.487839 0.0157533 0.101289 1155
0 0.913736 0.486367 0.0205214 0.0895428 1117
0 0.489031 0.498947 0.0221741 0.0423829 1160
2 0.954687 0.855488 0.0889427 0.16654 1139
