0 0.0294467 0.921424 0.0588933 0.157152 515
2 0.275947 0.424282 0.0918311 0.0803702 787
2 0.127094 0.582643 0.14432 0.183558 902
0 0.544696 0.581689 0.0258699 0.151629 909
0 0.51969 0.57998 0.0310785 0.159308 927
0 0.474775 0.655154 0.0468029 0.24484 940
0 0.4008 0.714572 0.0475313 0.269058 949
2 0.0521508 0.384625 0.0476013 0.0734749 953
0 0.251227 0.735059 0.0546345 0.246473 950
0 0.116091 0.941828 0.0560573 0.116344 702
0 0.209058 0.873047 0.057919 0.253604 971
0 0.142049 0.316422 0.0101063 0.0534882 884
0 0.142793 0.427802 0.0161384 0.0832532 999
0 0.153987 0.396787 0.013961 0.0576682 894
0 0.318184 0.916573 0.06882 0.164193 1025
0 0.129439 0.351116 0.0129299 0.0659897 1015
0 0.28652 0.497111 0.0270059 0.123066 957
0 0.121626 0.893796 0.0605436 0.170435 1031
0 0.636745 0.500255 0.0320686 0.165757 1036
0 0.441037 0.618908 0.0310688 0.177087 934
0 0.304442 0.482973 0.0203459 0.100067 928
