0 0.280812 0.703062 0.0525768 0.224584 515
2 0.276673 0.429051 0.0926652 0.0877606 787
0 0.123668 0.362379 0.00979243 0.06257 894
0 0.143491 0.316827 0.0102151 0.0544623 884
0 0.149993 0.376915 0.0154099 0.0782874 900
2 0.0430905 0.486533 0.0643498 0.125885 902
0 0.390721 0.765981 0.0562881 0.240363 909
0 0.360501 0.753479 0.0443592 0.233712 927
0 0.288915 0.483352 0.0188966 0.101397 928
0 0.456167 0.85554 0.0724156 0.264853 934
0 0.323334 0.899523 0.0905022 0.198138 940
0 0.102864 0.946419 0.0494232 0.106801 949
2 0.119775 0.319546 0.0358488 0.0471404 953
0 0.494978 0.572616 0.0561474 0.17494 950
0 0.261583 0.452641 0.0224623 0.108172 957
0 0.897538 0.481606 0.0227627 0.0984349 941
0 0.364537 0.594804 0.0280464 0.100917 952
0 0.889531 0.505625 0.0406095 0.146528 966
0 0.355493 0.632329 0.0255163 0.0852058 863
