0 0.142583 0.411207 0.0141956 0.092623 29
0 0.485144 0.544952 0.0347472 0.187552 113
2 0.0833188 0.836289 0.166638 0.307335 120
5 0.0568931 0.310132 0.0620626 0.0896438 128
2 0.33672 0.444381 0.0330091 0.0652289 115
2 0.816106 0.867877 0.225494 0.253455 132
0 0.426724 0.526655 0.0290328 0.133578 82
0 0.413034 0.541305 0.028686 0.124488 4
0 0.513367 0.561682 0.0336391 0.162802 140
2 0.106307 0.332367 0.0418259 0.0519451 143
2 0.15746 0.285154 0.0343369 0.0397205 111
2 0.66253 0.868311 0.467315 0.252755 149
