2 0.531168 0.652061 0.280327 0.23866 327
2 0.0412427 0.500616 0.0779501 0.181322 362
2 0.0455806 0.393045 0.0427268 0.0871094 407
0 0.286308 0.477158 0.0228103 0.112591 421
2 0.0652941 0.356274 0.0417532 0.0606498 425
2 0.817353 0.894252 0.230884 0.205838 308
2 0.337446 0.441952 0.0320172 0.0666032 451
2 0.116037 0.320462 0.0506721 0.0508553 448
0 0.113136 0.349136 0.0100455 0.0627311 434
0 0.323139 0.47427 0.0171636 0.0957009 492
0 0.313511 0.47974 0.018444 0.0944679 497
2 0.674844 0.891528 0.49375 0.209722 510
