2 0.133663 0.588192 0.152906 0.18744 902
0 0.134451 0.338637 0.0103909 0.0534614 999
2 0.0236976 0.402139 0.0473953 0.0966736 1074
0 0.300122 0.477562 0.0177613 0.101133 1081
0 0.136445 0.314659 0.00836724 0.040615 1122
0 0.334758 0.525089 0.0278517 0.148458 1130
0 0.674544 0.530722 0.0307391 0.146208 1173
0 0.892866 0.493321 0.0292068 0.144364 1163
0 0.375353 0.510597 0.0213769 0.128736 928
0 0.276731 0.448646 0.0191865 0.10851 1060
0 0.82513 0.512103 0.0236807 0.14222 1174
0 0.915607 0.487988 0.0256554 0.0880608 1179
2 0.00647484 0.357295 0.00997819 0.0361775 1182
0 0.357423 0.513978 0.0276526 0.129119 1104
