5 0.185653 0.23283 0.0631261 0.0819849 1
5 0.0672493 0.470833 0.105454 0.24175 3
0 0.325931 0.499362 0.0231131 0.107023 4
0 0.312807 0.501993 0.0152365 0.0956971 6
0 0.142879 0.414715 0.0134632 0.0844858 29
2 0.0827733 0.316974 0.0448647 0.0455664 32
2 0.299874 0.436211 0.109236 0.0875663 2
2 0.556362 0.882562 0.393899 0.234876 40
2 0.018375 0.351732 0.0277548 0.0605614 50
2 0.401131 0.891555 0.123909 0.202936 51
2 0.761448 0.877269 0.195067 0.23524 24
2 0.143281 0.305972 0.0172484 0.0413889 57
