0 0.305247 0.639064 0.0374653 0.129205 515
2 0.276785 0.428504 0.0915817 0.0876649 787
0 0.394629 0.681215 0.0499915 0.212703 863
0 0.252324 0.490236 0.0226112 0.10908 870
0 0.121508 0.36016 0.00799925 0.0597865 894
0 0.143419 0.318658 0.00887516 0.0504695 884
0 0.152558 0.385039 0.0156682 0.0772731 900
2 0.0345682 0.464526 0.0566468 0.114968 902
0 0.343821 0.794106 0.0541698 0.235216 909
0 0.314578 0.788621 0.0457431 0.230877 927
0 0.289449 0.482637 0.0205067 0.101396 928
0 0.423486 0.892991 0.0884896 0.210845 934
0 0.264238 0.934594 0.0784331 0.127956 940
0 0.923246 0.482262 0.0221216 0.0972704 941
0 0.02991 0.967149 0.0228234 0.065702 949
2 0.138546 0.305726 0.0249833 0.0416506 953
0 0.53774 0.561675 0.0681177 0.130606 950
