2 0.28579 0.429912 0.110551 0.0883967 787
2 0.1337 0.587502 0.153094 0.188905 902
0 0.518421 0.585594 0.0380629 0.191407 940
0 0.461588 0.635925 0.0389249 0.21486 949
2 0.0471784 0.39384 0.0476825 0.0764123 953
0 0.076648 0.846663 0.0847581 0.240723 950
0 0.068542 0.962297 0.0407975 0.075405 971
0 0.141793 0.317024 0.0105857 0.0541768 884
0 0.146481 0.408871 0.0150758 0.0758738 999
0 0.172812 0.415485 0.0126949 0.0701848 894
0 0.433774 0.804122 0.0485718 0.257406 1025
0 0.130549 0.343273 0.0121869 0.0619909 1015
0 0.344592 0.511878 0.0317383 0.143134 957
0 0.422215 0.536478 0.0378035 0.16216 934
0 0.290373 0.485157 0.0192974 0.102071 1053
0 0.310663 0.485509 0.0188421 0.102601 928
0 0.487273 0.512369 0.0368671 0.173205 1060
