0 0.404116 0.524062 0.0341919 0.171754 515
0 0.456243 0.528476 0.0240422 0.154159 702
0 0.429957 0.512351 0.0244144 0.154628 701
2 0.273663 0.427941 0.0950246 0.0877462 787
0 0.173513 0.374519 0.0131002 0.0621941 845
0 0.520321 0.519443 0.0316822 0.163892 863
0 0.373569 0.599805 0.0336728 0.157763 870
0 0.305727 0.482528 0.0201979 0.100178 886
0 0.16075 0.395414 0.0150614 0.0882237 877
0 0.13249 0.339267 0.00970886 0.0508159 894
0 0.144367 0.316153 0.0103966 0.0555186 884
0 0.841943 0.499447 0.0286213 0.14448 885
0 0.242531 0.437495 0.0146358 0.0749984 898
