2 0.294309 0.430932 0.118937 0.0867407 787
2 0.133594 0.58843 0.152894 0.188865 902
0 0.581404 0.566294 0.0294638 0.127633 940
0 0.503403 0.582785 0.0321246 0.171942 949
2 0.0405426 0.399304 0.0536464 0.0796941 953
0 0.142821 0.317629 0.00927119 0.0520412 884
0 0.145055 0.388799 0.0142379 0.070116 999
0 0.483925 0.711474 0.0401857 0.230918 1025
0 0.135053 0.336327 0.0103556 0.0575617 1015
0 0.396432 0.536679 0.0309562 0.155076 957
0 0.300366 0.491468 0.0196872 0.108829 1053
0 0.316627 0.490795 0.0179306 0.107505 928
0 0.414026 0.498557 0.0295056 0.161034 1060
2 0.128946 0.308007 0.0385388 0.0530877 1074
0 0.373768 0.504659 0.0179752 0.136063 1081
2 0.0925226 0.22642 0.0432991 0.036048 1084
