2 0.133747 0.588418 0.152548 0.187041 902
0 0.128757 0.344257 0.0110313 0.0554726 999
2 0.0284784 0.386111 0.0528349 0.0895105 1074
0 0.275831 0.477699 0.0180305 0.100205 1081
0 0.287422 0.467546 0.0214881 0.114831 1060
0 0.381777 0.524002 0.0346423 0.150478 1104
0 0.366173 0.518417 0.0199348 0.105107 928
0 0.139297 0.321947 0.0104314 0.0541649 1122
0 0.343224 0.510442 0.026369 0.132847 1130
0 0.963507 0.487712 0.0194069 0.080949 1129
0 0.324255 0.495321 0.0193944 0.102814 1155
0 0.842544 0.495878 0.0315303 0.145239 1163
0 0.876588 0.520227 0.035202 0.153422 1153
2 0.954687 0.856039 0.0893991 0.170489 1139
0 0.638406 0.534371 0.0290187 0.144966 1173
5 0.337788 0.432833 0.0337688 0.0484351 787
0 0.789978 0.518189 0.0196274 0.150267 1174
0 0.952931 0.485719 0.0192741 0.0846176 1117
