2 0.919227 0.635631 0.161546 0.22374 327
2 0.108987 0.552157 0.144674 0.219493 362
2 0.0434855 0.423062 0.0553778 0.0954616 407
0 0.285758 0.47696 0.0219812 0.11366 421
2 0.0486595 0.366259 0.0417524 0.0536023 425
2 0.108699 0.323554 0.0504238 0.0522308 448
0 0.340151 0.48782 0.018661 0.0943698 492
0 0.32376 0.488217 0.0190282 0.0910318 497
2 0.148101 0.846561 0.296202 0.294662 514
0 0.453269 0.522323 0.053235 0.170014 515
0 0.125731 0.339529 0.0111713 0.0592896 533
0 0.682011 0.525254 0.0167949 0.154076 524
