2 0.1629 0.559193 0.129232 0.192614 407
0 0.284709 0.47711 0.0210098 0.112558 421
2 0.0276591 0.460445 0.0547213 0.110357 425
2 0.0725988 0.347027 0.0495371 0.0613705 448
0 0.296916 0.502048 0.0199701 0.104294 497
0 0.383334 0.514291 0.0362486 0.170703 515
2 0.134276 0.307289 0.0351216 0.0458796 546
0 0.321919 0.497773 0.0201077 0.102781 492
0 0.429867 0.512831 0.0267269 0.151517 554
2 0.834928 0.818053 0.166483 0.21897 564
2 0.908771 0.612075 0.182459 0.225656 362
2 0.336455 0.443042 0.0340114 0.0652848 548
0 0.547604 0.552306 0.0169816 0.112886 568
2 0.0155469 0.794167 0.0302145 0.123611 569
