2 0.133592 0.588193 0.152836 0.187501 902
0 0.142872 0.330615 0.0105579 0.052909 999
2 0.0187556 0.428138 0.0375113 0.111708 1074
0 0.297552 0.505988 0.0281395 0.143536 1130
0 0.409245 0.515061 0.0248342 0.138915 928
0 0.250042 0.430741 0.0193163 0.0958085 1060
0 0.958619 0.487236 0.0241145 0.0838745 1179
2 0.0636234 0.320949 0.0436034 0.0439907 1182
0 0.387486 0.522522 0.0287183 0.147419 1104
2 0.954586 0.858319 0.0908271 0.171905 1139
0 0.34374 0.507957 0.0233139 0.117034 1155
0 0.129705 0.329227 0.00924573 0.0584035 1192
0 0.948468 0.476464 0.0233316 0.103 1163
0 0.888557 0.49337 0.0210526 0.113289 1174
