0 0.2848 0.477772 0.0228117 0.113922 421
2 0.562921 0.646687 0.271804 0.20462 448
0 0.395876 0.522822 0.0333647 0.174647 515
2 0.101791 0.532702 0.103858 0.163592 546
0 0.338608 0.513282 0.0255116 0.126437 492
0 0.429801 0.512526 0.0343869 0.157228 554
0 0.319516 0.521947 0.0263274 0.126674 497
0 0.455373 0.522648 0.0270509 0.142421 566
2 0.0530229 0.396351 0.0499765 0.0832273 618
2 0.101218 0.305311 0.0401237 0.0461062 623
2 0.336815 0.443757 0.0334891 0.0652906 624
2 0.850991 0.84248 0.201737 0.304045 625
