0 0.398382 0.523916 0.033594 0.172237 515
0 0.456232 0.528152 0.0237548 0.154807 702
0 0.429166 0.513204 0.0244315 0.152763 701
7 0.275352 0.42779 0.0965624 0.0888367 787
0 0.16731 0.369938 0.0136174 0.066709 845
0 0.519909 0.519443 0.0312468 0.163892 863
0 0.372376 0.626303 0.0393095 0.180214 870
0 0.310276 0.48165 0.0224854 0.102411 886
0 0.154635 0.389775 0.0144079 0.0869008 877
0 0.137623 0.337443 0.00918177 0.049399 894
0 0.143694 0.315293 0.0113504 0.0524917 884
0 0.869424 0.499548 0.0279898 0.142348 885
