2 0.133759 0.588893 0.152827 0.187498 902
0 0.125378 0.351232 0.0112474 0.0567182 999
2 0.0426279 0.368891 0.0534827 0.0820261 1074
0 0.267946 0.482212 0.0184675 0.105012 1081
0 0.289897 0.474065 0.02147 0.116616 1060
0 0.416157 0.550464 0.0386487 0.167462 1104
0 0.355381 0.508095 0.0198609 0.121753 928
0 0.140124 0.319174 0.00983558 0.0518371 1122
0 0.3383 0.510391 0.0232564 0.127932 1130
0 0.935919 0.489405 0.0213217 0.0833557 1129
0 0.837728 0.517986 0.0338464 0.154073 1153
0 0.316834 0.48764 0.0180727 0.101233 1155
0 0.921891 0.485382 0.0202384 0.0901686 1117
