0 0.224292 0.739457 0.0511344 0.19382 515
2 0.277279 0.428456 0.0921372 0.0867801 787
0 0.126882 0.366432 0.0117029 0.0651459 894
0 0.143502 0.366756 0.0133883 0.0707536 900
2 0.0662263 0.525922 0.0870268 0.14672 902
0 0.468474 0.640639 0.0251014 0.103371 909
0 0.431058 0.683748 0.036028 0.195729 927
0 0.293515 0.482877 0.0197161 0.102758 928
0 0.471758 0.760419 0.0495252 0.241744 934
0 0.404972 0.838887 0.0795418 0.311823 940
0 0.255417 0.887474 0.0829283 0.221579 949
2 0.0823646 0.344888 0.0475024 0.0564471 953
0 0.419176 0.574321 0.0342725 0.107912 950
0 0.301744 0.76885 0.0536371 0.255939 702
0 0.307602 0.645831 0.0437363 0.14483 971
0 0.824994 0.503615 0.0372571 0.155144 966
0 0.277912 0.723433 0.0282629 0.21776 974
0 0.271098 0.472684 0.0184892 0.0966268 957
2 0.29945 0.417361 0.0360918 0.0267072 977
0 0.143455 0.311223 0.00851019 0.0425583 884
