2 0.133475 0.588205 0.15293 0.1875 902
0 0.14611 0.326336 0.00913486 0.0486219 999
2 0.0183811 0.439697 0.0367622 0.11832 1074
0 0.296536 0.497554 0.02566 0.137109 1130
0 0.421329 0.515882 0.0217861 0.136263 928
0 0.241501 0.422261 0.0180313 0.0954994 1060
2 0.103289 0.304201 0.046132 0.0418844 1182
0 0.404363 0.52672 0.0269768 0.141994 1104
2 0.954687 0.858322 0.0904025 0.169436 1139
0 0.356626 0.510314 0.0232938 0.119319 1155
0 0.127819 0.332882 0.00996801 0.0561218 1192
0 0.909966 0.483734 0.0204428 0.094062 1174
0 0.761546 0.520649 0.0159666 0.133309 1213
