2 0.302645 0.429764 0.102708 0.08363 787
2 0.133653 0.588191 0.15245 0.18746 902
0 0.558404 0.564103 0.0331775 0.136984 949
2 0.0301374 0.41168 0.0602748 0.0812948 953
0 0.125755 0.377432 0.0132749 0.0674164 999
0 0.500947 0.641573 0.0338922 0.158246 1025
0 0.468683 0.540193 0.0356173 0.153456 957
0 0.300314 0.495266 0.0188828 0.112849 1053
2 0.102994 0.32269 0.0512279 0.062538 1074
0 0.313609 0.504282 0.0258778 0.13179 1081
2 0.0224221 0.343335 0.0315973 0.0539772 1085
0 0.353472 0.503133 0.0338489 0.157671 1060
0 0.14076 0.330814 0.0108729 0.0568859 1015
0 0.647614 0.527635 0.023833 0.169315 1099
0 0.122656 0.916631 0.081958 0.163687 1104
2 0.0722021 0.232741 0.0484374 0.0455204 1084
0 0.325619 0.492642 0.0172921 0.106197 928
