2 0.179521 0.580832 0.190905 0.240905 362
2 0.0477027 0.436923 0.0565015 0.112961 407
0 0.285544 0.476389 0.0220011 0.112723 421
2 0.0406545 0.38669 0.0548247 0.0774948 425
2 0.102522 0.32597 0.0457486 0.0513909 448
0 0.340951 0.494575 0.017508 0.0853098 492
0 0.322867 0.49173 0.0177928 0.0861482 497
2 0.0448462 0.761519 0.0896923 0.208953 514
0 0.421974 0.511442 0.0425309 0.163537 515
0 0.128826 0.335455 0.0109813 0.0590058 533
0 0.679637 0.523794 0.0172905 0.153372 524
0 0.52179 0.532913 0.0395658 0.15044 531
