0 0.298653 0.666541 0.0491863 0.166108 515
2 0.276363 0.429011 0.0917922 0.0874475 787
0 0.383691 0.678311 0.0498388 0.211685 863
0 0.250842 0.490005 0.0226513 0.106133 870
0 0.121852 0.360369 0.00821453 0.06088 894
0 0.143357 0.318647 0.00891349 0.0499665 884
0 0.152308 0.384816 0.0154364 0.07635 900
2 0.0364078 0.468897 0.0577349 0.116993 902
0 0.359736 0.790013 0.0554079 0.238347 909
0 0.330261 0.782668 0.0461922 0.234402 927
0 0.289077 0.482953 0.0205216 0.102026 928
0 0.431513 0.883313 0.0868992 0.230587 934
0 0.276332 0.923782 0.085952 0.148022 940
0 0.0417232 0.962755 0.0290107 0.0744895 949
2 0.136303 0.308231 0.0269255 0.0436805 953
0 0.528373 0.555716 0.0684169 0.148162 950
0 0.255758 0.435084 0.0164216 0.0731069 957
