0 0.215501 0.771225 0.0639152 0.250915 515
2 0.277321 0.428461 0.0925892 0.0872434 787
0 0.127732 0.369376 0.0116571 0.065443 894
0 0.142987 0.36696 0.0133271 0.070924 900
2 0.0686403 0.52968 0.090102 0.149304 902
0 0.473138 0.635222 0.0262358 0.092121 909
0 0.433142 0.682865 0.0369031 0.195824 927
0 0.293802 0.482882 0.019647 0.102539 928
0 0.471439 0.756662 0.0506247 0.250322 934
0 0.410015 0.82498 0.07311 0.305305 940
0 0.267704 0.879516 0.081967 0.237 949
2 0.0800013 0.347227 0.0464927 0.0562421 953
0 0.407233 0.59401 0.0454502 0.134046 950
0 0.294949 0.77191 0.0525695 0.251154 702
0 0.303677 0.665761 0.0526428 0.174998 971
0 0.820301 0.502192 0.0360905 0.159481 966
0 0.27155 0.472982 0.0202161 0.0965804 957
2 0.300019 0.416828 0.0354327 0.0259573 977
0 0.143452 0.311325 0.00899092 0.0427607 884
