0 0.234736 0.7549 0.0651271 0.261924 515
2 0.277015 0.428951 0.0921322 0.0870399 787
0 0.125134 0.366323 0.0113477 0.0620226 894
0 0.143577 0.314978 0.00959546 0.0509705 884
0 0.146598 0.371412 0.0140143 0.0735926 900
2 0.0587844 0.515894 0.081468 0.14426 902
0 0.442639 0.720178 0.0437713 0.224628 909
0 0.41458 0.697903 0.0346408 0.197686 927
0 0.292375 0.482053 0.0194533 0.104482 928
0 0.466178 0.791197 0.0527042 0.260323 934
0 0.385636 0.850032 0.0847659 0.292911 940
0 0.210898 0.897446 0.0845093 0.200719 949
2 0.0925163 0.338529 0.0465391 0.053716 953
0 0.443827 0.587069 0.038266 0.142703 950
0 0.267145 0.467329 0.0170079 0.0996891 957
0 0.315838 0.734925 0.0487712 0.240278 702
0 0.335385 0.664965 0.0601967 0.191921 971
0 0.29228 0.718271 0.0295481 0.219987 974
0 0.84766 0.501898 0.0361259 0.154791 966
