2 0.119632 0.587972 0.162119 0.21391 327
2 0.0317285 0.482215 0.0631247 0.166753 362
2 0.0526368 0.377098 0.0420078 0.0784319 407
0 0.279689 0.481903 0.0211563 0.120684 421
2 0.0757218 0.349937 0.0379998 0.0571253 425
2 0.932814 0.898649 0.134139 0.188004 308
2 0.337111 0.440274 0.0337989 0.0701649 451
0 0.258584 0.442058 0.0119068 0.0663352 464
2 0.126845 0.315126 0.0448505 0.0494239 448
0 0.244252 0.444069 0.0143068 0.0744606 471
0 0.113037 0.365403 0.0111518 0.0736844 434
0 0.811936 0.526118 0.0194441 0.12347 477
