2 0.188661 0.571924 0.14337 0.20113 407
0 0.284761 0.477651 0.0207913 0.11273 421
2 0.030236 0.468364 0.0564917 0.114714 425
2 0.0699762 0.349791 0.0504764 0.0633196 448
0 0.296874 0.502812 0.0200545 0.105751 497
0 0.381979 0.515162 0.0353501 0.169762 515
2 0.132055 0.308216 0.0370049 0.0465285 546
0 0.318508 0.494843 0.0218839 0.109168 492
0 0.428827 0.511821 0.027695 0.152732 554
2 0.799594 0.857813 0.207576 0.276056 564
2 0.336194 0.443014 0.03393 0.0653294 548
2 0.95072 0.608526 0.0985598 0.219019 558
2 0.648125 0.858194 0.476273 0.275278 572
0 0.53803 0.554491 0.030617 0.109122 566
