0 0.284772 0.476143 0.0238135 0.110138 421
2 0.0387432 0.453305 0.0546653 0.113967 448
0 0.387481 0.519559 0.0352948 0.175248 515
2 0.0522436 0.374616 0.0456658 0.0673631 546
0 0.33956 0.510179 0.0240465 0.132785 492
0 0.4273 0.514684 0.0318323 0.154203 554
0 0.313765 0.51605 0.0230897 0.121374 497
2 0.141252 0.291246 0.0364521 0.0359241 587
0 0.458549 0.527922 0.0264517 0.151758 566
2 0.192456 0.836895 0.384912 0.312532 606
2 0.872172 0.662568 0.255656 0.209245 425
2 0.336516 0.443836 0.0332741 0.0612765 548
