0 0.14277 0.411763 0.0138742 0.0903627 29
2 0.146759 0.286595 0.0346367 0.0399764 111
0 0.484455 0.545447 0.0348338 0.187329 113
2 0.0951084 0.84094 0.190217 0.307219 120
5 0.0509975 0.312923 0.0610024 0.0909912 128
2 0.336721 0.443762 0.0328157 0.0652328 115
2 0.826461 0.865177 0.238756 0.261216 132
0 0.426454 0.524194 0.0275863 0.133177 82
0 0.410898 0.539345 0.0275203 0.126725 4
0 0.513958 0.561713 0.0346372 0.162902 140
2 0.111718 0.327966 0.0400385 0.052062 143
2 0.689018 0.866185 0.476325 0.259296 149
