2 0.406671 0.651253 0.269329 0.246429 327
2 0.0367804 0.492073 0.0720497 0.174531 362
2 0.0477449 0.388146 0.0424705 0.0832063 407
0 0.286611 0.474421 0.0229721 0.108468 421
2 0.0687174 0.355209 0.0394032 0.0603932 425
2 0.846146 0.882451 0.24835 0.223993 308
2 0.336851 0.440276 0.0335335 0.0703934 451
2 0.117914 0.319057 0.0499924 0.0508566 448
0 0.111312 0.350263 0.0100105 0.0608422 434
0 0.640485 0.536896 0.0313766 0.158671 487
0 0.313629 0.465634 0.0189069 0.0991116 492
0 0.304219 0.47321 0.015262 0.0899203 497
