0 0.117781 0.881224 0.0691326 0.23349 515
2 0.276565 0.424878 0.0898697 0.0813051 787
2 0.105147 0.566476 0.122932 0.172454 902
0 0.518309 0.617768 0.0361968 0.160709 909
0 0.491226 0.623335 0.0322639 0.175006 927
0 0.300739 0.481882 0.0196424 0.0989515 928
0 0.457299 0.708204 0.0530187 0.286075 940
0 0.364548 0.789229 0.0608819 0.294459 949
2 0.0592719 0.372451 0.0476632 0.0662906 953
0 0.321112 0.675964 0.0577342 0.223025 950
0 0.207546 0.882399 0.05876 0.233343 702
0 0.250239 0.776414 0.0543806 0.250756 971
0 0.142955 0.313714 0.00944732 0.0461236 884
0 0.163351 0.445458 0.0167441 0.0896215 999
0 0.142471 0.378558 0.0141981 0.0677787 894
0 0.176152 0.973889 0.0316618 0.0522222 1025
0 0.134248 0.35434 0.0174229 0.0668247 1015
0 0.275314 0.484601 0.0251139 0.109602 957
