2 0.436078 0.618545 0.279692 0.248054 362
2 0.0631365 0.471582 0.0664067 0.142622 407
0 0.285938 0.468242 0.0257293 0.0966526 421
2 0.0286967 0.408771 0.0520831 0.0849655 425
2 0.0909818 0.333049 0.0462561 0.0556017 448
0 0.312333 0.474487 0.0166529 0.0515979 497
0 0.386288 0.466782 0.0240871 0.0596854 515
0 0.138903 0.331397 0.0109085 0.0578396 533
0 0.641995 0.528305 0.0264943 0.144213 524
2 0.14192 0.301304 0.0229699 0.0425447 546
2 0.39755 0.896884 0.175009 0.192479 549
0 0.335717 0.46958 0.015228 0.0526827 492
