2 0.109162 0.524795 0.0973709 0.171728 407
0 0.2846 0.476985 0.0222068 0.111463 421
2 0.0246033 0.438709 0.0492067 0.0970277 425
2 0.0786052 0.341154 0.0461646 0.0580388 448
0 0.298815 0.497877 0.0208112 0.100458 497
0 0.384667 0.511889 0.0426646 0.167154 515
2 0.137119 0.30527 0.0320302 0.0450763 546
2 0.143727 0.847847 0.287454 0.293279 549
0 0.326587 0.490491 0.0201188 0.102861 492
0 0.43585 0.517835 0.0257423 0.142174 554
2 0.336718 0.444327 0.0333713 0.0640515 548
2 0.913262 0.84319 0.129464 0.279458 564
2 0.853621 0.623787 0.267159 0.239103 362
