2 0.497607 0.626845 0.231938 0.21836 407
0 0.284966 0.476228 0.0241475 0.110807 421
2 0.082183 0.540222 0.0994818 0.155106 425
2 0.0518243 0.370469 0.0487298 0.0706452 448
0 0.384171 0.499978 0.0444587 0.139787 515
2 0.110842 0.321711 0.0500948 0.0518083 546
0 0.321024 0.503945 0.0235921 0.124454 492
0 0.431551 0.476933 0.020537 0.083 554
2 0.336497 0.441069 0.0341051 0.0692454 548
0 0.491203 0.485204 0.0176907 0.0665645 566
2 0.116652 0.784724 0.233304 0.338374 574
0 0.307093 0.51061 0.0261966 0.117008 497
