0 0.30781 0.628599 0.0335451 0.126233 515
0 0.37306 0.65116 0.032532 0.187927 702
7 0.276986 0.428772 0.0916983 0.087951 787
0 0.396353 0.679636 0.0484813 0.211768 863
0 0.253027 0.490469 0.0224452 0.111217 870
0 0.121675 0.360517 0.00803056 0.0597214 894
0 0.143413 0.318412 0.00899755 0.0508281 884
0 0.152876 0.385891 0.0158428 0.078146 900
2 0.0343301 0.460775 0.05588 0.113476 902
0 0.33699 0.806116 0.0579196 0.244349 909
0 0.306651 0.79864 0.0470066 0.233913 927
0 0.289447 0.482637 0.0204678 0.101399 928
0 0.418415 0.898472 0.0869167 0.19769 934
0 0.254172 0.940306 0.0731673 0.116525 940
0 0.925833 0.481771 0.0226421 0.0993393 941
0 0.0210299 0.968991 0.0194575 0.0620184 949
0 0.539609 0.5564 0.0810688 0.144313 950
