2 0.324431 0.426393 0.0554125 0.0693696 787
2 0.133692 0.588699 0.153042 0.187588 902
0 0.124306 0.355245 0.0116348 0.05975 999
0 0.536964 0.573103 0.0307823 0.144717 1025
2 0.0596561 0.353485 0.0539326 0.0758259 1074
0 0.262075 0.485391 0.0217769 0.112579 1081
2 0.138099 0.290066 0.0384037 0.0401623 1085
0 0.292613 0.483552 0.0230179 0.133202 1060
0 0.418275 0.612355 0.0540375 0.182151 1104
0 0.346363 0.504156 0.0211002 0.11921 928
0 0.141557 0.318348 0.00877975 0.0514439 1122
0 0.324224 0.507775 0.0225234 0.124277 1130
2 0.95468 0.855458 0.0878946 0.16727 1139
0 0.901728 0.490738 0.0199274 0.0809742 1129
0 0.885703 0.505771 0.0242694 0.127757 1117
0 0.795781 0.523611 0.0246582 0.154722 1153
0 0.66199 0.524726 0.030707 0.149993 957
