0 0.323451 0.654197 0.045352 0.218426 515
0 0.397667 0.633199 0.0338029 0.192732 702
7 0.276905 0.428394 0.0937524 0.0888208 787
0 0.421983 0.664878 0.0411499 0.208615 863
0 0.261462 0.494017 0.0227846 0.113196 870
0 0.121507 0.358128 0.00822767 0.0589625 894
0 0.143165 0.318248 0.00926881 0.0510356 884
0 0.152919 0.391824 0.0160144 0.0790041 900
2 0.0295206 0.440761 0.0529301 0.100932 902
0 0.171774 0.445782 0.0114135 0.0699588 907
0 0.293296 0.842917 0.0715393 0.248872 909
0 0.265822 0.829921 0.0549426 0.23777 927
0 0.289456 0.482905 0.0193974 0.101434 928
0 0.381723 0.933637 0.0681164 0.128032 934
0 0.185051 0.971184 0.036289 0.0576313 940
0 0.950052 0.482424 0.0200708 0.0936224 941
