2 0.323227 0.426279 0.0565302 0.070549 787
2 0.133684 0.588507 0.153106 0.187507 902
0 0.124371 0.355139 0.0115608 0.0597982 999
0 0.534727 0.578311 0.0292866 0.154966 1025
2 0.0629179 0.35054 0.0533406 0.0734349 1074
0 0.263158 0.489441 0.0239492 0.11769 1081
2 0.13152 0.294619 0.0421711 0.0415094 1085
0 0.291225 0.485576 0.0238469 0.139586 1060
0 0.413614 0.618997 0.0533163 0.184966 1104
0 0.344585 0.503489 0.0207767 0.121526 928
0 0.142191 0.317536 0.00907979 0.0530462 1122
0 0.323427 0.506179 0.0220944 0.121125 1130
2 0.954674 0.856136 0.088037 0.168175 1139
0 0.889586 0.513355 0.0282183 0.131906 1129
0 0.652426 0.518221 0.0292552 0.143178 957
