0 0.284762 0.477334 0.0228696 0.111608 421
0 0.401631 0.523461 0.0434671 0.173348 515
0 0.433054 0.512158 0.0294455 0.153534 554
0 0.455554 0.530006 0.0324314 0.156943 566
2 0.720815 0.664189 0.296853 0.219936 618
2 0.337109 0.44097 0.0335601 0.0694486 624
0 0.130179 0.327592 0.0101918 0.0573344 635
2 0.125236 0.813456 0.250472 0.358555 657
0 0.326912 0.526606 0.0239479 0.126065 492
2 0.104014 0.317616 0.0516199 0.0735254 662
0 0.302395 0.524278 0.0236048 0.137789 497
2 0.622906 0.663932 0.213728 0.216536 668
