0 0.399312 0.553711 0.0329273 0.168025 515
0 0.453844 0.547462 0.0267001 0.154576 702
0 0.428078 0.52154 0.0239485 0.14905 701
7 0.276292 0.428253 0.0946921 0.0880788 787
0 0.511858 0.548329 0.032635 0.163726 863
0 0.356414 0.515856 0.0270701 0.132023 870
0 0.291871 0.48332 0.022132 0.101551 886
0 0.121652 0.349733 0.0092519 0.0535024 894
0 0.143128 0.317182 0.00992611 0.0538434 884
0 0.157116 0.424997 0.0180233 0.0914103 900
2 0.0769407 0.346015 0.0492273 0.0569486 902
0 0.246965 0.432313 0.019922 0.0906513 898
0 0.167812 0.420436 0.00924099 0.0731907 907
