2 0.544372 0.653697 0.281822 0.238962 327
2 0.0418571 0.501338 0.0787351 0.181891 362
2 0.0454552 0.394128 0.0417275 0.0851636 407
0 0.28631 0.477152 0.0227573 0.112579 421
2 0.064943 0.356294 0.0415467 0.0600513 425
2 0.810087 0.894693 0.22485 0.203304 308
2 0.337761 0.441811 0.0322885 0.0674554 451
2 0.115948 0.320635 0.0509295 0.050966 448
0 0.113146 0.349216 0.00985034 0.062589 434
0 0.324348 0.474577 0.0174191 0.0980586 492
0 0.314408 0.480507 0.018835 0.0948027 497
2 0.65991 0.89217 0.491446 0.208652 510
