0 0.400047 0.523836 0.033586 0.172231 515
0 0.456387 0.528482 0.0238663 0.154146 702
0 0.4293 0.512972 0.024407 0.153224 701
2 0.275849 0.428332 0.0960998 0.0890286 787
0 0.169649 0.372493 0.0131417 0.0649323 845
0 0.519915 0.519444 0.0312463 0.163892 863
0 0.375987 0.612362 0.0363292 0.165084 870
0 0.309078 0.481739 0.0229199 0.102577 886
0 0.157023 0.39247 0.0141042 0.0881163 877
0 0.134348 0.337281 0.00934498 0.0500449 894
0 0.144389 0.316426 0.0106506 0.0538908 884
0 0.856562 0.500314 0.0287844 0.140389 885
