2 0.133622 0.588188 0.152928 0.18751 902
0 0.131714 0.340854 0.0108999 0.0551214 999
2 0.0251313 0.39462 0.0502625 0.0926192 1074
0 0.28776 0.477002 0.0174977 0.101497 1081
0 0.137312 0.322006 0.0106181 0.0549224 1122
0 0.35372 0.513008 0.0247385 0.133794 1130
0 0.326137 0.49323 0.0222617 0.112245 1155
0 0.899196 0.519284 0.0316769 0.147832 1153
0 0.654856 0.53292 0.0278663 0.14937 1173
0 0.86782 0.494603 0.0306693 0.1455 1163
0 0.371572 0.505008 0.0214935 0.12451 928
0 0.281477 0.451862 0.0179751 0.098117 1060
0 0.808114 0.514125 0.0215177 0.145276 1174
