2 0.286013 0.429906 0.111436 0.088757 787
2 0.133699 0.587502 0.153083 0.188903 902
0 0.520908 0.582687 0.037647 0.190238 940
0 0.463157 0.633683 0.0384537 0.212799 949
2 0.0469693 0.394292 0.0477111 0.0764094 953
0 0.0704173 0.85318 0.0882007 0.250247 950
0 0.141799 0.317248 0.0105438 0.054172 884
0 0.147241 0.408377 0.0152527 0.0761774 999
0 0.173156 0.416081 0.0119226 0.0684675 894
0 0.435833 0.796702 0.0468675 0.249739 1025
0 0.130676 0.342846 0.0120008 0.061378 1015
0 0.345182 0.512371 0.0315748 0.144068 957
0 0.421284 0.532481 0.0365755 0.159819 934
0 0.290757 0.485334 0.0189881 0.101628 1053
0 0.310675 0.485875 0.0187429 0.102964 928
0 0.487659 0.511828 0.0366773 0.172657 1060
0 0.612344 0.476667 0.0270906 0.0602778 1066
