0 0.262688 0.729883 0.0610038 0.238299 515
2 0.276793 0.428859 0.0922662 0.0870294 787
0 0.123866 0.3689 0.00932222 0.0540688 894
0 0.143648 0.316653 0.0101527 0.0542127 884
0 0.148967 0.372022 0.0149053 0.0768524 900
2 0.0502765 0.502181 0.0724471 0.13545 902
0 0.419791 0.73421 0.0442657 0.220725 909
0 0.391672 0.72565 0.0404812 0.22119 927
0 0.291041 0.482447 0.0189384 0.10173 928
0 0.461905 0.826758 0.0631517 0.276233 934
0 0.355425 0.873683 0.0891708 0.24714 940
0 0.156798 0.920536 0.0752831 0.156197 949
2 0.105629 0.329834 0.0457212 0.0524871 953
0 0.463174 0.594604 0.0546493 0.178872 950
0 0.263486 0.457366 0.0185416 0.109529 957
0 0.864929 0.505347 0.0366379 0.149563 966
0 0.335506 0.716143 0.0450096 0.222127 702
0 0.348068 0.657193 0.0729982 0.206119 971
