0 0.392975 0.524294 0.0367561 0.17501 515
0 0.45705 0.527863 0.023819 0.154328 702
0 0.429047 0.513195 0.0249741 0.152777 701
7 0.267984 0.427136 0.109828 0.0917246 787
0 0.148138 0.357124 0.0128977 0.0635922 845
0 0.521105 0.519905 0.0322989 0.163305 863
0 0.331362 0.74089 0.0551828 0.232386 870
0 0.286319 0.47522 0.0226392 0.105999 874
0 0.132599 0.384145 0.0114243 0.0695005 877
0 0.141307 0.311309 0.00880834 0.0306565 884
0 0.343158 0.48768 0.0137502 0.0972842 886
0 0.946992 0.476276 0.0178495 0.103723 885
