0 0.0431406 0.915987 0.0632821 0.166136 515
2 0.276543 0.425138 0.0919691 0.0814511 787
2 0.123311 0.579572 0.138824 0.179085 902
0 0.533495 0.590617 0.0287285 0.157754 909
0 0.511601 0.591803 0.0305436 0.159677 927
0 0.471121 0.669523 0.0457855 0.244623 940
0 0.392758 0.71877 0.0478066 0.259064 949
2 0.0536661 0.382303 0.0461345 0.0699372 953
0 0.262914 0.724824 0.0597969 0.248341 950
0 0.142362 0.925199 0.0600031 0.147463 702
0 0.216609 0.858975 0.0649408 0.277753 971
0 0.142115 0.316761 0.0101502 0.0545572 884
0 0.146397 0.434211 0.0162814 0.0843997 999
0 0.150662 0.385965 0.0161294 0.0647959 894
0 0.291918 0.932752 0.0648734 0.134194 1025
0 0.130844 0.352259 0.0132822 0.0648744 1015
0 0.28517 0.495261 0.0277503 0.121253 957
0 0.138035 0.849076 0.0424871 0.113808 1031
0 0.653127 0.503385 0.0336337 0.162957 1036
0 0.441582 0.628313 0.0316093 0.191474 934
0 0.301246 0.484078 0.0197151 0.101662 928
