0 0.346514 0.631489 0.0439966 0.200421 515
0 0.423659 0.61776 0.032045 0.171439 702
2 0.277885 0.428801 0.0962968 0.0861497 787
0 0.45253 0.632154 0.0380295 0.18772 863
0 0.285612 0.50154 0.0274291 0.121251 870
0 0.121915 0.358014 0.00798562 0.0503779 894
0 0.143172 0.31919 0.00902252 0.0491299 884
0 0.150929 0.406868 0.0170992 0.085178 900
2 0.0316235 0.409177 0.0524016 0.0848347 902
0 0.166665 0.431504 0.0135444 0.0837359 907
0 0.204509 0.890699 0.0741659 0.214128 909
0 0.635738 0.509416 0.0286468 0.151568 921
0 0.180174 0.887348 0.0452714 0.219425 927
