0 0.284763 0.477498 0.0222676 0.113342 421
0 0.406895 0.519468 0.0483322 0.169319 515
2 0.549257 0.646799 0.284906 0.210877 546
0 0.428793 0.510233 0.0311606 0.149436 554
0 0.452771 0.515659 0.0303042 0.128343 566
2 0.092958 0.522084 0.0891794 0.158231 618
2 0.336982 0.441637 0.0341961 0.0695126 624
2 0.0862059 0.780763 0.172412 0.369093 634
0 0.136357 0.325054 0.00975307 0.0579223 635
0 0.330504 0.514805 0.0236686 0.128817 492
0 0.319227 0.524845 0.0255081 0.128863 497
2 0.00486877 0.367917 0.00858669 0.0434722 647
