0 0.166867 0.850349 0.0732311 0.292443 515
2 0.277701 0.428469 0.0915972 0.0862411 787
0 0.134655 0.372957 0.0124363 0.0648298 894
0 0.13864 0.357267 0.0114403 0.0656154 900
2 0.0873128 0.550795 0.107523 0.162635 902
0 0.502618 0.633964 0.0400766 0.155523 909
0 0.473766 0.636897 0.0411557 0.16422 927
0 0.292955 0.48148 0.0201008 0.104284 928
0 0.462895 0.703971 0.0417996 0.22049 934
0 0.432713 0.752258 0.0561501 0.283744 940
0 0.336389 0.842192 0.078738 0.301346 949
2 0.0676006 0.360969 0.0491707 0.0633048 953
0 0.366607 0.645205 0.0522592 0.204444 950
0 0.24725 0.836231 0.0584562 0.276733 702
0 0.279188 0.727117 0.0543526 0.228742 971
0 0.29197 0.394661 0.00876652 0.0445064 995
0 0.278259 0.476333 0.0174788 0.0947569 957
0 0.258695 0.464592 0.0136427 0.0910822 980
0 0.770871 0.506012 0.0382998 0.16338 966
0 0.143332 0.311055 0.0100395 0.0416991 884
