2 0.455146 0.64301 0.263237 0.227713 327
2 0.0383824 0.496606 0.0749534 0.179172 362
2 0.0465995 0.389659 0.0425561 0.0844918 407
0 0.286651 0.47572 0.0235941 0.113271 421
2 0.0667514 0.355496 0.0400055 0.0599253 425
2 0.840767 0.887324 0.246923 0.21436 308
2 0.336826 0.440277 0.0340626 0.0708239 451
2 0.117211 0.319449 0.0505549 0.0514098 448
0 0.112045 0.349124 0.0102891 0.0613138 434
0 0.636585 0.533726 0.0267456 0.152337 487
0 0.315981 0.466685 0.0168487 0.0967246 492
0 0.308337 0.477544 0.0153652 0.0840587 497
