2 0.119336 0.587728 0.162353 0.214337 327
2 0.0316346 0.482257 0.0632692 0.167292 362
2 0.052751 0.377139 0.0420639 0.0786323 407
0 0.279066 0.483393 0.0223936 0.12158 421
2 0.0757118 0.34984 0.0382011 0.0570627 425
2 0.932706 0.898319 0.134589 0.188871 308
2 0.337111 0.440271 0.0337989 0.0699678 451
0 0.257577 0.434425 0.0134517 0.0781913 464
2 0.126715 0.315233 0.0447355 0.0499467 448
0 0.242754 0.439281 0.0140635 0.0770575 471
0 0.113394 0.366325 0.0111194 0.073461 434
0 0.815784 0.523441 0.0199184 0.127947 477
