2 0.292053 0.430575 0.120105 0.0874795 787
2 0.133593 0.588558 0.153144 0.189581 902
0 0.556838 0.55828 0.0375697 0.171864 940
0 0.484577 0.599955 0.0352338 0.187185 949
2 0.0437466 0.397298 0.0504196 0.0778274 953
0 0.142837 0.318002 0.00958192 0.0543415 884
0 0.14858 0.393382 0.0144056 0.0721768 999
0 0.468556 0.74052 0.041884 0.23643 1025
0 0.133061 0.338664 0.0111562 0.059669 1015
0 0.375318 0.527144 0.0318557 0.152144 957
0 0.399111 0.509421 0.0284412 0.141994 934
0 0.297639 0.487834 0.0193476 0.105514 1053
0 0.313469 0.490074 0.0188246 0.106321 928
0 0.435157 0.507456 0.0325015 0.171987 1060
0 0.672947 0.526876 0.0311773 0.147742 1069
0 0.656387 0.51227 0.0262854 0.142086 1071
2 0.13851 0.300933 0.0284309 0.0530681 1074
0 0.0128212 0.910123 0.0216413 0.147099 1048
0 0.0127598 0.947605 0.0219726 0.0732006 1075
