0 0.174174 0.834073 0.0723672 0.298968 515
2 0.276556 0.428568 0.0921372 0.0873223 787
0 0.13304 0.373114 0.0120357 0.062691 894
0 0.141469 0.362088 0.0121447 0.0689506 900
2 0.0836179 0.547324 0.103912 0.159923 902
0 0.499331 0.647116 0.0456351 0.172215 909
0 0.465659 0.609947 0.024089 0.0976653 927
0 0.293031 0.481912 0.0202084 0.10515 928
0 0.462789 0.723751 0.0464152 0.239544 934
0 0.428337 0.760898 0.0562164 0.281089 940
0 0.319786 0.847595 0.0769248 0.293826 949
2 0.0701672 0.358124 0.0500702 0.0627854 953
0 0.377856 0.645153 0.0555027 0.204217 950
0 0.255683 0.814822 0.0555718 0.260367 702
0 0.284322 0.702643 0.0472143 0.193953 971
0 0.275391 0.475638 0.0172966 0.0932486 957
0 0.780061 0.501693 0.0379629 0.160939 966
