2 0.310991 0.428599 0.0866771 0.079041 787
2 0.133767 0.58842 0.152496 0.187044 902
2 0.0184264 0.414615 0.0368528 0.064068 953
0 0.122595 0.370174 0.0118119 0.0659644 999
0 0.50794 0.622547 0.03415 0.169344 1025
0 0.527699 0.541561 0.0331267 0.132319 957
2 0.089476 0.332018 0.0502379 0.0637703 1074
0 0.288748 0.501695 0.0251221 0.128789 1081
2 0.0494363 0.329356 0.0453406 0.0527612 1085
0 0.313135 0.499076 0.0293995 0.152643 1060
0 0.269401 0.848389 0.100886 0.287696 1104
2 0.054186 0.240771 0.0416794 0.0444428 1084
0 0.248776 0.462162 0.0136482 0.0813092 1112
0 0.331901 0.499419 0.0163322 0.112079 928
0 0.800228 0.513801 0.0272256 0.143911 1117
0 0.615078 0.471875 0.02418 0.0645833 1118
