2 0.327503 0.437104 0.0475792 0.0593517 787
2 0.133758 0.588883 0.152867 0.187524 902
0 0.125228 0.352327 0.01129 0.0582554 999
0 0.56159 0.564752 0.0271123 0.125252 1025
2 0.0492333 0.361832 0.0539386 0.0804792 1074
0 0.262832 0.48204 0.0186219 0.108148 1081
0 0.288886 0.475599 0.0228238 0.124569 1060
0 0.415481 0.567452 0.0404458 0.159366 1104
0 0.350757 0.506991 0.0193182 0.118484 928
0 0.140334 0.318692 0.00932837 0.0518228 1122
0 0.331365 0.510456 0.0224886 0.126302 1130
0 0.922429 0.489534 0.0212627 0.0829047 1129
0 0.818143 0.520453 0.0315651 0.157896 1153
0 0.308176 0.483286 0.0126004 0.101567 1155
0 0.908501 0.485924 0.0199459 0.0898688 1117
0 0.489453 0.499042 0.022138 0.042194 1160
2 0.954686 0.855976 0.0887472 0.166707 1139
