0 0.113314 0.883647 0.0728887 0.230252 515
2 0.27643 0.425427 0.0908181 0.0818877 787
2 0.106846 0.568124 0.124854 0.173723 902
0 0.520408 0.614128 0.03584 0.165112 909
0 0.494559 0.619771 0.0323759 0.177518 927
0 0.301132 0.481838 0.0194931 0.098654 928
0 0.458059 0.708791 0.0520605 0.283549 940
0 0.366412 0.780968 0.0590379 0.294592 949
2 0.0585141 0.373854 0.0475549 0.0665418 953
0 0.315243 0.683122 0.0571428 0.224847 950
0 0.202361 0.884624 0.0611548 0.225081 702
0 0.249252 0.777434 0.0520985 0.246618 971
0 0.142954 0.314698 0.00966387 0.0480405 884
0 0.160074 0.442562 0.0168264 0.0880404 999
0 0.143678 0.380366 0.0140799 0.0665816 894
0 0.189336 0.969898 0.0361546 0.0598268 1025
0 0.13419 0.354526 0.01672 0.0671417 1015
2 0.300018 0.418482 0.0405869 0.0277778 1028
0 0.275636 0.487144 0.0255139 0.112783 957
0 0.319317 0.40455 0.0135711 0.0562633 995
