0 0.402171 0.523739 0.0342318 0.172226 515
0 0.45624 0.528478 0.0239654 0.154154 702
0 0.429796 0.516781 0.0235512 0.145708 701
2 0.27564 0.427792 0.094215 0.0875215 787
0 0.17145 0.373111 0.0134397 0.0643912 845
0 0.520325 0.519447 0.0315108 0.163885 863
0 0.37423 0.607614 0.0362538 0.169218 870
0 0.306493 0.481916 0.0209729 0.100406 886
0 0.157835 0.398158 0.0127929 0.0773059 877
0 0.133091 0.331838 0.00720332 0.0357483 894
0 0.144582 0.316837 0.0102321 0.0538347 884
0 0.241746 0.436681 0.0146356 0.0753422 898
