0 0.191449 0.818087 0.0711877 0.285762 515
2 0.277083 0.428472 0.0926726 0.0873244 787
0 0.131863 0.372247 0.0116392 0.062132 894
0 0.141132 0.362441 0.0129317 0.0686083 900
2 0.0800563 0.543006 0.10101 0.158301 902
0 0.494612 0.652628 0.0467296 0.163864 909
0 0.455449 0.628686 0.0235287 0.116645 927
0 0.293511 0.482404 0.0200388 0.104109 928
0 0.464187 0.727898 0.0474111 0.237223 934
0 0.425395 0.789389 0.0624 0.305961 940
0 0.311548 0.857687 0.0791788 0.27806 949
2 0.0746308 0.356073 0.0495577 0.0604375 953
0 0.382794 0.63639 0.057252 0.201081 950
0 0.262102 0.812213 0.0571621 0.26501 702
0 0.291142 0.679277 0.042322 0.163891 971
0 0.143176 0.310634 0.00994056 0.0415086 884
0 0.269889 0.476523 0.0204594 0.0969704 957
