2 0.30733 0.429676 0.0979795 0.0814974 787
2 0.133756 0.588192 0.152563 0.187471 902
0 0.564292 0.549332 0.0405052 0.161296 949
2 0.0291804 0.413116 0.0583608 0.0807184 953
0 0.124102 0.375958 0.0133105 0.0691806 999
0 0.501736 0.637618 0.0337465 0.15874 1025
0 0.475791 0.538534 0.0378246 0.155333 957
2 0.100659 0.324004 0.0504484 0.0619317 1074
0 0.308095 0.503489 0.0241358 0.131065 1081
2 0.0249366 0.341612 0.036159 0.0543605 1085
0 0.346178 0.50325 0.0338946 0.15419 1060
0 0.141544 0.330892 0.0105903 0.0565259 1015
0 0.651177 0.528847 0.0266865 0.165889 1099
0 0.150334 0.911412 0.0842645 0.174167 1104
2 0.070282 0.234756 0.0468738 0.0466675 1084
0 0.326552 0.494465 0.0180565 0.111085 928
0 0.764512 0.516513 0.0171762 0.154146 1103
2 0.290231 0.410418 0.0681023 0.0445269 1088
