2 0.119336 0.587497 0.161778 0.213851 327
2 0.0316892 0.481945 0.0629396 0.166646 362
2 0.0530716 0.37666 0.0428221 0.0800241 407
0 0.275031 0.484109 0.0247662 0.123502 421
2 0.0759692 0.349416 0.0383609 0.0569559 425
0 0.117172 0.370049 0.0110813 0.0717312 434
2 0.93282 0.897194 0.132837 0.186031 308
2 0.337116 0.440255 0.0336237 0.0694481 451
0 0.253154 0.427689 0.0150774 0.0835591 464
2 0.125067 0.314722 0.0429143 0.0502202 448
0 0.236345 0.433173 0.0151203 0.0855941 471
0 0.782643 0.500323 0.0314465 0.15059 432
