0 0.335295 0.629807 0.0444991 0.205224 515
0 0.413598 0.624695 0.0338357 0.179181 702
2 0.2763 0.427688 0.0963571 0.0889493 787
0 0.443634 0.640851 0.0416153 0.19791 863
0 0.271179 0.499601 0.0261986 0.118305 870
0 0.121471 0.358449 0.00797187 0.0503142 894
0 0.143169 0.318521 0.00929201 0.0504462 884
0 0.152527 0.398224 0.0163372 0.081928 900
2 0.0294587 0.421351 0.0516523 0.0896264 902
0 0.16757 0.4352 0.0135822 0.0850153 907
0 0.241331 0.878894 0.0785561 0.235852 909
0 0.210323 0.871459 0.0510299 0.24291 927
0 0.289792 0.482716 0.0181445 0.0998334 928
