0 0.284762 0.477106 0.0228033 0.111152 421
0 0.401996 0.523534 0.0439371 0.173475 515
0 0.432695 0.512137 0.0298368 0.153627 554
0 0.455559 0.530363 0.0330408 0.157018 566
2 0.699303 0.664755 0.299336 0.223116 618
2 0.337103 0.44097 0.033564 0.0694641 624
0 0.130029 0.327911 0.0101484 0.0566971 635
2 0.132445 0.818641 0.264891 0.35196 657
0 0.326558 0.527607 0.0243504 0.126191 492
2 0.104012 0.317586 0.0494786 0.0707249 662
0 0.30233 0.524212 0.023819 0.137701 497
7 0.611875 0.665764 0.208256 0.209306 668
