0 0.140469 0.865426 0.0674234 0.264283 515
2 0.278821 0.42824 0.0937189 0.0862487 787
2 0.0970185 0.559857 0.116457 0.168917 902
0 0.51025 0.623231 0.0388366 0.163482 909
0 0.483277 0.636392 0.0359038 0.187079 927
0 0.296879 0.481746 0.0201121 0.103797 928
0 0.462344 0.689465 0.0353529 0.220849 934
0 0.450065 0.728651 0.0527504 0.278841 940
0 0.352859 0.80319 0.0682732 0.285232 949
2 0.0625843 0.367461 0.0481644 0.065112 953
0 0.332956 0.632158 0.0418012 0.142808 950
0 0.222865 0.864554 0.0557732 0.261256 702
0 0.254146 0.748582 0.0555689 0.243835 971
0 0.143359 0.313914 0.00986721 0.0448393 884
0 0.169697 0.447276 0.014588 0.0913778 999
0 0.274676 0.476379 0.0217758 0.0986605 957
0 0.303604 0.399136 0.00932525 0.0447488 995
0 0.138922 0.382209 0.0122721 0.0595464 894
