2 0.406487 0.622461 0.279292 0.256746 362
2 0.0606539 0.468752 0.0638108 0.136797 407
0 0.285894 0.459892 0.0218452 0.0795131 421
2 0.029612 0.40627 0.0516424 0.0827606 425
2 0.092082 0.33264 0.0463741 0.0554647 448
0 0.313368 0.471363 0.0145279 0.046235 497
0 0.388415 0.467763 0.0221702 0.0605647 515
0 0.13799 0.331648 0.0111219 0.0574533 533
0 0.643385 0.53014 0.0280609 0.151096 524
2 0.795307 0.880724 0.187399 0.22969 542
2 0.142028 0.301282 0.0223442 0.0418638 546
2 0.33671 0.444413 0.0335823 0.0638889 548
