0 0.250069 0.728777 0.0620396 0.241577 515
2 0.276945 0.428555 0.0927973 0.0876396 787
0 0.124041 0.364867 0.0111307 0.0633228 894
0 0.143695 0.316294 0.0101003 0.0539545 884
0 0.148085 0.371855 0.014395 0.0749642 900
2 0.0537472 0.507446 0.0754823 0.137854 902
0 0.431589 0.726866 0.0436273 0.226853 909
0 0.398494 0.71656 0.0389014 0.217338 927
0 0.291326 0.482649 0.0193969 0.104204 928
0 0.465661 0.799009 0.0540782 0.250454 934
0 0.368549 0.866745 0.0883208 0.261587 940
0 0.178394 0.913772 0.0791681 0.169628 949
2 0.0999812 0.333113 0.0464376 0.0526415 953
0 0.45855 0.592048 0.0477812 0.173517 950
0 0.263415 0.465307 0.0159452 0.097624 957
0 0.858256 0.50685 0.0376419 0.14548 966
0 0.326884 0.729672 0.0471061 0.234782 702
0 0.344072 0.661624 0.068427 0.207764 971
