2 0.133701 0.588894 0.15283 0.187497 902
0 0.125339 0.350936 0.0112406 0.0567212 999
2 0.0433666 0.36782 0.0535518 0.081924 1074
0 0.267498 0.482098 0.0181344 0.102928 1081
0 0.289257 0.47516 0.0220459 0.120132 1060
0 0.416404 0.555513 0.040168 0.172688 1104
0 0.355517 0.506903 0.019122 0.118277 928
0 0.140318 0.320571 0.00924959 0.0487542 1122
0 0.337612 0.510295 0.0227984 0.126798 1130
0 0.93441 0.489343 0.0212283 0.0832205 1129
0 0.836039 0.51944 0.0349438 0.156447 1153
0 0.315391 0.487658 0.0176842 0.100689 1155
0 0.920404 0.485568 0.0203067 0.0897633 1117
2 0.954687 0.854461 0.0900197 0.168912 1139
0 0.792109 0.494722 0.0226408 0.15 1163
