0 0.0278697 0.919677 0.0557394 0.160041 515
2 0.275166 0.424727 0.0934658 0.0814053 787
2 0.127718 0.583061 0.145259 0.183976 902
0 0.546085 0.581955 0.0252387 0.152402 909
0 0.522501 0.579574 0.0314458 0.160608 927
0 0.475146 0.655388 0.0473338 0.245542 940
0 0.403326 0.70916 0.0463399 0.264148 949
2 0.0518786 0.384891 0.0473992 0.0737497 953
0 0.246417 0.741141 0.055317 0.243232 950
0 0.10934 0.943003 0.0569292 0.113197 702
0 0.207093 0.875619 0.0568171 0.24753 971
0 0.141948 0.316324 0.010132 0.0533182 884
0 0.142551 0.426249 0.0159127 0.0797575 999
0 0.154681 0.396409 0.0136327 0.0573848 894
0 0.324271 0.914662 0.0679046 0.169633 1025
0 0.129105 0.351293 0.0127444 0.0654867 1015
0 0.289633 0.49802 0.0280465 0.125556 957
0 0.114669 0.891476 0.0519451 0.146007 1031
0 0.628667 0.501068 0.031272 0.16596 1036
0 0.44156 0.613747 0.0316271 0.177265 934
