0 0.28515 0.476195 0.0230899 0.109755 421
2 0.560865 0.662795 0.268481 0.202395 425
2 0.0336296 0.422294 0.0471311 0.0940985 448
0 0.387838 0.519696 0.0403829 0.175905 515
2 0.0661831 0.354719 0.0490346 0.0638303 546
0 0.33499 0.507933 0.0236435 0.12777 492
0 0.429666 0.509706 0.0342001 0.161298 554
2 0.336997 0.44445 0.0331771 0.0624711 548
0 0.314257 0.516171 0.0242468 0.120313 497
2 0.0991452 0.311018 0.0430692 0.040365 587
0 0.458438 0.522632 0.0323951 0.135791 566
2 0.7541 0.878516 0.152233 0.235453 596
