2 0.119335 0.5875 0.161734 0.214574 327
2 0.031734 0.48158 0.0631759 0.167447 362
2 0.0564055 0.370693 0.0427414 0.0772916 407
0 0.301811 0.503308 0.0304373 0.137785 421
2 0.0873204 0.34079 0.0395915 0.0546804 425
0 0.891601 0.497086 0.0297667 0.145253 432
0 0.139525 0.38798 0.0149982 0.0759938 434
2 0.137756 0.30547 0.0279331 0.0460929 448
2 0.932097 0.898637 0.135407 0.188758 308
2 0.336796 0.441703 0.0352517 0.0683654 451
0 0.928075 0.493693 0.0175845 0.0719137 435
0 0.912573 0.497945 0.0211409 0.0647667 444
