2 0.540831 0.634488 0.249393 0.229389 407
0 0.284784 0.476549 0.0240027 0.111445 421
2 0.0901719 0.545442 0.103764 0.156089 425
2 0.0505371 0.372748 0.0483039 0.0708533 448
0 0.385095 0.513304 0.0497512 0.168074 515
2 0.109047 0.323147 0.0497953 0.0514038 546
0 0.321241 0.504926 0.0220632 0.123229 492
0 0.434897 0.487175 0.0269097 0.104316 554
2 0.336523 0.442202 0.033111 0.0671511 548
2 0.101768 0.767574 0.203536 0.324223 574
0 0.307109 0.511463 0.0246974 0.116313 497
2 0.00565674 0.372917 0.0104477 0.0336111 587
0 0.488301 0.484293 0.0183078 0.0668428 566
