0 0.310617 0.641678 0.0395178 0.188698 515
0 0.38878 0.640463 0.036873 0.209011 702
7 0.276845 0.428636 0.0933159 0.0894571 787
0 0.401318 0.669935 0.0419604 0.205593 863
0 0.253748 0.492054 0.0218555 0.109991 870
0 0.121643 0.360557 0.00801173 0.0592474 894
0 0.143153 0.318008 0.00934294 0.0522003 884
0 0.152918 0.390563 0.0161486 0.0799327 900
2 0.0320696 0.453608 0.0537271 0.107305 902
0 0.328149 0.826702 0.0644881 0.257039 909
0 0.296312 0.817352 0.053639 0.251448 927
0 0.289444 0.482637 0.0202179 0.101405 928
0 0.414588 0.907813 0.084225 0.179498 934
0 0.232725 0.946927 0.0656028 0.103674 940
0 0.932812 0.481524 0.0218125 0.099481 941
0 0.00934927 0.97325 0.0138573 0.0521256 949
0 0.556916 0.553118 0.0870398 0.143732 950
2 0.12462 0.207195 0.0245963 0.035872 939
