0 0.485156 0.546539 0.0375241 0.186654 113
0 0.514089 0.560675 0.0307019 0.162433 226
2 0.336785 0.442377 0.0333599 0.0680573 234
0 0.387834 0.64045 0.0454586 0.191751 250
0 0.119965 0.422001 0.01914 0.092864 257
0 0.422737 0.646908 0.0334459 0.140388 260
0 0.148248 0.374199 0.0138184 0.0763256 266
0 0.434069 0.806271 0.0806158 0.297892 268
0 0.00765609 0.973619 0.0151489 0.0527626 269
0 0.044519 0.427695 0.0234454 0.094408 29
0 0.165923 0.375957 0.0166203 0.0778294 278
0 0.0573794 0.388696 0.013285 0.0744692 261
