0 0.399829 0.523618 0.0335053 0.172232 515
0 0.456641 0.528479 0.0238326 0.154152 702
0 0.429299 0.513203 0.0243584 0.152764 701
7 0.274398 0.428025 0.0967431 0.0892947 787
0 0.169106 0.371481 0.0134954 0.0666393 845
0 0.519914 0.519444 0.0312465 0.163893 863
0 0.375664 0.615441 0.036461 0.166221 870
0 0.309574 0.482018 0.0229351 0.102135 886
0 0.156648 0.392419 0.0140837 0.0879519 877
0 0.135107 0.33733 0.00941359 0.0502545 894
0 0.144332 0.316215 0.0109405 0.0545562 884
0 0.860466 0.500182 0.0278374 0.140742 885
