0 0.212343 0.789448 0.0668325 0.273928 515
2 0.277483 0.428463 0.0921637 0.0870253 787
0 0.128376 0.370265 0.0112859 0.0627321 894
0 0.142663 0.366271 0.013089 0.0704197 900
2 0.0706693 0.532503 0.0928252 0.152206 902
0 0.476128 0.638361 0.03196 0.105879 909
0 0.437162 0.67319 0.0340247 0.183202 927
0 0.293802 0.482663 0.0196951 0.102748 928
0 0.470811 0.757142 0.0504538 0.251629 934
0 0.413254 0.809752 0.0688843 0.296088 940
0 0.272551 0.873841 0.0805157 0.245998 949
2 0.079368 0.348665 0.0472593 0.0574149 953
0 0.40271 0.598582 0.0477415 0.139112 950
0 0.291297 0.773041 0.0508396 0.245959 702
0 0.301671 0.67575 0.054854 0.185627 971
0 0.815904 0.507499 0.0319838 0.148463 966
0 0.271674 0.477407 0.0193371 0.0880689 957
0 0.143478 0.311099 0.00906825 0.0420414 884
0 0.264946 0.709767 0.0214137 0.161168 974
