2 0.285925 0.613326 0.246626 0.262646 362
2 0.0522218 0.452567 0.0589264 0.12483 407
0 0.28581 0.456172 0.0169106 0.071563 421
2 0.0341304 0.396019 0.0517394 0.0774598 425
2 0.0958893 0.329399 0.0443593 0.0509295 448
0 0.340645 0.481787 0.0159149 0.0789842 492
0 0.318876 0.475145 0.0126717 0.0581941 497
0 0.401219 0.510138 0.0386542 0.148054 515
0 0.134393 0.33359 0.0119984 0.0606089 533
0 0.662991 0.533745 0.0266389 0.132708 524
0 0.496194 0.527793 0.0409504 0.155025 531
2 0.847165 0.856491 0.201674 0.277226 542
