2 0.270452 0.423821 0.104744 0.0845127 787
2 0.131937 0.58586 0.149366 0.185768 902
0 0.560886 0.562463 0.0235624 0.139783 909
0 0.537753 0.565745 0.0255111 0.128761 927
0 0.480338 0.632168 0.0452397 0.229601 940
0 0.41889 0.686389 0.0456636 0.252074 949
2 0.0502627 0.387549 0.046872 0.075102 953
0 0.201002 0.780953 0.0666299 0.261788 950
0 0.0625223 0.969198 0.0431661 0.0616045 702
0 0.17325 0.900358 0.0576096 0.198898 971
0 0.14145 0.316324 0.0111042 0.0548662 884
0 0.141185 0.421526 0.0163946 0.0794115 999
0 0.158507 0.398991 0.0152457 0.0686546 894
0 0.367163 0.890673 0.0679248 0.215837 1025
0 0.127653 0.349239 0.0134519 0.0660778 1015
0 0.298966 0.501742 0.0303691 0.13418 957
0 0.0827574 0.929 0.0554377 0.142001 1031
0 0.437713 0.593438 0.0303456 0.163527 934
