2 0.935989 0.622442 0.128023 0.203319 407
0 0.285422 0.475002 0.0223195 0.108338 421
2 0.404573 0.659575 0.256352 0.224668 425
2 0.0343654 0.40955 0.0444222 0.0820481 448
0 0.387107 0.490626 0.0279875 0.116414 515
2 0.0760615 0.34508 0.0508625 0.0621041 546
0 0.335316 0.497005 0.0215391 0.109616 492
0 0.430003 0.50495 0.0281304 0.139603 554
2 0.336705 0.444451 0.0325795 0.0624923 548
0 0.314141 0.508222 0.0228819 0.106618 497
2 0.0652579 0.323663 0.0365265 0.0437469 587
0 0.460334 0.523363 0.0281789 0.142897 566
2 0.849126 0.859362 0.159483 0.270957 596
