0 0.333942 0.631485 0.044791 0.207539 515
0 0.412987 0.621586 0.03628 0.194345 702
2 0.277911 0.428428 0.0944016 0.0875859 787
0 0.440579 0.640629 0.041055 0.198178 863
0 0.270673 0.500705 0.0258866 0.117092 870
0 0.121341 0.358492 0.00795441 0.0508509 894
0 0.143167 0.318449 0.00930341 0.0505907 884
0 0.15259 0.397764 0.0160155 0.0800155 900
2 0.0292962 0.422949 0.0518188 0.090776 902
0 0.16804 0.435501 0.0136231 0.0857854 907
0 0.242805 0.876605 0.0788771 0.240827 909
0 0.213407 0.867996 0.0514101 0.243848 927
0 0.290087 0.48243 0.0182798 0.100434 928
0 0.332031 0.970278 0.0343163 0.0594445 934
