2 0.271581 0.42531 0.108682 0.0866024 787
2 0.132285 0.586439 0.149592 0.185332 902
0 0.565244 0.56936 0.0238136 0.126492 909
0 0.539947 0.566883 0.0263702 0.127342 927
0 0.482503 0.632268 0.0445299 0.226646 940
0 0.421037 0.685681 0.0450881 0.250698 949
2 0.0501773 0.387843 0.0465204 0.0746245 953
0 0.196022 0.784333 0.0664775 0.252507 950
0 0.052059 0.97373 0.0389094 0.0525404 702
0 0.166768 0.902046 0.0562127 0.195908 971
0 0.141552 0.316553 0.0109989 0.0542853 884
0 0.140943 0.422409 0.0164649 0.0803721 999
0 0.158478 0.399504 0.0150638 0.0683029 894
0 0.376131 0.887481 0.0692979 0.220415 1025
0 0.127681 0.34956 0.0133507 0.0649178 1015
0 0.30139 0.502864 0.0306326 0.135331 957
0 0.0799053 0.933125 0.0533562 0.133751 1031
0 0.436474 0.586821 0.0298073 0.154743 934
