2 0.287141 0.429892 0.113156 0.0890749 787
2 0.133697 0.587731 0.153056 0.188899 902
0 0.526524 0.584343 0.0348249 0.179243 940
0 0.466899 0.628863 0.0392012 0.218289 949
2 0.0463293 0.394264 0.0477958 0.0764029 953
0 0.0490491 0.857224 0.0887583 0.260722 950
0 0.142108 0.316995 0.0103645 0.0541686 884
0 0.148082 0.405154 0.0148612 0.0731376 999
0 0.441214 0.781275 0.044583 0.241324 1025
0 0.131137 0.341168 0.0118986 0.0612459 1015
0 0.350468 0.513476 0.0319611 0.145828 957
0 0.418599 0.522346 0.0329313 0.151227 934
0 0.291657 0.48634 0.0187256 0.100477 1053
0 0.311295 0.486725 0.0181246 0.101403 928
0 0.480249 0.507367 0.0356569 0.171394 1060
0 0.615833 0.475083 0.0253138 0.0571107 1066
