2 0.172419 0.580535 0.188274 0.241837 362
2 0.0477903 0.435705 0.0559829 0.111115 407
0 0.285561 0.476421 0.0220998 0.113181 421
2 0.0412713 0.386511 0.0558893 0.0782188 425
2 0.102853 0.325642 0.0459594 0.0514375 448
0 0.341164 0.492661 0.0180818 0.0875862 492
0 0.322953 0.491486 0.0178534 0.0867366 497
2 0.0539968 0.771969 0.107994 0.235574 514
0 0.424587 0.511192 0.0428368 0.165646 515
0 0.129174 0.336515 0.0108823 0.0600973 533
0 0.679702 0.52517 0.0168467 0.151402 524
0 0.525196 0.541793 0.03865 0.142234 531
