2 0.86249 0.652879 0.24594 0.234198 327
2 0.0733376 0.530609 0.113652 0.203834 362
2 0.0445609 0.399354 0.0411353 0.0715623 407
0 0.28593 0.476417 0.0220664 0.113916 421
2 0.0571602 0.363579 0.0410976 0.0584863 425
2 0.111535 0.32217 0.0511171 0.0522735 448
0 0.34023 0.482863 0.0188245 0.0951606 492
0 0.324404 0.487016 0.0182001 0.0880404 497
2 0.252631 0.870862 0.355251 0.24518 514
0 0.487793 0.521718 0.0657138 0.172839 515
0 0.120841 0.342851 0.00991429 0.058949 533
0 0.682813 0.530814 0.0190058 0.148728 524
