0 0.371121 0.603379 0.0365843 0.186619 515
0 0.439189 0.592392 0.0339786 0.164853 702
0 0.421785 0.556793 0.0242533 0.168682 701
7 0.275992 0.426678 0.0963316 0.0870643 787
0 0.482044 0.60313 0.0348749 0.178428 863
0 0.310905 0.50635 0.0300245 0.126965 870
0 0.290461 0.482441 0.0200828 0.101835 886
0 0.121328 0.352597 0.0080908 0.0558583 894
0 0.142866 0.316527 0.00996044 0.0548605 884
0 0.15112 0.414712 0.0172605 0.0850779 900
2 0.0441876 0.380888 0.0517075 0.0713912 902
0 0.167732 0.427259 0.0127509 0.0797577 907
0 0.118184 0.929759 0.0608472 0.13806 909
0 0.677706 0.511198 0.0210913 0.154396 921
