0 0.284954 0.477803 0.0222943 0.113926 421
2 0.761395 0.635363 0.258491 0.180306 448
0 0.395131 0.521955 0.0341332 0.175818 515
2 0.138452 0.560437 0.132253 0.180482 546
0 0.338767 0.513564 0.0260017 0.126244 492
0 0.427819 0.513944 0.0335819 0.156909 554
0 0.319699 0.522481 0.0245247 0.126865 497
0 0.452395 0.528823 0.0297531 0.154074 566
2 0.0483936 0.414606 0.0494674 0.0913962 618
2 0.120991 0.296048 0.0406423 0.0439972 623
2 0.337098 0.443753 0.0335723 0.0651305 624
2 0.414552 0.895027 0.127375 0.201064 634
0 0.147167 0.312726 0.00895521 0.0407854 635
2 0.827866 0.649129 0.102736 0.147684 629
