0 0.329552 0.64171 0.0451969 0.213614 515
0 0.408842 0.623338 0.0366124 0.204481 702
2 0.277349 0.42851 0.0935318 0.0876433 787
0 0.432695 0.649605 0.0411182 0.204446 863
0 0.267916 0.498378 0.0250889 0.110852 870
0 0.121356 0.357831 0.00838301 0.0564909 894
0 0.143165 0.318144 0.00933261 0.0512058 884
0 0.152888 0.398559 0.0163344 0.0810564 900
2 0.0290478 0.429447 0.0509882 0.0924042 902
0 0.168736 0.442165 0.0119556 0.0770807 907
0 0.262565 0.864507 0.0769294 0.255734 909
0 0.235378 0.860459 0.0533281 0.248479 927
0 0.289853 0.482594 0.0187998 0.101453 928
0 0.352232 0.951597 0.0543278 0.0950986 934
2 0.130738 0.205658 0.0301549 0.0472893 939
0 0.129315 0.974752 0.0331971 0.050496 940
0 0.961128 0.479802 0.0210858 0.0965102 941
