0 0.391368 0.565462 0.0343505 0.168849 515
0 0.451809 0.552764 0.0269228 0.150201 702
0 0.428791 0.522425 0.0234703 0.146466 701
2 0.273385 0.427962 0.0966394 0.0886049 787
0 0.506192 0.576769 0.0356175 0.173707 863
0 0.342431 0.5104 0.030837 0.129627 870
0 0.290617 0.48264 0.021263 0.102671 886
0 0.121247 0.350274 0.00880957 0.0539531 894
0 0.142962 0.31667 0.010004 0.0542521 884
0 0.153202 0.419366 0.0179612 0.0888269 900
2 0.0657813 0.356098 0.0513955 0.0614762 902
0 0.245079 0.433922 0.0210185 0.0886541 898
0 0.167861 0.420675 0.0112826 0.0820157 907
2 0.299096 0.418056 0.0376061 0.0277778 905
0 0.0226169 0.957238 0.0272296 0.0855242 909
0 0.00755395 0.951735 0.0151079 0.0951677 908
