0 0.485156 0.546531 0.037473 0.186106 113
0 0.514067 0.560424 0.0305685 0.161071 226
2 0.336716 0.441644 0.0338276 0.0685251 234
0 0.401988 0.598873 0.0388484 0.153428 250
0 0.14337 0.420451 0.0189218 0.092284 257
0 0.43617 0.601981 0.0313498 0.107567 260
0 0.139883 0.359311 0.0103244 0.0512741 266
0 0.419494 0.734962 0.0637644 0.268674 268
0 0.0124169 0.436044 0.0206927 0.0969584 29
0 0.153211 0.367584 0.0148844 0.0783385 278
0 0.0695024 0.392191 0.0152274 0.0750768 261
0 0.163425 0.364727 0.0132168 0.0722105 285
