2 0.611176 0.624543 0.288007 0.248537 362
2 0.0796796 0.497147 0.0765001 0.15217 407
0 0.285613 0.476629 0.0249154 0.112975 421
2 0.0251044 0.423514 0.0502087 0.0899567 425
2 0.0834357 0.337052 0.0468919 0.0562673 448
0 0.305995 0.496097 0.0230738 0.097031 497
0 0.382612 0.515893 0.0597327 0.162539 515
0 0.143179 0.330846 0.00979835 0.0535501 533
2 0.139204 0.301887 0.0237137 0.0375806 546
2 0.2666 0.868824 0.31179 0.249066 549
0 0.330928 0.489797 0.0249587 0.105406 492
2 0.33672 0.443377 0.0338543 0.0645713 548
