0 0.404793 0.526563 0.0311414 0.172492 515
0 0.45638 0.529027 0.0253569 0.154296 702
0 0.430471 0.512549 0.0239498 0.154148 701
7 0.276822 0.426924 0.0949693 0.0832854 787
0 0.520313 0.522981 0.0305209 0.156815 863
0 0.378302 0.539221 0.0273573 0.150084 870
0 0.296303 0.482678 0.0200224 0.101384 886
0 0.125104 0.345491 0.00913645 0.051052 894
0 0.143164 0.320357 0.00872041 0.0469424 884
0 0.164502 0.429148 0.0175899 0.0971694 900
2 0.1094 0.325042 0.0455449 0.0506639 902
0 0.778656 0.502337 0.0308217 0.153795 885
