0 0.273484 0.720563 0.0544027 0.229636 515
2 0.276918 0.428712 0.092581 0.0874807 787
0 0.12376 0.36456 0.0104301 0.0628077 894
0 0.143643 0.316865 0.0101881 0.0541977 884
0 0.149577 0.375312 0.0155111 0.0786552 900
2 0.0467474 0.495217 0.0690296 0.132204 902
0 0.410309 0.759762 0.0519023 0.243766 909
0 0.376267 0.740716 0.0409952 0.22187 927
0 0.289834 0.483354 0.0186566 0.10003 928
0 0.461375 0.841848 0.0681278 0.276971 934
0 0.342776 0.883114 0.0924578 0.230874 940
0 0.138635 0.933074 0.0650188 0.131979 949
2 0.113751 0.325154 0.0418219 0.0502453 953
0 0.476135 0.590595 0.0567341 0.182386 950
0 0.262831 0.450246 0.0178456 0.0943035 957
0 0.881258 0.505162 0.0396215 0.150139 966
0 0.344263 0.689007 0.0384071 0.192446 702
