2 0.292989 0.430581 0.120057 0.0874619 787
2 0.133593 0.588553 0.153152 0.189582 902
0 0.563096 0.55542 0.0374927 0.157278 940
0 0.488354 0.599091 0.0352921 0.188913 949
2 0.0428281 0.397821 0.0508127 0.0776427 953
0 0.142678 0.317844 0.00935588 0.0524649 884
0 0.147666 0.393236 0.0147185 0.0729158 999
0 0.471124 0.732268 0.0413193 0.230802 1025
0 0.133732 0.338706 0.0108206 0.0595054 1015
0 0.379803 0.530157 0.0307001 0.149025 957
0 0.391526 0.48587 0.0191809 0.0982105 934
0 0.298543 0.489068 0.0194526 0.10663 1053
0 0.314129 0.491325 0.0185166 0.105879 928
0 0.432755 0.507776 0.0334902 0.168854 1060
0 0.676228 0.524361 0.0304171 0.150243 1069
0 0.66447 0.513292 0.0266879 0.144327 1071
2 0.136809 0.301989 0.0308185 0.0534394 1074
