2 0.133591 0.588168 0.152825 0.1875 902
0 0.126235 0.347437 0.0108961 0.0562397 999
2 0.0357683 0.376144 0.053458 0.0854366 1074
0 0.268937 0.482623 0.0207938 0.105217 1081
0 0.293164 0.470366 0.0218229 0.115917 1060
0 0.404669 0.535499 0.0342676 0.148002 1104
0 0.357649 0.508119 0.0202127 0.128385 928
0 0.140831 0.318605 0.0105534 0.0547321 1122
0 0.342084 0.509367 0.0259019 0.132477 1130
0 0.946706 0.488982 0.023883 0.0825626 1129
0 0.320283 0.491861 0.0206633 0.106125 1155
0 0.813062 0.495032 0.0298576 0.151648 1163
0 0.935135 0.486076 0.0208504 0.0884395 1117
