0 0.285016 0.474593 0.021628 0.106093 421
0 0.406979 0.519172 0.0394804 0.162725 515
0 0.431927 0.510429 0.0296847 0.151368 554
0 0.457055 0.529547 0.0248888 0.154362 566
2 0.342171 0.644369 0.242556 0.230968 618
2 0.337113 0.441301 0.0335842 0.0694466 624
0 0.130512 0.330152 0.00928859 0.0507886 635
2 0.0575871 0.328076 0.0370889 0.0476437 647
2 0.926666 0.633497 0.146668 0.188486 546
2 0.313296 0.876599 0.252845 0.232864 657
0 0.307324 0.492719 0.020249 0.0748115 492
2 0.144115 0.298449 0.0240474 0.0492998 662
