2 0.317184 0.430001 0.0772553 0.0799068 787
2 0.133689 0.588534 0.152781 0.186821 902
0 0.122687 0.363689 0.0113993 0.0644161 999
0 0.513072 0.612333 0.0318256 0.171934 1025
2 0.0780076 0.338415 0.0509171 0.066355 1074
0 0.27171 0.499021 0.0249862 0.123635 1081
2 0.0773594 0.310006 0.0326576 0.0391023 1085
0 0.294883 0.49219 0.0260131 0.147658 1060
0 0.35328 0.730763 0.0654668 0.254574 1104
2 0.0330438 0.243815 0.0305387 0.0275124 1084
0 0.337267 0.500921 0.0197524 0.114211 928
0 0.826889 0.504497 0.0254657 0.132334 1117
0 0.142719 0.318082 0.00905226 0.0512861 1122
0 0.148211 0.319685 0.00755933 0.0427638 1015
0 0.652226 0.513866 0.0383825 0.166716 1128
0 0.83882 0.514824 0.0257544 0.140468 1129
0 0.312498 0.503499 0.0152478 0.116833 1130
