0 0.285152 0.476053 0.0232857 0.110195 421
2 0.660028 0.668122 0.294269 0.215403 425
2 0.0338674 0.429399 0.047106 0.0952407 448
0 0.387486 0.519716 0.0390398 0.176945 515
2 0.0629505 0.358745 0.0488786 0.0656873 546
0 0.337251 0.509154 0.0230664 0.124933 492
0 0.428713 0.514356 0.0322573 0.154992 554
2 0.33674 0.444405 0.0331027 0.0619611 548
0 0.314989 0.51616 0.0238217 0.121185 497
2 0.111008 0.304865 0.0470168 0.0434862 587
0 0.45888 0.529108 0.0335535 0.151143 566
2 0.376336 0.869825 0.169432 0.248643 607
