2 0.27126 0.424566 0.105856 0.084705 787
2 0.132201 0.586122 0.149196 0.185121 902
0 0.564533 0.566635 0.023594 0.131706 909
0 0.539004 0.566545 0.0259383 0.12769 927
0 0.481361 0.63236 0.0450802 0.229107 940
0 0.419687 0.686171 0.0456923 0.252398 949
2 0.0501964 0.387603 0.0468064 0.0750926 953
0 0.198508 0.785456 0.0678139 0.263662 950
0 0.0568107 0.971573 0.0410292 0.056853 702
0 0.169185 0.901672 0.0567194 0.196657 971
0 0.141476 0.316324 0.011036 0.0544488 884
0 0.141004 0.421824 0.0164615 0.0801067 999
0 0.158541 0.399377 0.0151665 0.0684111 894
0 0.372722 0.889297 0.0689116 0.218582 1025
0 0.12767 0.349469 0.0134227 0.0655714 1015
0 0.300279 0.502567 0.0307168 0.135693 957
0 0.0821025 0.931037 0.0538843 0.137927 1031
0 0.437182 0.589219 0.0297777 0.158083 934
