0 0.303708 0.644945 0.0395305 0.132406 515
7 0.276506 0.428477 0.0915726 0.0875142 787
0 0.391937 0.680614 0.0504389 0.214142 863
0 0.252123 0.489703 0.0227239 0.108027 870
0 0.12149 0.359832 0.00801378 0.059901 894
0 0.143513 0.318513 0.00891997 0.0503375 884
0 0.152407 0.384857 0.0156076 0.0770679 900
2 0.0352359 0.466066 0.0568962 0.115528 902
0 0.347052 0.791621 0.0539936 0.237156 909
0 0.317668 0.785735 0.0453374 0.232065 927
0 0.28932 0.482637 0.0204883 0.101396 928
0 0.426279 0.88934 0.0888063 0.218395 934
0 0.268319 0.931327 0.0811551 0.134495 940
0 0.921751 0.482309 0.0217124 0.0967943 941
0 0.0340902 0.966429 0.0244716 0.0671413 949
2 0.13803 0.307003 0.0257733 0.0427474 953
0 0.536376 0.562753 0.0642587 0.128363 950
