2 0.281048 0.428561 0.107388 0.0875369 787
2 0.133766 0.5877 0.153506 0.188943 902
0 0.49335 0.609823 0.0429674 0.211787 940
0 0.439205 0.664811 0.0406533 0.234648 949
2 0.0484919 0.391061 0.0468036 0.0747101 953
0 0.147027 0.814083 0.0730189 0.246508 950
0 0.131186 0.933693 0.0495145 0.130207 971
0 0.141603 0.316618 0.0109256 0.0540822 884
0 0.142307 0.416115 0.0160188 0.0777106 999
0 0.16453 0.40403 0.0146038 0.0714803 894
0 0.403435 0.860883 0.0603935 0.267352 1025
0 0.128394 0.346495 0.0132223 0.0637349 1015
0 0.32269 0.506777 0.0337749 0.138259 957
0 0.0398223 0.952756 0.048086 0.0944882 1031
0 0.433736 0.536407 0.0289569 0.0955681 934
0 0.286602 0.483947 0.021053 0.101747 1053
0 0.583968 0.564937 0.0240142 0.127343 909
0 0.536072 0.543948 0.0257663 0.0859663 927
0 0.306277 0.487517 0.0174138 0.0861846 928
