2 0.627326 0.63398 0.241739 0.223699 407
0 0.285088 0.476584 0.0235057 0.112422 421
2 0.119777 0.569216 0.125385 0.171978 425
2 0.046705 0.378986 0.0476583 0.0721652 448
0 0.38602 0.516217 0.0433625 0.171548 515
2 0.10316 0.326667 0.0497613 0.0517089 546
0 0.323703 0.503663 0.0198681 0.123353 492
0 0.431692 0.513761 0.0346672 0.158064 554
2 0.336437 0.442852 0.0330619 0.0666897 548
2 0.0616006 0.710357 0.123201 0.273125 574
0 0.30968 0.514512 0.0230691 0.119015 497
2 0.0126002 0.364073 0.0183082 0.0546433 587
0 0.47636 0.525168 0.0421867 0.151474 566
