0 0.403812 0.525219 0.0347051 0.17447 515
0 0.456246 0.528475 0.0240078 0.154162 702
0 0.430097 0.512727 0.0238926 0.154056 701
2 0.27599 0.428002 0.0944019 0.0870081 787
0 0.175321 0.374118 0.0132077 0.0617256 845
0 0.520318 0.519443 0.0317715 0.163891 863
0 0.375068 0.594262 0.0342364 0.160733 870
0 0.305232 0.482669 0.0197878 0.0999585 886
0 0.161606 0.398853 0.0145536 0.0859233 877
0 0.131673 0.339259 0.00943519 0.0506684 894
0 0.14436 0.316195 0.0102579 0.0549999 884
0 0.832114 0.500964 0.0299061 0.147393 885
