2 0.669657 0.639214 0.252543 0.23078 407
0 0.285157 0.477116 0.0234053 0.112698 421
2 0.131528 0.575739 0.133571 0.177555 425
2 0.0454137 0.381506 0.0469832 0.0718768 448
0 0.386768 0.516619 0.0415716 0.169985 515
2 0.100941 0.328551 0.0492882 0.0511194 546
0 0.32485 0.503463 0.0197012 0.123401 492
0 0.431345 0.514096 0.0331563 0.157495 554
2 0.336239 0.443068 0.0332701 0.0666399 548
2 0.0478169 0.689123 0.0956337 0.236615 574
0 0.310406 0.515592 0.0230769 0.120582 497
2 0.0151032 0.360675 0.0197738 0.0544466 587
0 0.476001 0.523744 0.0413139 0.150872 566
