2 0.291233 0.430325 0.119766 0.0879543 787
2 0.133593 0.588566 0.153133 0.189586 902
0 0.545715 0.564586 0.0310396 0.16063 940
0 0.480139 0.607782 0.0368019 0.202286 949
2 0.0442347 0.397234 0.0498689 0.0776549 953
0 0.142736 0.319067 0.00910454 0.0512384 884
0 0.149294 0.394435 0.0139615 0.0721464 999
0 0.462028 0.741704 0.0400521 0.229445 1025
0 0.132763 0.338601 0.0117039 0.06027 1015
0 0.368168 0.522229 0.0339171 0.150431 957
0 0.403028 0.509159 0.0282655 0.144574 934
0 0.29682 0.487313 0.0190155 0.104666 1053
0 0.312021 0.486918 0.0178814 0.100496 928
0 0.446968 0.507524 0.0320323 0.172633 1060
0 0.661599 0.52935 0.0313826 0.14583 1069
0 0.647733 0.511229 0.0232585 0.135726 1071
2 0.141658 0.298865 0.0269572 0.0529578 1074
0 0.0134938 0.901372 0.0203597 0.170104 1048
