0 0.168827 0.845802 0.0414936 0.253838 113
0 0.20773 0.900089 0.0582852 0.198564 226
2 0.337109 0.4414 0.0335702 0.0694443 234
0 0.138768 0.330556 0.010798 0.0594086 278
2 0.932772 0.89584 0.132986 0.186098 308
2 0.044044 0.365874 0.0502056 0.0777155 327
0 0.125093 0.343245 0.00916043 0.0492896 333
0 0.342644 0.653622 0.0418595 0.20156 296
2 0.140797 0.300164 0.0261962 0.056255 362
0 0.119932 0.345898 0.0076271 0.0522827 338
0 0.848437 0.537431 0.0235222 0.0959722 367
0 0.867031 0.539861 0.0231783 0.104444 368
0 0.809893 0.49588 0.0307074 0.148548 361
