0 0.080708 0.888921 0.0447301 0.214167 113
0 0.11397 0.94441 0.0475316 0.110455 226
2 0.337109 0.441047 0.0335899 0.0694444 234
0 0.143838 0.327279 0.0111973 0.0583494 278
2 0.932808 0.897007 0.134144 0.185592 308
2 0.024245 0.391731 0.04849 0.0872068 327
0 0.123206 0.34661 0.0117534 0.0591449 333
0 0.364118 0.624035 0.0346127 0.181225 296
2 0.114147 0.315493 0.0479302 0.065706 362
0 0.936368 0.479582 0.0204998 0.09865 369
0 0.260952 0.419355 0.014752 0.0761518 370
0 0.893622 0.522458 0.0247719 0.131653 353
