0 0.485156 0.546536 0.0374511 0.186098 113
0 0.513931 0.560493 0.0309324 0.162345 226
2 0.336736 0.442365 0.0335921 0.0680563 234
0 0.395231 0.614694 0.0389282 0.164687 250
0 0.133298 0.421895 0.0199991 0.0905787 257
0 0.426437 0.61028 0.0284435 0.101278 260
0 0.143952 0.370591 0.0132418 0.0747967 266
0 0.42264 0.754669 0.0677861 0.274442 268
0 0.026612 0.433386 0.0221565 0.0948705 29
0 0.157878 0.37284 0.0161749 0.080398 278
0 0.0638888 0.390312 0.0139093 0.073693 261
0 0.167495 0.368334 0.0129687 0.0716451 285
