0 0.142646 0.411135 0.0144806 0.0919652 29
2 0.122528 0.297839 0.0445624 0.04342 111
0 0.480145 0.543851 0.0384575 0.192302 113
2 0.157356 0.857619 0.314712 0.273667 120
5 0.0296987 0.32783 0.0449287 0.100164 128
2 0.336725 0.4438 0.0329691 0.0665881 115
2 0.848428 0.861781 0.246727 0.266341 132
0 0.403699 0.522509 0.0272441 0.132212 82
0 0.391186 0.534419 0.0253491 0.124746 4
0 0.510637 0.562577 0.0492881 0.164239 140
2 0.872329 0.64762 0.1474 0.210496 142
2 0.138121 0.310009 0.020131 0.0457389 143
