0 0.142438 0.411082 0.0141013 0.0912589 29
2 0.139588 0.283921 0.0290957 0.0271398 111
0 0.483464 0.543956 0.0357371 0.189646 113
2 0.121954 0.848751 0.243908 0.293255 120
5 0.039051 0.319142 0.055484 0.0934478 128
2 0.336725 0.443755 0.0329636 0.0666633 115
2 0.831949 0.864206 0.245596 0.262622 132
0 0.412007 0.522929 0.0253959 0.135918 82
0 0.39814 0.53822 0.0243981 0.126943 4
0 0.511149 0.562172 0.0396333 0.1627 140
2 0.949525 0.636216 0.100949 0.167632 142
2 0.127137 0.318773 0.0302386 0.0496698 143
