2 0.293034 0.430576 0.120059 0.0874691 787
2 0.133593 0.588321 0.15284 0.189123 902
0 0.569921 0.554749 0.0370258 0.15131 940
0 0.491935 0.598303 0.0350121 0.190153 949
2 0.0426312 0.39797 0.0512022 0.0777855 953
0 0.142586 0.317921 0.00942041 0.0524736 884
0 0.147371 0.391353 0.0144536 0.0716975 999
0 0.474646 0.723975 0.0399902 0.223829 1025
0 0.133979 0.3386 0.0107741 0.0596654 1015
0 0.383443 0.523655 0.0348456 0.173462 957
0 0.299273 0.490824 0.0196455 0.107676 1053
0 0.314773 0.491145 0.0182476 0.10594 928
0 0.429936 0.506327 0.0332704 0.16789 1060
2 0.135974 0.303842 0.0328549 0.054321 1074
