2 0.119362 0.5875 0.162374 0.215233 327
2 0.0314163 0.481952 0.0628326 0.167918 362
2 0.054424 0.375406 0.0421093 0.0777877 407
0 0.273131 0.491038 0.0250056 0.128183 421
2 0.0777466 0.347981 0.0386136 0.056022 425
0 0.124606 0.375875 0.0122439 0.0748483 434
2 0.126412 0.31214 0.0434656 0.0477848 448
2 0.93123 0.900014 0.134872 0.190723 308
2 0.336913 0.440963 0.0339886 0.0694744 451
0 0.831498 0.494486 0.0281521 0.143967 432
0 0.244219 0.427917 0.0145531 0.0769444 464
0 0.869144 0.535164 0.0306607 0.139244 457
