0 0.227546 0.735048 0.0496422 0.188138 515
2 0.277138 0.428454 0.0921406 0.0867857 787
0 0.126569 0.365975 0.0116529 0.0646377 894
0 0.143717 0.366703 0.0134773 0.0709374 900
2 0.0652915 0.524365 0.0862751 0.146508 902
0 0.465533 0.64496 0.0255445 0.111584 909
0 0.429136 0.685437 0.0363411 0.199345 927
0 0.293664 0.483273 0.019649 0.102733 928
0 0.471524 0.762527 0.0495128 0.240588 934
0 0.40281 0.840741 0.080381 0.307172 940
0 0.247444 0.889171 0.0831261 0.217077 949
2 0.0830765 0.344225 0.0478689 0.0565062 953
0 0.422938 0.572643 0.033625 0.109522 950
0 0.303998 0.766581 0.0534336 0.255411 702
0 0.310562 0.644022 0.0434909 0.143594 971
0 0.827344 0.504079 0.0372395 0.15376 966
0 0.282156 0.718486 0.0279201 0.212318 974
0 0.270528 0.47264 0.0176272 0.0949745 957
2 0.29957 0.417361 0.0375 0.0277778 977
0 0.143461 0.311416 0.00834076 0.0427945 884
