0 0.152973 0.864123 0.0452905 0.265874 113
0 0.191479 0.909389 0.0560032 0.179342 226
2 0.337109 0.441316 0.0335763 0.0694444 234
0 0.139978 0.330974 0.0104371 0.0582242 278
2 0.932783 0.896011 0.133348 0.186102 308
2 0.0400268 0.36984 0.0494605 0.0777467 327
0 0.124167 0.3443 0.0101248 0.0543658 333
0 0.345561 0.646695 0.0404392 0.195438 296
2 0.137816 0.300562 0.0280504 0.0562702 362
0 0.957171 0.47949 0.0190214 0.0967049 369
0 0.248006 0.414101 0.0180831 0.0854053 370
0 0.816496 0.496491 0.0310803 0.148636 361
0 0.868426 0.545891 0.0253931 0.114654 368
