2 0.934072 0.898574 0.131856 0.18765 308
2 0.119199 0.587506 0.162548 0.215293 327
0 0.313965 0.479225 0.0199574 0.104025 296
2 0.0288483 0.47209 0.0566677 0.159405 362
2 0.336323 0.441023 0.0342642 0.0688717 234
0 0.903533 0.493874 0.0227899 0.0734209 403
0 0.169467 0.398334 0.0129513 0.0760211 406
2 0.0794435 0.345159 0.0446224 0.0664926 407
0 0.458148 0.513466 0.0401636 0.152112 421
2 0.138074 0.305496 0.0247211 0.0455322 425
0 0.906383 0.449207 0.016717 0.0567024 427
0 0.163525 0.403145 0.0114612 0.0704094 338
