0 0.485156 0.546063 0.0373945 0.186096 113
0 0.513127 0.560408 0.0319483 0.16176 226
2 0.336719 0.441664 0.033196 0.0683149 234
0 0.371183 0.684604 0.0495993 0.209171 250
0 0.101103 0.42927 0.0222424 0.0930219 257
0 0.414804 0.689408 0.0470798 0.164832 260
0 0.0472702 0.387474 0.0134925 0.0690235 261
0 0.158917 0.380276 0.0148739 0.0781373 266
0 0.437256 0.865718 0.106407 0.263028 268
0 0.00780322 0.972886 0.0149364 0.0542282 269
0 0.0735492 0.422088 0.0222952 0.0942726 29
0 0.178824 0.377113 0.0187131 0.0751888 278
