2 0.946003 0.620308 0.107994 0.198162 407
0 0.285363 0.4753 0.0225481 0.108934 421
2 0.436897 0.654818 0.245604 0.205358 425
2 0.0340954 0.412132 0.0454807 0.0855621 448
0 0.387099 0.491814 0.0299445 0.119018 515
2 0.073851 0.347391 0.0489985 0.0604439 546
0 0.335172 0.504418 0.023964 0.124989 492
0 0.429783 0.496074 0.0257981 0.122115 554
2 0.336721 0.445107 0.0327325 0.0624343 548
0 0.313994 0.514671 0.0252985 0.119657 497
2 0.0753461 0.319635 0.0364652 0.0407501 587
0 0.461114 0.513223 0.0245531 0.119443 566
2 0.842362 0.863261 0.172597 0.263579 596
