2 0.310515 0.430208 0.0967016 0.082704 787
2 0.13367 0.588508 0.152192 0.186845 902
2 0.0282679 0.414156 0.0565359 0.0801089 953
0 0.123903 0.375593 0.0134056 0.0690099 999
0 0.502274 0.635189 0.0343309 0.1622 1025
0 0.481818 0.534574 0.0381231 0.15684 957
2 0.0992553 0.324665 0.0497522 0.0612094 1074
0 0.303638 0.503886 0.0246503 0.133455 1081
2 0.0274024 0.340356 0.0389321 0.05455 1085
0 0.341181 0.501609 0.0328393 0.154671 1060
0 0.142147 0.332738 0.00963125 0.0519661 1015
0 0.654943 0.529704 0.0293938 0.165291 1099
0 0.167165 0.905932 0.0871601 0.185181 1104
2 0.0686078 0.235121 0.0455401 0.046735 1084
0 0.325722 0.494809 0.0179969 0.112405 928
2 0.295835 0.41016 0.0701441 0.0449668 1088
