2 0.337109 0.440662 0.0336006 0.0709436 234
2 0.932413 0.898946 0.135174 0.191228 308
2 0.0168039 0.429182 0.0336078 0.107415 327
0 0.127046 0.352486 0.00835409 0.050173 333
0 0.386532 0.593625 0.0331161 0.170769 296
2 0.07537 0.34168 0.0522791 0.0780293 362
0 0.934306 0.493306 0.0197685 0.0719275 379
0 0.295596 0.416741 0.0167576 0.0817126 370
0 0.118465 0.354308 0.0103898 0.056784 338
0 0.9497 0.50695 0.0158538 0.0416562 389
0 0.901566 0.481857 0.0201331 0.09745 369
0 0.899537 0.499891 0.0299368 0.135213 361
