2 0.281337 0.42855 0.106435 0.0881091 787
2 0.133742 0.587879 0.153399 0.18891 902
0 0.497283 0.603408 0.0422709 0.199773 940
0 0.442838 0.655459 0.0395237 0.228909 949
2 0.0483155 0.391281 0.0472277 0.0754917 953
0 0.13642 0.819109 0.0775962 0.243451 950
0 0.124453 0.939987 0.0502382 0.119258 971
0 0.141603 0.316498 0.0108364 0.0538174 884
0 0.142707 0.415135 0.0160855 0.079033 999
0 0.164659 0.403666 0.0158786 0.0801702 894
0 0.408311 0.849681 0.0562076 0.265427 1025
0 0.128526 0.346239 0.0130692 0.063383 1015
0 0.325792 0.5062 0.0335079 0.141069 957
0 0.430916 0.537175 0.0329073 0.112568 934
0 0.286753 0.484136 0.0216101 0.103358 1053
0 0.586464 0.559394 0.0256971 0.132658 909
0 0.533627 0.532343 0.0337237 0.100822 927
0 0.305804 0.487055 0.0174134 0.0900943 928
