0 0.0570775 0.912634 0.0672588 0.17457 515
2 0.275897 0.424735 0.0906846 0.0807843 787
2 0.120627 0.577934 0.136817 0.179282 902
0 0.531574 0.597303 0.0315618 0.17107 909
0 0.506195 0.600162 0.0311086 0.169756 927
0 0.468387 0.680261 0.0476781 0.255767 940
0 0.387048 0.73472 0.0511853 0.272201 949
2 0.0545712 0.380393 0.0467712 0.0699973 953
0 0.271174 0.718873 0.0590836 0.249263 950
0 0.158871 0.917973 0.0602456 0.161755 702
0 0.220085 0.835339 0.059912 0.26063 971
0 0.142336 0.316676 0.00998376 0.0542039 884
0 0.148321 0.434238 0.0169707 0.0859044 999
0 0.150212 0.37718 0.0122457 0.047272 894
0 0.271618 0.939632 0.0623416 0.120081 1025
0 0.131232 0.352931 0.0136927 0.0659355 1015
0 0.281052 0.493907 0.027604 0.122845 957
0 0.335317 0.429809 0.0165258 0.0616326 995
0 0.150517 0.835558 0.0432006 0.119403 1031
0 0.662375 0.501905 0.0289767 0.168254 1036
0 0.44249 0.632299 0.0284729 0.183741 934
0 0.300685 0.484176 0.0199389 0.101706 928
