2 0.337109 0.440724 0.0333551 0.0708765 234
2 0.93311 0.898091 0.133781 0.190832 308
2 0.015587 0.440382 0.031174 0.112279 327
0 0.126722 0.35353 0.00877165 0.0540616 333
0 0.389031 0.588824 0.0346222 0.174245 296
2 0.0690521 0.347171 0.0542753 0.0817877 362
0 0.942935 0.493444 0.0190049 0.0704773 379
0 0.30252 0.416683 0.0160802 0.0804959 370
0 0.958239 0.506997 0.015374 0.0401436 389
0 0.910602 0.489188 0.018207 0.0809181 369
0 0.888429 0.479503 0.022914 0.108167 361
0 0.116873 0.355823 0.00917006 0.0511564 338
