0 0.211255 0.804353 0.0691082 0.283762 515
2 0.277361 0.42815 0.0918878 0.0867371 787
0 0.128852 0.370407 0.0116758 0.0643867 894
0 0.14228 0.36342 0.0133237 0.0719684 900
2 0.073309 0.536501 0.095683 0.154863 902
0 0.482524 0.631552 0.0356112 0.111601 909
0 0.444009 0.666639 0.0327808 0.184513 927
0 0.293592 0.482924 0.0196705 0.101977 928
0 0.467427 0.747016 0.0487981 0.245669 934
0 0.418249 0.80408 0.0676464 0.303123 940
0 0.287216 0.868622 0.0794218 0.258862 949
2 0.0777233 0.350604 0.0480813 0.0585463 953
0 0.397225 0.60376 0.0507853 0.149419 950
0 0.283393 0.736769 0.0351362 0.154627 702
0 0.29982 0.690415 0.0563834 0.200041 971
0 0.804611 0.505061 0.0336763 0.153921 966
0 0.271587 0.478259 0.0222986 0.100072 957
0 0.143464 0.310847 0.00906938 0.0406155 884
0 0.241172 0.458125 0.0125077 0.0916667 980
0 0.257985 0.724786 0.0247703 0.183017 974
