0 0.0777041 0.901207 0.0704653 0.194928 515
2 0.275903 0.424727 0.0902271 0.0806278 787
2 0.116948 0.575598 0.133393 0.178013 902
0 0.528725 0.602583 0.0309073 0.164137 909
0 0.503086 0.60362 0.0302981 0.164826 927
0 0.462626 0.679983 0.0482891 0.25831 940
0 0.381376 0.749145 0.055156 0.280351 949
2 0.055579 0.377977 0.0479216 0.070165 953
0 0.284386 0.698327 0.054745 0.233611 950
0 0.171606 0.907957 0.059109 0.182306 702
0 0.237809 0.804022 0.0486324 0.213318 971
0 0.14257 0.316586 0.00967496 0.0521344 884
0 0.151576 0.435818 0.0181194 0.0868649 999
0 0.148441 0.380745 0.0129449 0.0604876 894
0 0.247594 0.945744 0.0588402 0.107656 1025
0 0.132229 0.356384 0.0131953 0.0622688 1015
0 0.28031 0.488974 0.0269827 0.117979 957
0 0.330661 0.419439 0.0169562 0.0813878 995
0 0.162483 0.815461 0.0423229 0.121383 1031
0 0.677063 0.503095 0.0279018 0.167451 1036
0 0.442783 0.634321 0.0271666 0.17683 934
0 0.300822 0.482595 0.0194112 0.0985705 928
