2 0.930362 0.634105 0.139276 0.216358 327
2 0.11749 0.557301 0.151142 0.222169 362
2 0.0439092 0.425399 0.0588098 0.104911 407
0 0.285735 0.477093 0.0220637 0.113867 421
2 0.0472462 0.370481 0.0464975 0.0589326 425
2 0.106121 0.323726 0.0495378 0.0524042 448
0 0.341307 0.489939 0.0183397 0.0906019 492
0 0.323185 0.489455 0.0185968 0.0889683 497
2 0.135978 0.837155 0.271956 0.308351 514
0 0.450364 0.52175 0.0543455 0.170522 515
0 0.126475 0.338895 0.0109653 0.0592602 533
0 0.682015 0.525038 0.0165936 0.153806 524
0 0.544855 0.561717 0.0303789 0.126442 531
