0 0.393724 0.525035 0.036465 0.1757 515
0 0.457037 0.52812 0.0235996 0.154858 702
0 0.429303 0.513195 0.0246806 0.152778 701
2 0.268049 0.426126 0.11157 0.0935388 787
0 0.15213 0.358185 0.0132847 0.0657797 845
0 0.520586 0.519928 0.0321398 0.162914 863
0 0.342492 0.705713 0.0445826 0.210085 870
0 0.269871 0.469901 0.0241078 0.10242 874
0 0.137725 0.388049 0.0126848 0.0712281 877
0 0.333919 0.484819 0.0175104 0.100246 886
0 0.929711 0.47512 0.0213636 0.109948 885
0 0.234286 0.431881 0.0194956 0.0832069 887
