0 0.279278 0.70489 0.0519078 0.22306 515
2 0.27661 0.429133 0.0925292 0.0875795 787
0 0.123628 0.36199 0.0100815 0.0636299 894
0 0.143345 0.316581 0.0101905 0.054101 884
0 0.149877 0.376785 0.0153382 0.0779596 900
2 0.0437932 0.4884 0.0653624 0.127387 902
0 0.394165 0.764766 0.0556368 0.242854 909
0 0.363023 0.752998 0.043784 0.235313 927
0 0.289014 0.48335 0.018843 0.101383 928
0 0.458071 0.85092 0.0712335 0.267436 934
0 0.327415 0.89635 0.0905609 0.202747 940
0 0.105805 0.944245 0.0504417 0.109633 949
2 0.118491 0.320261 0.036684 0.0473168 953
0 0.490259 0.576261 0.0563281 0.17945 950
0 0.261874 0.451879 0.0217524 0.106607 957
0 0.89437 0.482767 0.0227919 0.0990211 941
0 0.887363 0.506642 0.0405488 0.146528 966
0 0.346779 0.688066 0.0361603 0.197111 702
