0 0.285025 0.477488 0.0227734 0.111985 421
0 0.407047 0.492005 0.0299359 0.108911 515
0 0.433085 0.498754 0.024764 0.12685 554
0 0.455863 0.523361 0.0232854 0.14247 566
2 0.399485 0.653937 0.264545 0.233747 618
2 0.337111 0.440961 0.033777 0.0699047 624
0 0.130437 0.328266 0.00993582 0.0553127 635
2 0.067797 0.323238 0.0366939 0.0446574 647
2 0.952825 0.627706 0.0943497 0.146695 546
2 0.274569 0.867316 0.31208 0.249212 657
0 0.309669 0.51185 0.0327168 0.110116 492
2 0.138882 0.300253 0.0280783 0.0555127 662
