0 0.371671 0.6011 0.0362832 0.185541 515
0 0.439302 0.587775 0.0335558 0.163374 702
0 0.423473 0.553176 0.0238209 0.163759 701
7 0.274477 0.427296 0.0990453 0.0890596 787
0 0.483383 0.602946 0.0349559 0.177728 863
0 0.313051 0.506864 0.0296026 0.125632 870
0 0.290557 0.482092 0.0202498 0.102642 886
0 0.121233 0.352349 0.00814395 0.0560347 894
0 0.142867 0.316613 0.00994922 0.0547975 884
0 0.151159 0.414641 0.0174239 0.0859863 900
2 0.0453291 0.379389 0.0515526 0.0706584 902
0 0.168095 0.427186 0.0127691 0.0808097 907
0 0.114513 0.932389 0.0586492 0.134436 909
0 0.67875 0.509444 0.0227246 0.167083 921
