2 0.261451 0.60097 0.183408 0.221655 407
0 0.285144 0.468084 0.0182549 0.093765 421
2 0.0385409 0.488389 0.0645708 0.124734 425
2 0.0640343 0.3554 0.0500989 0.0656179 448
0 0.300423 0.49887 0.0130891 0.0656821 497
0 0.38228 0.516059 0.035256 0.169498 515
2 0.128017 0.310881 0.0444531 0.0489996 546
0 0.314871 0.496887 0.0203974 0.1095 492
0 0.426892 0.511836 0.0289094 0.15511 554
2 0.336329 0.442497 0.0342833 0.0663838 548
0 0.523826 0.5351 0.0426248 0.131525 566
2 0.33313 0.848895 0.186707 0.289234 574
