2 0.2897 0.429789 0.11655 0.088918 787
2 0.133596 0.588219 0.153906 0.190283 902
0 0.534275 0.588593 0.0362905 0.174793 940
0 0.472673 0.626026 0.0385104 0.215806 949
2 0.0461313 0.395203 0.0482128 0.0763111 953
0 0.040337 0.863949 0.0806741 0.249542 950
0 0.142639 0.317173 0.00985293 0.0539381 884
0 0.148778 0.399896 0.0150004 0.0747936 999
0 0.449541 0.774282 0.0442286 0.250674 1025
0 0.132253 0.340871 0.0119152 0.0610713 1015
0 0.357319 0.517258 0.0335663 0.140472 957
0 0.41413 0.519363 0.0299708 0.148803 934
0 0.295339 0.487882 0.018955 0.103043 1053
0 0.311388 0.487907 0.0180372 0.0987277 928
0 0.463755 0.500221 0.0305014 0.154125 1060
0 0.645695 0.532397 0.0297888 0.153293 1069
