0 0.402229 0.537683 0.032111 0.164521 515
0 0.454632 0.536288 0.025532 0.152456 702
0 0.428863 0.513568 0.0243185 0.153468 701
2 0.276456 0.427809 0.0954693 0.0876741 787
0 0.516485 0.542593 0.0316045 0.163421 863
0 0.37483 0.524495 0.0253752 0.136911 870
0 0.293837 0.482164 0.0219823 0.102855 886
0 0.12245 0.348318 0.00940148 0.0523254 894
0 0.143158 0.317309 0.00971554 0.0536036 884
0 0.159783 0.424638 0.0186194 0.0928099 900
2 0.0871346 0.338679 0.0491688 0.0551153 902
0 0.247364 0.43266 0.0199117 0.0932506 898
2 0.299032 0.418056 0.0375 0.0277778 905
