0 0.142248 0.40986 0.0151409 0.0950836 29
2 0.0598007 0.479698 0.067194 0.130754 57
0 0.336708 0.519762 0.0209269 0.116555 4
0 0.348044 0.512245 0.0207406 0.120819 82
0 0.310124 0.442839 0.0239446 0.0878431 91
2 0.820133 0.890186 0.234005 0.212078 96
2 0.016488 0.351083 0.0208909 0.0560708 111
0 0.516283 0.542846 0.0361099 0.131033 113
0 0.540762 0.565915 0.0306772 0.127948 114
2 0.517222 0.905736 0.207769 0.180181 118
2 0.66033 0.89 0.509687 0.214103 119
2 0.334995 0.438103 0.0345352 0.0564638 115
