0 0.109233 0.884973 0.0746054 0.229569 515
2 0.275974 0.425787 0.0916134 0.0827569 787
2 0.107872 0.568836 0.125774 0.174286 902
0 0.521743 0.613096 0.0355046 0.167221 909
0 0.496013 0.618859 0.0325298 0.178227 927
0 0.302838 0.484666 0.0180399 0.0929791 928
0 0.458226 0.708647 0.0512997 0.279983 940
0 0.367473 0.774353 0.0573366 0.288858 949
2 0.0583564 0.374369 0.0480244 0.0675905 953
0 0.314229 0.68602 0.0571473 0.226039 950
0 0.195095 0.87796 0.0564335 0.205454 702
0 0.249265 0.778526 0.0512131 0.243618 971
0 0.142955 0.315594 0.00977786 0.0490499 884
0 0.158516 0.441548 0.0170129 0.0885548 999
0 0.144155 0.380373 0.0139893 0.0666979 894
0 0.194566 0.968208 0.038092 0.0634592 1025
0 0.133982 0.354915 0.0162511 0.0668561 1015
0 0.276011 0.488116 0.0255889 0.113394 957
0 0.320709 0.413041 0.0168881 0.0703597 995
0 0.185801 0.7975 0.0514459 0.147222 1031
