0 0.0482179 0.914907 0.0644675 0.169041 515
2 0.276307 0.425112 0.0910294 0.0808584 787
2 0.122041 0.578589 0.137087 0.178225 902
0 0.531757 0.597368 0.0309496 0.17017 909
0 0.508567 0.599482 0.0314638 0.168153 927
0 0.46978 0.67608 0.0468497 0.251347 940
0 0.389878 0.722573 0.0481593 0.258525 949
2 0.0539166 0.381201 0.0461849 0.0695491 953
0 0.267795 0.723667 0.060164 0.249982 950
0 0.153271 0.92117 0.061219 0.155581 702
0 0.217918 0.850287 0.0640401 0.277662 971
0 0.141982 0.316378 0.0101382 0.0544208 884
0 0.147687 0.434474 0.0167522 0.0858217 999
0 0.150497 0.379707 0.0135903 0.0526014 894
0 0.281976 0.936218 0.0629723 0.125368 1025
0 0.130989 0.352807 0.0135945 0.0660343 1015
0 0.285114 0.495226 0.0282439 0.122616 957
0 0.144811 0.843355 0.0421497 0.114268 1031
0 0.655856 0.503031 0.0315709 0.166993 1036
0 0.442646 0.62963 0.0301285 0.18877 934
0 0.300582 0.484101 0.0200645 0.102796 928
