0 0.369992 0.606105 0.0371211 0.187749 515
0 0.438312 0.598218 0.0348125 0.16808 702
0 0.419905 0.560149 0.0237037 0.167612 701
7 0.27429 0.424647 0.0919886 0.0825749 787
0 0.47937 0.609694 0.0357202 0.184162 863
0 0.307985 0.505654 0.0309998 0.127496 870
0 0.290415 0.482309 0.0200154 0.102046 886
0 0.121532 0.353343 0.00809835 0.0557763 894
0 0.142931 0.316183 0.0100892 0.0558045 884
0 0.150739 0.415098 0.0173118 0.0855535 900
2 0.0424626 0.384485 0.0521844 0.0732724 902
0 0.167373 0.428036 0.0130686 0.0798417 907
0 0.125961 0.924195 0.0658567 0.148372 909
0 0.667254 0.508402 0.0227427 0.157892 921
