2 0.299191 0.430054 0.10928 0.083861 787
2 0.133694 0.588194 0.153065 0.188858 902
0 0.529905 0.579172 0.0371591 0.161588 949
2 0.0320744 0.405568 0.060457 0.0795248 953
0 0.142898 0.316492 0.00885898 0.0508015 884
0 0.132039 0.380526 0.0153186 0.0646718 999
0 0.49536 0.658479 0.0291323 0.1596 1025
0 0.436868 0.540762 0.036077 0.151703 957
0 0.302245 0.496095 0.0208473 0.110994 1053
0 0.319043 0.495205 0.0177009 0.108432 928
2 0.112704 0.317126 0.0481198 0.0595929 1074
0 0.339165 0.504731 0.0247564 0.13057 1081
2 0.0127467 0.352606 0.0146326 0.0469856 1085
2 0.281624 0.408978 0.0740767 0.0483342 1088
0 0.383141 0.502343 0.0315826 0.159482 1060
0 0.137042 0.332624 0.0113067 0.0565764 1015
0 0.621172 0.476667 0.0223533 0.0566667 1092
