0 0.485156 0.545865 0.0374091 0.186085 113
0 0.513521 0.56041 0.0318767 0.161203 226
2 0.336719 0.441665 0.0331034 0.0680743 234
0 0.372659 0.674411 0.0472193 0.197876 250
0 0.102772 0.427343 0.0213683 0.0945634 257
0 0.41088 0.684591 0.0456903 0.16793 260
0 0.0477023 0.387577 0.013314 0.0689994 261
0 0.1577 0.380669 0.0147015 0.0772648 266
0 0.437016 0.859579 0.104907 0.275271 268
0 0.00778047 0.972893 0.0150177 0.054214 269
0 0.0705238 0.42188 0.0229062 0.0948553 29
0 0.17682 0.377297 0.0187835 0.0769826 278
