2 0.159687 0.576992 0.181751 0.240661 362
2 0.0463392 0.433303 0.0557491 0.108276 407
0 0.285738 0.476737 0.0221097 0.113177 421
2 0.0424657 0.384327 0.0557962 0.0760592 425
2 0.103794 0.324622 0.0467526 0.0519003 448
0 0.341238 0.48682 0.0204175 0.0989429 492
0 0.323476 0.487732 0.0194299 0.0950954 497
2 0.0683771 0.780966 0.136754 0.255456 514
0 0.427235 0.511605 0.0441545 0.165834 515
0 0.129563 0.336958 0.010587 0.0594947 533
0 0.680405 0.524992 0.016508 0.152322 524
0 0.530132 0.548954 0.0396739 0.143821 531
