0 0.364521 0.605953 0.0377909 0.188727 515
0 0.435435 0.598311 0.0350464 0.169803 702
0 0.416519 0.562181 0.0232524 0.16443 701
7 0.269664 0.424021 0.0958799 0.0833694 787
0 0.475716 0.618444 0.0361928 0.184081 863
0 0.30434 0.506325 0.0314223 0.124724 870
0 0.28896 0.482004 0.0193063 0.101559 886
0 0.121645 0.353796 0.00820421 0.0555656 894
0 0.142969 0.316577 0.00989418 0.0550541 884
0 0.150362 0.413811 0.0170876 0.0855703 900
2 0.0399521 0.388805 0.0521003 0.0749549 902
0 0.167333 0.426504 0.0139043 0.0833043 907
0 0.139643 0.915735 0.0715508 0.165416 909
0 0.663422 0.510012 0.025676 0.157798 921
