2 0.891455 0.645888 0.217089 0.225197 327
2 0.0903609 0.541691 0.129655 0.212734 362
2 0.0443578 0.405794 0.0447375 0.0767596 407
0 0.285934 0.47638 0.0219764 0.113902 421
2 0.0538679 0.364333 0.0398511 0.0542746 425
2 0.110452 0.322875 0.0513008 0.0526881 448
0 0.339624 0.485077 0.0204159 0.0937334 492
0 0.324007 0.486971 0.0183345 0.0914092 497
2 0.179313 0.857149 0.358627 0.272412 514
0 0.462327 0.520762 0.0525029 0.174284 515
0 0.12421 0.342794 0.0105107 0.0572813 533
0 0.682008 0.527563 0.0172933 0.15018 524
0 0.562113 0.565038 0.0302596 0.125762 531
