0 0.285026 0.47766 0.0232729 0.114109 421
2 0.453366 0.639906 0.257471 0.204258 448
0 0.397972 0.492811 0.0232942 0.11296 515
2 0.0773188 0.511198 0.0844884 0.149781 546
0 0.337991 0.509861 0.027225 0.130498 492
0 0.42893 0.486468 0.0241082 0.105136 554
0 0.319542 0.518979 0.0281458 0.123336 497
0 0.455351 0.496372 0.0164207 0.088566 566
2 0.0599359 0.382244 0.0500767 0.0763912 618
2 0.0817282 0.313306 0.0399459 0.0486627 623
2 0.336847 0.443974 0.0336814 0.0653007 624
2 0.883375 0.842529 0.147617 0.305395 625
