2 0.290557 0.429879 0.120005 0.0886439 787
2 0.133592 0.588556 0.153151 0.189621 902
0 0.546254 0.562286 0.0334076 0.170265 940
0 0.476997 0.611213 0.0365594 0.203053 949
2 0.0446634 0.397201 0.0495827 0.0776583 953
0 0.0226015 0.886408 0.0452029 0.202789 950
0 0.142891 0.319322 0.00898058 0.0502644 884
0 0.148646 0.395853 0.0138359 0.0725396 999
0 0.458623 0.745684 0.0398103 0.228141 1025
0 0.132145 0.339691 0.0118397 0.0602897 1015
0 0.365161 0.521045 0.034348 0.149953 957
0 0.405048 0.509393 0.0284037 0.145063 934
0 0.296111 0.487768 0.0185552 0.101222 1053
0 0.311379 0.485592 0.0179409 0.0991035 928
0 0.45103 0.508957 0.0323958 0.170261 1060
0 0.655764 0.533397 0.0325582 0.150937 1069
0 0.644278 0.511316 0.0225184 0.135834 1071
2 0.143583 0.299242 0.0248142 0.0490956 1074
