2 0.142034 0.548385 0.117651 0.184645 407
0 0.284752 0.477412 0.0213572 0.112575 421
2 0.0257933 0.452926 0.0515865 0.10482 425
2 0.075626 0.344462 0.049145 0.0602676 448
0 0.296656 0.502764 0.020034 0.102796 497
0 0.384858 0.51404 0.0373331 0.17122 515
2 0.134533 0.30647 0.033815 0.0452108 546
2 0.0725927 0.827712 0.145185 0.265857 549
0 0.323741 0.494421 0.0208169 0.1094 492
0 0.429861 0.511591 0.0265392 0.150326 554
2 0.845792 0.846667 0.192496 0.301232 564
2 0.887897 0.612777 0.222336 0.227138 362
2 0.336355 0.44432 0.0337992 0.0641743 548
0 0.561207 0.545183 0.0336636 0.130651 566
