2 0.900509 0.640579 0.198983 0.228439 327
2 0.0973217 0.546074 0.135356 0.215216 362
2 0.0434118 0.408811 0.0450266 0.0762643 407
0 0.285935 0.47638 0.0219566 0.113899 421
2 0.0528682 0.36463 0.0399428 0.0537077 425
2 0.108704 0.323269 0.0506452 0.0523305 448
0 0.33893 0.487614 0.0192672 0.0927257 492
0 0.323537 0.488641 0.0179882 0.0882271 497
2 0.1686 0.851581 0.3372 0.283826 514
0 0.457075 0.521453 0.051878 0.171974 515
0 0.124821 0.342003 0.0109619 0.0581165 533
0 0.682004 0.528184 0.0167585 0.149338 524
0 0.548594 0.561458 0.0161342 0.125417 537
