0 0.37083 0.605081 0.0368551 0.187458 515
0 0.43891 0.596341 0.0345917 0.16721 702
0 0.421152 0.558788 0.0239825 0.168281 701
7 0.277067 0.426215 0.0932249 0.0844615 787
0 0.480815 0.606112 0.0351816 0.180954 863
0 0.30966 0.506168 0.0303734 0.127015 870
0 0.290426 0.482345 0.0200557 0.101987 886
0 0.121429 0.352975 0.00813568 0.0561326 894
0 0.142866 0.316609 0.00996415 0.054882 884
0 0.150981 0.414985 0.0171928 0.0847446 900
2 0.0433309 0.382544 0.0518319 0.0721081 902
0 0.167468 0.4275 0.0129202 0.0798183 907
0 0.12196 0.926998 0.0633031 0.142972 909
0 0.670484 0.508243 0.0219329 0.156965 921
