2 0.324936 0.426715 0.0542212 0.0681642 787
2 0.133692 0.588886 0.152979 0.187508 902
0 0.124552 0.354953 0.0116868 0.0595541 999
0 0.53953 0.565856 0.0297546 0.137658 1025
2 0.0582642 0.354746 0.0541311 0.0767784 1074
0 0.262005 0.484128 0.0213519 0.113623 1081
2 0.1409 0.288824 0.0370965 0.040407 1085
0 0.293546 0.480817 0.0231685 0.133349 1060
0 0.420093 0.60717 0.0540416 0.18311 1104
0 0.347562 0.503972 0.0214732 0.119384 928
0 0.141426 0.31835 0.00877245 0.0515914 1122
0 0.324454 0.507723 0.0222946 0.123054 1130
2 0.954682 0.854887 0.0883601 0.167901 1139
0 0.905401 0.490338 0.020149 0.080635 1129
0 0.888812 0.505108 0.024877 0.128004 1117
0 0.793285 0.531847 0.0247872 0.151818 1153
