2 0.119327 0.5875 0.161706 0.214569 327
2 0.0316554 0.481598 0.0631374 0.167358 362
2 0.0566212 0.370145 0.0428871 0.077326 407
0 0.305022 0.503073 0.0307015 0.139447 421
2 0.0895355 0.340012 0.0405225 0.0540324 425
0 0.892875 0.496066 0.029964 0.14399 432
0 0.141791 0.386776 0.0150712 0.0779025 434
2 0.138645 0.304641 0.0261154 0.0450208 448
2 0.931997 0.900039 0.135397 0.188882 308
2 0.336816 0.441506 0.0359768 0.068567 451
0 0.930689 0.492576 0.018246 0.073788 435
0 0.910703 0.497522 0.0217763 0.0665932 444
