0 0.284764 0.477433 0.0221041 0.113205 421
0 0.405405 0.522331 0.0483134 0.175198 515
2 0.647819 0.649365 0.29324 0.216856 546
0 0.43066 0.51157 0.0296927 0.154441 554
0 0.454084 0.530157 0.0340365 0.154891 566
2 0.114951 0.543298 0.105214 0.168813 618
2 0.336733 0.441651 0.0337086 0.0688494 624
2 0.0418931 0.756606 0.0837862 0.258618 634
0 0.135351 0.326309 0.0098492 0.0584463 635
0 0.322052 0.518534 0.0250226 0.136959 492
2 0.0104626 0.363245 0.0122739 0.0552801 647
2 0.937813 0.890278 0.108377 0.200556 648
