0 0.0812046 0.896744 0.0702028 0.204053 515
2 0.27624 0.425663 0.0912328 0.0818648 787
2 0.115179 0.575148 0.132405 0.178038 902
0 0.527134 0.606852 0.030984 0.16264 909
0 0.502528 0.608698 0.030673 0.165577 927
0 0.46204 0.682212 0.0467872 0.253346 940
0 0.378681 0.750787 0.0546369 0.27831 949
2 0.055961 0.377599 0.0477898 0.0692182 953
0 0.292345 0.692491 0.0548249 0.228977 950
0 0.174634 0.901811 0.0600372 0.194726 702
0 0.242221 0.802594 0.0492233 0.225273 971
0 0.142761 0.317316 0.00971532 0.0524418 884
0 0.153173 0.438328 0.0182939 0.0875472 999
0 0.147859 0.384726 0.0116665 0.0556696 894
0 0.238758 0.950251 0.0560957 0.0994982 1025
0 0.132617 0.353629 0.0147038 0.0683315 1015
0 0.28073 0.487778 0.0269505 0.117559 957
0 0.328174 0.419135 0.0168884 0.0812574 995
0 0.168057 0.836421 0.0580525 0.169872 1031
0 0.677324 0.504526 0.0276356 0.165145 1036
0 0.443868 0.617439 0.0229789 0.142233 934
0 0.302864 0.482477 0.0184456 0.0962869 928
