2 0.119335 0.5875 0.161661 0.214568 327
2 0.0315583 0.48125 0.0628632 0.166725 362
2 0.0567975 0.369985 0.0427849 0.0768576 407
0 0.307986 0.501815 0.030571 0.14199 421
2 0.0902 0.338876 0.0413834 0.0541371 425
0 0.893488 0.493743 0.029334 0.138035 432
0 0.143973 0.392456 0.0140683 0.0686381 434
2 0.140024 0.30392 0.0249594 0.0445513 448
2 0.931496 0.900054 0.135201 0.188879 308
2 0.336443 0.441239 0.0363727 0.0680719 451
0 0.932681 0.488852 0.0196759 0.0816419 435
0 0.909474 0.497067 0.0215826 0.068031 444
