0 0.0858387 0.892742 0.0475095 0.211035 113
2 0.337109 0.441223 0.0335902 0.0694444 234
0 0.144464 0.327644 0.0108515 0.0567374 278
2 0.932809 0.896718 0.133813 0.18502 308
2 0.0240264 0.392865 0.0480527 0.0885075 327
0 0.123842 0.347448 0.0115918 0.0579625 333
0 0.365314 0.621549 0.0344318 0.179887 296
7 0.112517 0.316805 0.0492694 0.0670571 362
0 0.934569 0.478614 0.0211314 0.101465 369
0 0.264877 0.418549 0.0157005 0.0771417 370
0 0.894404 0.521238 0.0245186 0.129947 353
0 0.896562 0.492083 0.0179116 0.0702778 379
