2 0.162268 0.605081 0.18376 0.231054 327
2 0.0329692 0.482729 0.0647152 0.169336 362
2 0.0519815 0.379121 0.0420858 0.0793978 407
0 0.284181 0.478668 0.0231001 0.118037 421
2 0.0738864 0.351781 0.0366252 0.0569248 425
2 0.932601 0.89721 0.134798 0.190975 308
2 0.337109 0.440278 0.0338678 0.0708718 451
2 0.126476 0.313996 0.041961 0.0466719 448
0 0.264755 0.455743 0.0134807 0.0761334 471
0 0.111294 0.358244 0.010449 0.0664991 434
0 0.674748 0.501945 0.0319841 0.166321 481
0 0.269369 0.450184 0.0199842 0.0883561 482
