0 0.025456 0.918614 0.050912 0.162758 515
2 0.275223 0.424967 0.0945223 0.0822513 787
2 0.128528 0.58348 0.145721 0.183889 902
0 0.546557 0.5796 0.0244459 0.151184 909
0 0.527254 0.571924 0.0278628 0.143725 927
0 0.475238 0.65334 0.0467329 0.24028 940
0 0.405588 0.702488 0.0455096 0.260038 949
2 0.0516195 0.38552 0.0471461 0.0737562 953
0 0.242185 0.750273 0.0587415 0.249291 950
0 0.101433 0.945168 0.0573308 0.108374 702
0 0.204358 0.879438 0.0569543 0.240197 971
0 0.141823 0.316083 0.010267 0.0534657 884
0 0.142416 0.426572 0.0161649 0.0788097 999
0 0.155145 0.396421 0.0135945 0.0579111 894
0 0.331292 0.911343 0.0669851 0.175432 1025
0 0.128478 0.35159 0.0125396 0.0642403 1015
0 0.291153 0.498458 0.0288124 0.126909 957
0 0.110813 0.899095 0.0517958 0.144258 1031
0 0.625321 0.502315 0.0306433 0.164486 1036
0 0.442712 0.610637 0.0326089 0.179619 934
