0 0.306679 0.634619 0.0358625 0.129024 515
2 0.27684 0.428577 0.0918861 0.0880746 787
0 0.395797 0.680827 0.0495156 0.212463 863
0 0.25259 0.490457 0.0226669 0.110664 870
0 0.121554 0.360261 0.00801643 0.0597727 894
0 0.143513 0.318424 0.00886521 0.050221 884
0 0.152786 0.385589 0.0158046 0.0778411 900
2 0.0341766 0.462711 0.0564247 0.114583 902
0 0.340363 0.797147 0.0548743 0.235771 909
0 0.310439 0.791455 0.0455782 0.228384 927
0 0.289448 0.482637 0.0205271 0.101398 928
0 0.420737 0.895746 0.0880545 0.204712 934
0 0.259117 0.937434 0.0758887 0.122271 940
0 0.924653 0.482129 0.0224124 0.0985133 941
0 0.0257041 0.967957 0.0211998 0.0640857 949
0 0.385234 0.6375 0.0542822 0.212222 952
2 0.140078 0.305139 0.0248114 0.0415972 953
0 0.538814 0.559027 0.0745107 0.137477 950
