2 0.308049 0.428622 0.0907441 0.079519 787
2 0.133668 0.588512 0.152295 0.186849 902
2 0.0256153 0.413158 0.0512307 0.0741807 953
0 0.124015 0.374998 0.0136464 0.0699108 999
0 0.503725 0.633917 0.0353041 0.170861 1025
0 0.494049 0.523465 0.0316379 0.133618 957
2 0.0960901 0.326647 0.0502575 0.0624713 1074
0 0.297201 0.504814 0.0268934 0.131494 1081
2 0.0340434 0.337175 0.0415822 0.0529128 1085
0 0.326748 0.501265 0.0322433 0.157707 1060
0 0.142941 0.328921 0.0100428 0.0557268 1015
0 0.662647 0.528085 0.0343756 0.166683 1099
0 0.203124 0.88474 0.0988596 0.229728 1104
2 0.0644109 0.234473 0.0397778 0.0412802 1084
