2 0.133597 0.588168 0.152829 0.1875 902
0 0.126106 0.347462 0.0109429 0.0562899 999
2 0.0366054 0.375006 0.0535127 0.0851898 1074
0 0.269069 0.481126 0.0204197 0.104269 1081
0 0.292929 0.469829 0.0218382 0.117432 1060
0 0.405265 0.531368 0.0355092 0.156905 1104
0 0.357422 0.508303 0.0203602 0.127812 928
0 0.140823 0.31838 0.010472 0.0542931 1122
0 0.342499 0.509439 0.0257659 0.131909 1130
0 0.945181 0.488027 0.024048 0.0836149 1129
0 0.319751 0.492397 0.0202914 0.104153 1155
0 0.59365 0.543391 0.0287844 0.122412 1025
0 0.812142 0.495275 0.0285109 0.151349 1163
2 0.954672 0.857143 0.0906567 0.171785 1139
0 0.933689 0.485994 0.0208579 0.0889974 1117
0 0.853759 0.520428 0.0340386 0.150827 1153
