2 0.210426 0.58721 0.149063 0.196385 407
0 0.284892 0.477723 0.0207422 0.112528 421
2 0.0312873 0.474632 0.0591729 0.118389 425
2 0.0677587 0.35142 0.0499076 0.0633927 448
0 0.297434 0.505469 0.0202675 0.10608 497
0 0.381931 0.515398 0.0349457 0.169589 515
2 0.130294 0.308442 0.0384035 0.0459289 546
0 0.316708 0.493161 0.0218833 0.111879 492
0 0.427975 0.51247 0.0284929 0.153554 554
2 0.336054 0.443026 0.0340096 0.0653143 548
2 0.965496 0.596435 0.0690081 0.190547 558
0 0.530816 0.552876 0.0358001 0.113126 566
2 0.40815 0.885702 0.109513 0.21635 574
