2 0.326474 0.435183 0.0463359 0.0589671 787
2 0.133692 0.588572 0.153367 0.188151 902
0 0.125046 0.353401 0.0114631 0.0588901 999
0 0.555271 0.555934 0.0269488 0.146635 1025
2 0.0513659 0.359583 0.0540705 0.0795688 1074
0 0.262106 0.483027 0.019197 0.10954 1081
0 0.290199 0.479408 0.0230553 0.125616 1060
0 0.419967 0.573931 0.0431651 0.172849 1104
0 0.349964 0.505641 0.0202495 0.118477 928
0 0.140568 0.319835 0.00845304 0.0485343 1122
0 0.330165 0.511358 0.0225037 0.1237 1130
0 0.918485 0.490796 0.0210883 0.081769 1129
0 0.812804 0.519813 0.0289729 0.160818 1153
0 0.305571 0.482053 0.0115163 0.102257 1155
0 0.763672 0.499861 0.0192652 0.158889 1158
0 0.903814 0.485908 0.0197159 0.0889814 1117
