2 0.133618 0.588187 0.152865 0.1875 902
0 0.128368 0.344052 0.010903 0.0558496 999
2 0.029549 0.384897 0.0533342 0.0895404 1074
0 0.273025 0.479984 0.0196649 0.106619 1081
0 0.287051 0.467508 0.0221959 0.116381 1060
0 0.385586 0.523156 0.0349948 0.149921 1104
0 0.364557 0.515776 0.0217005 0.111333 928
0 0.139687 0.321836 0.0103515 0.0539047 1122
0 0.34291 0.510686 0.0262295 0.131516 1130
0 0.962075 0.48623 0.0212662 0.0841821 1129
0 0.323612 0.492748 0.0195346 0.103728 1155
0 0.840247 0.495477 0.0301165 0.147382 1163
0 0.949464 0.486846 0.0193025 0.0844653 1117
0 0.874113 0.522297 0.0337287 0.154015 1153
2 0.954687 0.855885 0.0895898 0.170776 1139
0 0.633843 0.531392 0.0268918 0.133302 1173
2 0.336646 0.432726 0.0347107 0.0472452 787
