2 0.225777 0.594157 0.159382 0.202499 407
0 0.28483 0.477167 0.0208024 0.112514 421
2 0.0337653 0.480121 0.0614579 0.121988 425
2 0.0666086 0.35281 0.0502491 0.0643953 448
0 0.298547 0.506136 0.0199511 0.106196 497
0 0.38266 0.515382 0.034817 0.168635 515
2 0.12947 0.308967 0.0404787 0.0469739 546
0 0.315917 0.49433 0.021877 0.113604 492
0 0.42767 0.511204 0.0290783 0.155508 554
2 0.33629 0.443033 0.0339322 0.0653062 548
0 0.528703 0.544608 0.0426554 0.1296 566
2 0.380311 0.865732 0.136621 0.255979 574
