0 0.141913 0.412556 0.0145274 0.08884 29
0 0.483852 0.545094 0.0358409 0.188435 113
2 0.031626 0.799369 0.0632521 0.195284 120
5 0.0820348 0.298409 0.0621023 0.0817875 128
2 0.336847 0.443661 0.0334608 0.0668538 115
0 0.445551 0.529948 0.0261426 0.134849 82
0 0.429384 0.544876 0.027087 0.128749 4
0 0.514369 0.562552 0.0320167 0.159216 140
2 0.0799375 0.347941 0.0450493 0.0594051 143
7 0.0150562 0.310423 0.0301123 0.0642834 158
2 0.377172 0.884562 0.216303 0.219742 159
2 0.5294 0.885418 0.452219 0.222304 149
2 0.754147 0.914695 0.126447 0.166724 132
