2 0.323045 0.427207 0.0588861 0.0733683 787
2 0.133692 0.588187 0.153156 0.187514 902
0 0.123517 0.358207 0.0117581 0.0624942 999
0 0.527028 0.579806 0.0264687 0.155138 1025
2 0.067211 0.347375 0.0525043 0.0715178 1074
0 0.262812 0.488625 0.0237086 0.11639 1081
2 0.119293 0.29904 0.0433861 0.0432297 1085
0 0.289922 0.48589 0.0233318 0.138873 1060
0 0.40472 0.641065 0.053029 0.200917 1104
0 0.343706 0.504048 0.0201665 0.119124 928
0 0.142414 0.317092 0.00918256 0.0534052 1122
0 0.320286 0.506095 0.0221377 0.122902 1130
2 0.954655 0.856824 0.0872028 0.167554 1139
0 0.881749 0.515684 0.0268913 0.12398 1129
0 0.27826 0.485273 0.011842 0.0778966 1112
0 0.868798 0.505309 0.0240555 0.127302 1117
0 0.64044 0.523959 0.0359262 0.149295 957
