0 0.284809 0.477785 0.0220217 0.113899 421
0 0.391818 0.521603 0.0367338 0.174838 515
2 0.220226 0.601743 0.182193 0.204063 546
0 0.338332 0.509305 0.0261814 0.13249 492
0 0.428106 0.513663 0.0341574 0.155736 554
0 0.31819 0.523715 0.0234174 0.125103 497
0 0.453366 0.527945 0.0296502 0.153123 566
2 0.049324 0.439759 0.0532195 0.10739 618
2 0.143208 0.286621 0.0342449 0.0383635 623
2 0.337118 0.443752 0.0337803 0.0652877 624
2 0.280929 0.852538 0.26234 0.279077 634
2 0.880317 0.64367 0.181833 0.208657 629
0 0.144946 0.321749 0.010761 0.054129 635
