2 0.281439 0.428534 0.106511 0.0886823 787
2 0.133731 0.587564 0.15336 0.188952 902
0 0.501696 0.598881 0.0417024 0.198967 940
0 0.444716 0.649016 0.0391074 0.224543 949
2 0.0480598 0.391698 0.0476763 0.0763642 953
0 0.125728 0.828557 0.0827911 0.253715 950
0 0.117896 0.944258 0.0500805 0.11125 971
0 0.141651 0.316536 0.0107307 0.0534914 884
0 0.142955 0.414953 0.0158104 0.0791595 999
0 0.164187 0.4142 0.0133606 0.0631415 894
0 0.411717 0.834317 0.0523288 0.253182 1025
0 0.128399 0.345037 0.0128784 0.0625278 1015
0 0.330564 0.50785 0.033438 0.144031 957
0 0.429073 0.543914 0.0377451 0.136859 934
0 0.286295 0.484934 0.0212625 0.102398 1053
0 0.588718 0.555778 0.0276681 0.138588 909
0 0.528522 0.520176 0.0421604 0.12788 927
0 0.306236 0.485791 0.0182051 0.0954419 928
