0 0.342308 0.631725 0.0439035 0.200337 515
0 0.417787 0.608085 0.0353158 0.189952 702
2 0.276323 0.427896 0.0977213 0.0886599 787
0 0.450802 0.641074 0.0412735 0.195651 863
0 0.277387 0.500171 0.0268803 0.119005 870
0 0.121741 0.359058 0.00782572 0.0484944 894
0 0.143269 0.319331 0.0090391 0.0488202 884
0 0.151632 0.401262 0.0165342 0.0827164 900
2 0.0303614 0.413921 0.050979 0.0847133 902
0 0.167333 0.431686 0.0135433 0.0838241 907
0 0.229003 0.885794 0.0764592 0.222949 909
0 0.628143 0.50582 0.0287896 0.140337 921
0 0.193893 0.883785 0.0480287 0.228125 927
0 0.290012 0.482607 0.0179764 0.1 928
0 0.626172 0.473056 0.0284907 0.0766667 929
