0 0.284958 0.471045 0.020159 0.0993275 421
0 0.395937 0.518929 0.0380992 0.166943 515
2 0.310061 0.621847 0.223804 0.209547 546
0 0.335693 0.491601 0.0194308 0.0973061 492
0 0.428378 0.513231 0.0345582 0.155626 554
0 0.317655 0.496506 0.0144717 0.0693695 497
0 0.453165 0.52784 0.0294119 0.153538 566
2 0.0570279 0.462342 0.0596171 0.123797 618
2 0.337308 0.442412 0.0347282 0.0680925 624
2 0.207519 0.833229 0.39086 0.31893 634
2 0.939681 0.632969 0.120639 0.179854 629
0 0.141651 0.32355 0.0108963 0.0572791 635
