0 0.284765 0.477792 0.0220963 0.113828 421
0 0.411232 0.522411 0.0443993 0.173954 515
0 0.432903 0.511107 0.0285873 0.153245 554
0 0.457137 0.529479 0.027316 0.1532 566
2 0.203659 0.598764 0.167836 0.205667 618
2 0.337092 0.441569 0.033566 0.0694544 624
0 0.131718 0.326722 0.0102741 0.0583551 635
0 0.308523 0.517332 0.0244732 0.127285 492
2 0.0280389 0.344474 0.0283191 0.0511233 647
2 0.843418 0.869233 0.202609 0.252273 648
2 0.871059 0.648061 0.253393 0.209239 546
0 0.316805 0.534516 0.0226659 0.111673 497
