2 0.294059 0.430944 0.118999 0.0866853 787
2 0.133594 0.588231 0.152864 0.188863 902
0 0.581628 0.566354 0.0289551 0.125988 940
0 0.501704 0.586228 0.0330297 0.178855 949
2 0.0409905 0.399136 0.0531203 0.079238 953
0 0.142895 0.317824 0.00929832 0.0520169 884
0 0.145337 0.388406 0.0141028 0.0702699 999
0 0.483173 0.71203 0.0404531 0.230817 1025
0 0.135076 0.336316 0.0103819 0.0575825 1015
0 0.393512 0.536804 0.0304971 0.154308 957
0 0.300111 0.491613 0.0195795 0.108123 1053
0 0.316429 0.491011 0.0179226 0.106974 928
0 0.415253 0.498928 0.0298254 0.162496 1060
2 0.12985 0.306882 0.037036 0.0522204 1074
0 0.373168 0.50376 0.0177836 0.136094 1081
2 0.092168 0.226528 0.0430358 0.0358333 1084
