2 0.323137 0.426506 0.056902 0.0710011 787
2 0.133634 0.58819 0.153134 0.187509 902
0 0.124351 0.355727 0.011646 0.0608778 999
0 0.530773 0.577934 0.0273416 0.155338 1025
2 0.0644075 0.348879 0.0530749 0.0726065 1074
0 0.262415 0.489026 0.0239307 0.117332 1081
2 0.128305 0.296038 0.0427291 0.0421095 1085
0 0.290642 0.484296 0.0241525 0.142911 1060
0 0.410791 0.629959 0.0564715 0.201015 1104
0 0.3442 0.503801 0.0204932 0.120535 928
0 0.142262 0.316897 0.00930773 0.054275 1122
0 0.322404 0.505584 0.0223756 0.122464 1130
2 0.954669 0.855531 0.0884414 0.169367 1139
0 0.887762 0.51311 0.0279325 0.133049 1129
0 0.873313 0.501655 0.0214948 0.118262 1117
0 0.646777 0.519524 0.0303119 0.146475 957
