2 0.133763 0.588194 0.152606 0.187045 902
0 0.136877 0.335923 0.0109801 0.0545703 999
2 0.0224174 0.407453 0.0448347 0.100863 1074
0 0.311424 0.457533 0.0109201 0.0538335 1081
0 0.320048 0.522421 0.0274839 0.142143 1130
0 0.907629 0.478603 0.0226234 0.111164 1163
0 0.382206 0.509948 0.0204936 0.127777 928
0 0.269802 0.446939 0.019572 0.103337 1060
0 0.926661 0.488436 0.0255957 0.0873689 1179
2 0.0153535 0.349469 0.0181962 0.0479286 1182
0 0.366778 0.514578 0.025168 0.126988 1104
2 0.952842 0.870898 0.0943168 0.198707 1139
0 0.332662 0.502227 0.0195464 0.107344 1155
0 0.842766 0.508278 0.0249515 0.142085 1174
