2 0.133592 0.588197 0.152869 0.187501 902
0 0.142098 0.332677 0.0103418 0.0518109 999
2 0.019213 0.422522 0.038426 0.106452 1074
0 0.298792 0.508598 0.0277573 0.142561 1130
0 0.401809 0.511487 0.0237743 0.135974 928
0 0.254181 0.431686 0.0188484 0.0991657 1060
0 0.952768 0.488596 0.0243923 0.0830584 1179
2 0.0494262 0.327819 0.0415699 0.0455764 1182
0 0.382192 0.51741 0.0277431 0.14182 1104
2 0.954687 0.859119 0.0889888 0.168628 1139
0 0.341727 0.509102 0.0230242 0.114414 1155
0 0.130158 0.328894 0.00893737 0.0588805 1192
