2 0.315006 0.428315 0.07827 0.0774277 787
2 0.133693 0.588547 0.152705 0.186794 902
0 0.122896 0.365802 0.0111164 0.0646042 999
0 0.510991 0.61269 0.0319259 0.169125 1025
2 0.0816944 0.33671 0.0516346 0.0667514 1074
0 0.275992 0.498346 0.0242453 0.12644 1081
2 0.0671652 0.319972 0.0390939 0.0488108 1085
0 0.301204 0.495346 0.026588 0.148879 1060
0 0.325706 0.756404 0.0661883 0.243166 1104
2 0.039889 0.2434 0.0322777 0.0325234 1084
0 0.259008 0.462761 0.0175329 0.0871685 1112
0 0.335305 0.499297 0.0187936 0.113625 928
0 0.81597 0.51099 0.0277759 0.143346 1117
0 0.142932 0.317578 0.00937751 0.0520465 1122
0 0.146975 0.321676 0.00714273 0.0409579 1015
0 0.646133 0.512669 0.0364006 0.155976 1128
0 0.828906 0.515 0.0246635 0.133056 1129
0 0.312578 0.513264 0.0124537 0.0975 1130
0 0.550342 0.547845 0.0291283 0.114062 957
