0 0.402794 0.532352 0.0322227 0.167508 515
0 0.454669 0.530868 0.0246674 0.149434 702
0 0.429308 0.513307 0.0241172 0.154345 701
2 0.276129 0.427822 0.0961699 0.0874309 787
0 0.518537 0.532797 0.031291 0.161739 863
0 0.375739 0.528216 0.0265598 0.143825 870
0 0.294959 0.482065 0.0213199 0.102854 886
0 0.123619 0.348755 0.00916115 0.0514886 894
0 0.14314 0.316162 0.00996399 0.0559078 884
0 0.161189 0.426035 0.0186943 0.0927716 900
2 0.0922805 0.33594 0.0491274 0.0550206 902
0 0.247091 0.433697 0.0193178 0.0915926 898
