2 0.906143 0.638705 0.187714 0.227992 327
2 0.101077 0.548327 0.138855 0.217494 362
2 0.0436509 0.411538 0.0447726 0.0750796 407
0 0.285935 0.476611 0.0218725 0.113439 421
2 0.0508626 0.364902 0.0404427 0.0534188 425
2 0.109312 0.323075 0.0509355 0.0526252 448
0 0.339343 0.487722 0.0190393 0.093803 492
0 0.323483 0.488429 0.0182062 0.0886408 497
2 0.164391 0.846099 0.328781 0.295079 514
0 0.45555 0.521632 0.0523072 0.171436 515
0 0.125324 0.340932 0.0107671 0.0571109 533
0 0.682006 0.526969 0.0167976 0.151378 524
0 0.547282 0.558014 0.0171048 0.132516 537
