2 0.308883 0.429025 0.0918808 0.0805436 787
2 0.13363 0.588436 0.152382 0.186999 902
2 0.0263048 0.413534 0.0526097 0.0758414 953
0 0.124117 0.375247 0.0135564 0.0693352 999
0 0.503028 0.634715 0.03542 0.170154 1025
0 0.491778 0.523151 0.0330812 0.137483 957
2 0.0970519 0.326052 0.0502152 0.0622806 1074
0 0.298658 0.504673 0.0264165 0.133185 1081
2 0.0324243 0.337978 0.0408864 0.0531283 1085
0 0.329112 0.501202 0.0325082 0.158568 1060
0 0.142672 0.32879 0.0101378 0.055879 1015
0 0.659983 0.527496 0.0342836 0.170291 1099
0 0.194185 0.888401 0.0971522 0.22117 1104
2 0.0655228 0.233774 0.039392 0.0408131 1084
0 0.58341 0.545526 0.0333581 0.129148 949
