0 0.393641 0.55825 0.0327323 0.162778 515
0 0.452906 0.549748 0.0264599 0.149069 702
0 0.428695 0.523594 0.0245439 0.153731 701
7 0.274382 0.428558 0.0952468 0.0875821 787
0 0.507638 0.569307 0.0354072 0.173788 863
0 0.345585 0.510806 0.0308631 0.129887 870
0 0.290458 0.482645 0.0213662 0.101706 886
0 0.12141 0.350542 0.00898556 0.0542466 894
0 0.142976 0.316997 0.00992495 0.0537521 884
0 0.154189 0.420903 0.0176425 0.0880401 900
2 0.0687367 0.353107 0.0514705 0.0608203 902
0 0.244771 0.432587 0.019815 0.0845225 898
0 0.168118 0.420982 0.0104557 0.0783314 907
2 0.299225 0.418056 0.0375856 0.0277778 905
0 0.0141821 0.959444 0.0253695 0.08 909
