0 0.18156 0.821734 0.0700383 0.286312 515
2 0.276729 0.429159 0.094301 0.0893372 787
0 0.132316 0.372474 0.0119477 0.0627157 894
0 0.141516 0.362363 0.0125764 0.0689299 900
2 0.0819688 0.54503 0.10243 0.159071 902
0 0.497351 0.656493 0.0474737 0.172783 909
0 0.460285 0.610246 0.0201188 0.088407 927
0 0.293245 0.481967 0.0200391 0.104231 928
0 0.463331 0.726938 0.0474477 0.23942 934
0 0.426632 0.777678 0.0600058 0.298635 940
0 0.313845 0.851913 0.0780336 0.28616 949
2 0.0714921 0.357058 0.0504182 0.0623677 953
0 0.378001 0.642157 0.0560315 0.201403 950
0 0.258752 0.813859 0.0553652 0.262182 702
0 0.287852 0.689167 0.045396 0.182005 971
0 0.143154 0.310676 0.0100456 0.041446 884
0 0.231227 0.773325 0.0351827 0.241393 974
0 0.27313 0.475945 0.0188973 0.0938049 957
