0 0.294758 0.689589 0.0590481 0.208463 515
2 0.276397 0.428855 0.0921543 0.0876233 787
0 0.375624 0.678281 0.0485428 0.211866 863
0 0.248517 0.487881 0.0224045 0.105223 870
0 0.122015 0.362052 0.0080457 0.0592112 894
0 0.143375 0.318443 0.00914052 0.0504773 884
0 0.152016 0.385176 0.0155841 0.0773685 900
2 0.0374744 0.472337 0.0591949 0.119385 902
0 0.371186 0.788805 0.0577331 0.239096 909
0 0.339794 0.779123 0.0483497 0.234025 927
0 0.28874 0.483225 0.0204218 0.10274 928
0 0.436035 0.878589 0.083947 0.238471 934
0 0.283001 0.917078 0.0891439 0.160324 940
0 0.0478451 0.95859 0.0349133 0.0828192 949
2 0.134887 0.309507 0.0284136 0.0445728 953
0 0.52127 0.555197 0.0696917 0.159609 950
0 0.257532 0.446394 0.0206681 0.0923453 957
0 0.91485 0.483253 0.0213263 0.0947093 941
