0 0.336968 0.630106 0.0442894 0.203863 515
0 0.414643 0.621887 0.0330676 0.175203 702
2 0.276458 0.427549 0.0965779 0.0889062 787
0 0.446419 0.641309 0.0418827 0.197128 863
0 0.272371 0.499157 0.0264996 0.119113 870
0 0.121479 0.358466 0.00795757 0.0498252 894
0 0.143172 0.318405 0.00934447 0.0506757 884
0 0.152169 0.398305 0.0163513 0.0821369 900
2 0.0295515 0.419393 0.0511294 0.0877335 902
0 0.167851 0.434364 0.0138335 0.0853829 907
0 0.238995 0.88033 0.0790307 0.234304 909
0 0.206915 0.875941 0.0506322 0.240235 927
0 0.28973 0.482838 0.0180319 0.099505 928
