2 0.32544 0.427663 0.0544612 0.0689655 787
2 0.133692 0.588908 0.152972 0.187498 902
0 0.124937 0.35481 0.0117316 0.0591514 999
0 0.542671 0.563204 0.0285981 0.13296 1025
2 0.0567616 0.355522 0.0544461 0.0779176 1074
0 0.262017 0.48328 0.0205929 0.112702 1081
2 0.143941 0.287839 0.0357912 0.0409201 1085
0 0.294116 0.478703 0.0232467 0.131358 1060
0 0.420745 0.599202 0.0508228 0.172911 1104
0 0.348101 0.505666 0.0212907 0.117346 928
0 0.141355 0.318343 0.00881011 0.0519933 1122
0 0.325492 0.50692 0.0216781 0.120266 1130
2 0.954683 0.855101 0.0886453 0.16835 1139
0 0.908549 0.489874 0.0208492 0.0828084 1129
0 0.892258 0.492768 0.0212037 0.103927 1117
0 0.678596 0.52158 0.029471 0.152597 957
