2 0.133576 0.588194 0.152827 0.1875 902
0 0.143373 0.330355 0.0101068 0.05219 999
2 0.0184496 0.430229 0.0368992 0.112689 1074
0 0.297759 0.50639 0.0276509 0.143803 1130
0 0.410341 0.515986 0.0250053 0.137962 928
0 0.247275 0.425383 0.0190725 0.0964452 1060
2 0.0721116 0.317866 0.0448327 0.0435046 1182
0 0.391082 0.523148 0.0284794 0.147562 1104
2 0.954687 0.858319 0.0901502 0.170139 1139
0 0.345649 0.506404 0.0232222 0.119804 1155
0 0.12922 0.329186 0.00967036 0.0594537 1192
0 0.957734 0.476835 0.0254868 0.104509 1163
0 0.893892 0.499141 0.0229953 0.127471 1174
