0 0.392959 0.524327 0.0369363 0.17495 515
0 0.457045 0.528072 0.0237547 0.154623 702
0 0.429029 0.513195 0.0249803 0.152777 701
2 0.269765 0.427447 0.108364 0.0907858 787
0 0.148693 0.353657 0.0144757 0.0714783 845
0 0.521116 0.519544 0.0324901 0.163695 863
0 0.332725 0.736049 0.0540904 0.237177 870
0 0.283489 0.475631 0.0225562 0.104631 874
0 0.134055 0.385347 0.0117844 0.0689626 877
0 0.140348 0.308444 0.0105428 0.036236 884
0 0.343247 0.485969 0.0162625 0.100809 886
0 0.941039 0.477258 0.0196584 0.104418 885
