2 0.147209 0.571581 0.172845 0.235883 362
2 0.0455141 0.429359 0.0557601 0.106247 407
0 0.285736 0.476738 0.0220766 0.113174 421
2 0.0435852 0.380822 0.0534325 0.0709214 425
2 0.104261 0.324336 0.0466503 0.051339 448
0 0.341914 0.485119 0.0211953 0.101689 492
0 0.323704 0.487939 0.019502 0.0945759 497
2 0.0842758 0.794802 0.168552 0.274497 514
0 0.433973 0.511451 0.046451 0.164718 515
0 0.129137 0.33701 0.0108371 0.0605102 533
0 0.680435 0.523444 0.0167072 0.155793 524
0 0.532282 0.555815 0.0371243 0.138024 531
2 0.977319 0.618194 0.0453615 0.148611 541
