2 0.746408 0.638515 0.247584 0.228854 407
0 0.285164 0.47607 0.0226543 0.110473 421
2 0.160345 0.592064 0.150248 0.187309 425
2 0.0430934 0.385254 0.0472791 0.0741732 448
0 0.388615 0.518203 0.0391429 0.170994 515
2 0.0949787 0.3313 0.0490929 0.0517634 546
0 0.330016 0.503535 0.0213705 0.12685 492
0 0.431636 0.513804 0.0309544 0.156846 554
2 0.336714 0.443867 0.03273 0.0650824 548
2 0.0258638 0.663993 0.0517275 0.165241 574
0 0.310577 0.516203 0.0223874 0.120103 497
2 0.0196793 0.35364 0.0239498 0.0524213 587
0 0.472571 0.520852 0.0394716 0.149577 566
