2 0.328225 0.438593 0.0520506 0.0658224 787
2 0.133676 0.588897 0.152763 0.18732 902
0 0.125625 0.351427 0.0111566 0.0570851 999
0 0.565355 0.551857 0.0337817 0.145414 1025
2 0.0472226 0.365253 0.0534043 0.0805547 1074
0 0.263913 0.481794 0.017648 0.102486 1081
0 0.287957 0.473613 0.0232717 0.126996 1060
0 0.415114 0.567153 0.0398108 0.15869 1104
0 0.351535 0.508256 0.0187967 0.122049 928
0 0.14014 0.31907 0.00950216 0.0514813 1122
0 0.332949 0.509778 0.0227576 0.129302 1130
0 0.927579 0.491094 0.0206565 0.0802694 1129
0 0.821898 0.521338 0.0342024 0.155713 1153
0 0.312312 0.487914 0.0146517 0.0981822 1155
0 0.913054 0.485887 0.0205671 0.0904602 1117
0 0.489037 0.498948 0.0221913 0.0423816 1160
2 0.954687 0.855392 0.0887353 0.166163 1139
