0 0.344108 0.632204 0.0439607 0.200376 515
0 0.41989 0.609692 0.0348731 0.187783 702
2 0.277108 0.428097 0.0974041 0.0880839 787
0 0.451022 0.639433 0.0406056 0.19447 863
0 0.279994 0.500816 0.0269031 0.118729 870
0 0.12186 0.358869 0.00780052 0.0485524 894
0 0.143261 0.319297 0.00903993 0.0488889 884
0 0.151287 0.403058 0.0168502 0.0843118 900
2 0.0307947 0.412427 0.0510869 0.0841583 902
0 0.166854 0.431623 0.0133835 0.0834013 907
0 0.223428 0.887227 0.075625 0.220623 909
0 0.632552 0.510328 0.030518 0.149736 921
0 0.190823 0.885094 0.0473764 0.224641 927
0 0.289922 0.4825 0.0179687 0.1 928
