0 0.109681 0.417943 0.0216736 0.0930148 29
0 0.485157 0.545832 0.0373437 0.186111 113
0 0.51405 0.560443 0.0294928 0.161045 226
2 0.33652 0.442424 0.0329595 0.067163 234
0 0.326677 0.766329 0.0634856 0.247092 250
0 0.0703495 0.432827 0.0196295 0.0929539 257
0 0.374461 0.778757 0.0591003 0.203499 260
0 0.0289766 0.384885 0.0124786 0.067306 261
0 0.172161 0.389827 0.014075 0.0694252 266
0 0.191503 0.366021 0.00771694 0.0407898 267
0 0.418337 0.941761 0.0602544 0.113886 268
0 0.00754283 0.975259 0.0150255 0.0493519 269
