2 0.310737 0.428159 0.0873716 0.0780345 787
2 0.133628 0.58819 0.152802 0.187499 902
2 0.0220447 0.413869 0.0440894 0.0697746 953
0 0.122834 0.370793 0.0126521 0.0672544 999
0 0.506321 0.62894 0.0339832 0.16613 1025
0 0.515692 0.534733 0.0378562 0.143367 957
2 0.0910652 0.330619 0.0494533 0.0623311 1074
0 0.291626 0.502624 0.0271651 0.127455 1081
2 0.0426765 0.332748 0.0447394 0.0535243 1085
0 0.319768 0.501933 0.0314857 0.152382 1060
0 0.143583 0.329479 0.00934315 0.0524686 1015
0 0.677924 0.527987 0.0328255 0.165687 1099
0 0.234092 0.870595 0.0967794 0.252123 1104
2 0.0586168 0.238982 0.0418716 0.0438059 1084
0 0.243766 0.4585 0.0114196 0.0743663 1112
0 0.306869 0.498124 0.0162918 0.116122 1114
0 0.584731 0.553501 0.0273478 0.109805 949
0 0.3319 0.494468 0.0163281 0.10584 928
