2 0.298098 0.429774 0.11081 0.0841314 787
2 0.133686 0.588277 0.152611 0.188252 902
0 0.52505 0.578173 0.036488 0.166931 949
2 0.0331606 0.403382 0.0584556 0.0788618 953
0 0.14274 0.316768 0.00890106 0.0504975 884
0 0.13373 0.38157 0.014049 0.0632495 999
0 0.492166 0.678189 0.0352205 0.200469 1025
0 0.423842 0.538752 0.0353182 0.160517 957
0 0.302049 0.494425 0.0205358 0.112201 1053
0 0.317992 0.494555 0.0175544 0.108809 928
2 0.116773 0.31601 0.0478321 0.0590121 1074
0 0.344616 0.504665 0.0229188 0.131334 1081
2 0.010319 0.354328 0.0111105 0.044625 1085
2 0.279702 0.408958 0.0730655 0.0475529 1088
0 0.386442 0.500991 0.0295026 0.163719 1060
0 0.136562 0.330685 0.0108345 0.0521924 1015
