2 0.29372 0.430972 0.118921 0.0865481 787
2 0.133594 0.588314 0.152831 0.188861 902
0 0.581304 0.565118 0.0293559 0.12839 940
0 0.499789 0.590629 0.0341324 0.187502 949
2 0.0413448 0.398677 0.0528824 0.0792283 953
0 0.142918 0.317735 0.00930209 0.0519587 884
0 0.14542 0.388643 0.0140657 0.0706971 999
0 0.482401 0.712229 0.0402595 0.228756 1025
0 0.13512 0.336925 0.0103789 0.0576558 1015
0 0.391104 0.535789 0.030604 0.155979 957
0 0.300092 0.491975 0.0194646 0.107438 1053
0 0.316223 0.490965 0.0179214 0.10675 928
0 0.41667 0.498747 0.0298841 0.162736 1060
2 0.130453 0.30629 0.0361973 0.0523389 1074
0 0.374198 0.503347 0.0177275 0.136236 1081
