2 0.295212 0.431008 0.118305 0.0866032 787
2 0.133594 0.588218 0.152946 0.18887 902
0 0.581774 0.566063 0.0300716 0.128319 940
0 0.5067 0.581321 0.0323604 0.168035 949
2 0.0395973 0.400008 0.0539237 0.0792876 953
0 0.142806 0.31753 0.00944309 0.052833 884
0 0.143467 0.387803 0.0145078 0.0697686 999
0 0.485419 0.707982 0.0391801 0.226978 1025
0 0.403263 0.537711 0.0318114 0.151673 957
0 0.300836 0.491295 0.0196224 0.108538 1053
0 0.317143 0.491619 0.0176737 0.107127 928
0 0.409224 0.479921 0.0233863 0.12021 1060
2 0.126718 0.310258 0.0424146 0.056666 1074
0 0.374338 0.505499 0.0185759 0.134717 1081
2 0.0922186 0.226642 0.0430835 0.0357754 1084
2 0.00285522 0.365694 0.00466984 0.0325 1085
