2 0.755673 0.638082 0.2446 0.225476 407
0 0.285163 0.476517 0.0228111 0.111365 421
2 0.168289 0.596431 0.156042 0.191377 425
2 0.0426422 0.385698 0.0478693 0.0757383 448
0 0.388632 0.519135 0.0389705 0.173287 515
2 0.0936677 0.33195 0.0499857 0.0533711 546
0 0.330703 0.504504 0.0219886 0.126866 492
0 0.431661 0.513754 0.0305222 0.156666 554
2 0.336727 0.44383 0.0327635 0.0651521 548
2 0.021643 0.66121 0.0432859 0.151185 574
0 0.310646 0.516017 0.0224052 0.120468 497
2 0.0211324 0.352164 0.0254285 0.0520542 587
0 0.470586 0.51989 0.0383143 0.147033 566
2 0.809063 0.654722 0.121991 0.186389 590
