2 0.561462 0.654832 0.278772 0.2376 327
2 0.0432031 0.503377 0.0805679 0.183407 362
2 0.045407 0.394094 0.0402036 0.0818361 407
0 0.286313 0.477138 0.0227119 0.11302 421
2 0.0646351 0.356525 0.0416818 0.059914 425
2 0.78401 0.897963 0.205154 0.195895 308
2 0.337656 0.442189 0.0319973 0.0669892 451
2 0.115336 0.320643 0.0514595 0.0515159 448
0 0.113246 0.350215 0.0095729 0.0606146 434
0 0.325476 0.476971 0.0170957 0.0982401 492
0 0.31606 0.480652 0.0191931 0.0956297 497
2 0.622677 0.898077 0.474607 0.20118 510
0 0.682919 0.526768 0.0111505 0.151041 512
2 0.431484 0.927222 0.111306 0.139722 514
