0 0.115844 0.417097 0.0217901 0.0907746 29
0 0.485157 0.545832 0.0374756 0.186111 113
0 0.514047 0.560856 0.0292941 0.160377 226
2 0.336519 0.441891 0.0330769 0.06759 234
0 0.3185 0.77492 0.0636942 0.247177 250
0 0.0655398 0.435071 0.0199326 0.0900371 257
0 0.365276 0.789546 0.0575796 0.194369 260
0 0.0276417 0.385699 0.0126185 0.0671925 261
0 0.174599 0.391944 0.0145514 0.0712219 266
0 0.193203 0.372882 0.00789862 0.0445556 267
0 0.416096 0.957424 0.0423183 0.0847358 268
0 0.00733746 0.976548 0.0142526 0.0469038 269
