2 0.327204 0.435729 0.0454732 0.0567872 787
2 0.13374 0.588854 0.152916 0.187583 902
0 0.12523 0.352841 0.0113581 0.0585309 999
0 0.558928 0.563102 0.0266387 0.131583 1025
2 0.0498892 0.361104 0.0540461 0.0803219 1074
0 0.2627 0.481905 0.0187537 0.108255 1081
0 0.288885 0.477189 0.0229015 0.124405 1060
0 0.416829 0.567924 0.0404358 0.160993 1104
0 0.35043 0.506246 0.01956 0.118063 928
0 0.140427 0.318087 0.00932247 0.0523292 1122
0 0.330749 0.510399 0.0225944 0.125838 1130
0 0.921876 0.489808 0.0211187 0.0825476 1129
0 0.816768 0.520104 0.0306221 0.159157 1153
0 0.306867 0.481883 0.0122422 0.103658 1155
0 0.90673 0.486125 0.0196651 0.0887386 1117
0 0.489453 0.499241 0.0219393 0.0417959 1160
2 0.954686 0.856686 0.0886317 0.166561 1139
