2 0.933515 0.899636 0.132354 0.18819 308
2 0.119135 0.587506 0.162564 0.215295 327
0 0.313764 0.479334 0.0200203 0.104098 296
2 0.028793 0.471393 0.0562613 0.158464 362
2 0.336373 0.441133 0.0343005 0.0689822 234
0 0.904568 0.493627 0.0230899 0.0740573 403
0 0.168412 0.398815 0.0133005 0.0776439 406
2 0.0797365 0.344618 0.0441625 0.0659873 407
0 0.46017 0.515231 0.0412324 0.153588 421
2 0.138684 0.304947 0.023691 0.0446399 425
0 0.906385 0.449349 0.016338 0.0567849 427
0 0.162895 0.402338 0.0117225 0.0717448 338
