0 0.168415 0.847269 0.073399 0.297462 515
2 0.277577 0.428472 0.0917994 0.0865825 787
0 0.134102 0.372748 0.0123455 0.0641524 894
0 0.139256 0.358584 0.0115565 0.0663491 900
2 0.08641 0.549943 0.106789 0.162269 902
0 0.501704 0.635789 0.0411654 0.15888 909
0 0.471583 0.630074 0.038139 0.149272 927
0 0.292968 0.481977 0.0201044 0.104432 928
0 0.462369 0.709298 0.0428988 0.224394 934
0 0.431385 0.752403 0.0561074 0.283044 940
0 0.333863 0.84279 0.0778662 0.300058 949
2 0.0681924 0.360032 0.0502661 0.0644 953
0 0.370648 0.645301 0.0533596 0.204047 950
0 0.248904 0.830895 0.0583584 0.275025 702
0 0.27986 0.71983 0.0522194 0.217229 971
0 0.291211 0.395417 0.00878099 0.0447222 995
0 0.277895 0.476164 0.0174814 0.0951256 957
0 0.257819 0.464304 0.0132492 0.0923343 980
0 0.772852 0.505663 0.039018 0.165118 966
