0 0.403777 0.530443 0.0323716 0.171969 515
0 0.455076 0.530558 0.0249455 0.15211 702
0 0.429955 0.512722 0.0239283 0.154504 701
2 0.276844 0.427833 0.0953697 0.0858279 787
0 0.519506 0.528885 0.0301021 0.155202 863
0 0.376737 0.529307 0.0262239 0.144195 870
0 0.295832 0.482295 0.0206791 0.102254 886
0 0.12403 0.348651 0.00900039 0.0512837 894
0 0.14303 0.313843 0.0109086 0.0605262 884
0 0.162888 0.429316 0.0185459 0.094437 900
2 0.0984927 0.331295 0.047607 0.0525682 902
0 0.246879 0.433002 0.0185279 0.0891559 898
