0 0.485156 0.545836 0.0374236 0.186089 113
0 0.514028 0.560411 0.0319504 0.162384 226
2 0.336719 0.441665 0.0331082 0.0680433 234
0 0.373936 0.669204 0.0477504 0.20101 250
0 0.106241 0.427099 0.0206847 0.0958439 257
0 0.411083 0.675356 0.0409804 0.156999 260
0 0.0491282 0.385682 0.0139462 0.0727902 261
0 0.157083 0.380696 0.0146617 0.0764537 266
0 0.436865 0.85504 0.101795 0.281866 268
0 0.00776964 0.973531 0.0148066 0.0529378 269
0 0.0659819 0.422543 0.0227224 0.0952686 29
0 0.175227 0.376631 0.0187024 0.0784481 278
