2 0.292482 0.430582 0.120113 0.0874629 787
2 0.133593 0.588556 0.153147 0.189581 902
0 0.558591 0.557763 0.0389828 0.173099 940
0 0.485569 0.599904 0.0352147 0.186769 949
2 0.0433278 0.39729 0.0505612 0.0778239 953
0 0.142866 0.318028 0.00948683 0.0538341 884
0 0.147977 0.393674 0.0146362 0.0730753 999
0 0.469466 0.738285 0.0416632 0.234316 1025
0 0.133382 0.338531 0.0110599 0.0596683 1015
0 0.375583 0.52644 0.0303162 0.147224 957
0 0.396247 0.508497 0.0277404 0.140724 934
0 0.297994 0.488042 0.0194335 0.10616 1053
0 0.313546 0.490761 0.0186428 0.105129 928
0 0.433843 0.507754 0.0328575 0.170708 1060
0 0.675068 0.526606 0.0310194 0.149198 1069
0 0.659139 0.512953 0.0267868 0.144751 1071
2 0.137849 0.300858 0.0285033 0.0519231 1074
0 0.0120132 0.909971 0.0217434 0.146522 1048
0 0.0118027 0.951051 0.0198878 0.065907 1075
