0 0.356106 0.604141 0.0381326 0.191804 515
0 0.433121 0.595728 0.0346129 0.172982 702
0 0.414039 0.562986 0.0233839 0.162217 701
7 0.275191 0.426226 0.0982741 0.085029 787
0 0.4727 0.624857 0.036948 0.187064 863
0 0.298391 0.505052 0.0304676 0.120824 870
0 0.287151 0.481065 0.0175693 0.0991792 886
0 0.121755 0.353645 0.00830348 0.0553964 894
0 0.14297 0.316954 0.0097551 0.054296 884
0 0.149676 0.409527 0.0168495 0.0846794 900
2 0.0374033 0.393427 0.0526204 0.0777493 902
0 0.16698 0.427113 0.0138737 0.0821406 907
0 0.154477 0.909921 0.0739261 0.177158 909
0 0.660355 0.507394 0.0287545 0.160367 921
