2 0.323116 0.427005 0.0577044 0.0720203 787
2 0.133667 0.58819 0.153134 0.18751 902
0 0.124136 0.356452 0.0115138 0.0606284 999
0 0.529127 0.57835 0.0267987 0.155491 1025
2 0.0650286 0.348313 0.0526648 0.0718678 1074
0 0.261996 0.488877 0.0238694 0.117178 1081
2 0.125451 0.296792 0.0428234 0.042402 1085
0 0.290148 0.48403 0.0241093 0.142679 1060
0 0.409542 0.633271 0.0559392 0.200594 1104
0 0.344108 0.504271 0.0203135 0.119814 928
0 0.142393 0.31616 0.00953703 0.0554942 1122
0 0.322221 0.505656 0.0223564 0.122546 1130
2 0.954667 0.85561 0.0883099 0.169218 1139
0 0.886284 0.513105 0.027665 0.131841 1129
0 0.871241 0.503844 0.0221322 0.122221 1117
0 0.64473 0.521585 0.0326475 0.154183 957
