2 0.566848 0.637321 0.255927 0.234659 407
0 0.284856 0.47647 0.0237484 0.111284 421
2 0.0988727 0.553371 0.11109 0.162144 425
2 0.049074 0.375512 0.0477127 0.070677 448
0 0.385731 0.515552 0.0479445 0.172854 515
2 0.107111 0.324282 0.0502001 0.0518823 546
0 0.321497 0.50448 0.0209089 0.122191 492
0 0.431754 0.508779 0.0361127 0.148423 554
2 0.336396 0.442679 0.032976 0.0666804 548
2 0.0872654 0.746922 0.174531 0.305859 574
0 0.307557 0.511481 0.023678 0.116952 497
2 0.00782601 0.367926 0.013559 0.0433099 587
0 0.481593 0.486952 0.0216407 0.073787 566
