2 0.427371 0.645196 0.262145 0.23456 327
2 0.037478 0.493217 0.0729227 0.175604 362
2 0.0473779 0.38844 0.0428263 0.0844791 407
0 0.286587 0.475418 0.0234885 0.111775 421
2 0.0681785 0.355244 0.0396809 0.0606112 425
2 0.844377 0.884594 0.2481 0.220027 308
2 0.33659 0.440277 0.0336858 0.0703287 451
2 0.117732 0.319218 0.0504687 0.0513405 448
0 0.111592 0.349618 0.0102911 0.0619759 434
0 0.639437 0.534568 0.0280572 0.148434 487
0 0.31458 0.466889 0.0179721 0.0981303 492
0 0.305683 0.474641 0.0155334 0.0883697 497
