0 0.393676 0.523763 0.035504 0.172042 515
0 0.456676 0.528441 0.0235305 0.154578 702
0 0.429039 0.513194 0.0243472 0.15278 701
2 0.26547 0.427108 0.105478 0.0916157 787
0 0.160657 0.364717 0.0139165 0.0646874 845
0 0.520308 0.519432 0.0312127 0.163913 863
0 0.362764 0.652572 0.040536 0.185249 870
0 0.147344 0.388014 0.015045 0.0819889 877
0 0.315348 0.482341 0.01978 0.100507 886
0 0.898519 0.479942 0.0228898 0.102992 885
0 0.140622 0.31642 0.0145577 0.0540111 884
0 0.238388 0.452494 0.023642 0.119477 874
