0 0.397401 0.523595 0.0341493 0.172213 515
0 0.456246 0.528118 0.0238773 0.154873 702
0 0.429299 0.513141 0.0243556 0.15289 701
7 0.27612 0.42779 0.0973574 0.088823 787
0 0.166275 0.365679 0.0149002 0.0723741 845
0 0.519906 0.519443 0.0312355 0.16383 863
0 0.370484 0.626874 0.0393086 0.178512 870
0 0.311788 0.481915 0.0215027 0.101919 886
0 0.87105 0.499761 0.0293115 0.141827 885
0 0.155225 0.389689 0.0143544 0.0836043 877
0 0.138066 0.335709 0.00944926 0.0520833 894
0 0.143112 0.315036 0.0129535 0.052134 884
