2 0.935681 0.632318 0.128638 0.213376 327
2 0.121777 0.560015 0.154947 0.224464 362
2 0.0443003 0.425386 0.0582305 0.105342 407
0 0.285733 0.476875 0.0220099 0.113429 421
2 0.0465344 0.37274 0.0489143 0.062232 425
2 0.105389 0.324031 0.0486329 0.0519635 448
0 0.341743 0.487783 0.019417 0.0949157 492
0 0.323348 0.488236 0.0190046 0.0907519 497
2 0.128166 0.830149 0.256331 0.309178 514
0 0.448343 0.519844 0.0538131 0.168982 515
0 0.126587 0.338712 0.0106798 0.0583474 533
0 0.681761 0.524616 0.0166079 0.154818 524
0 0.532344 0.554375 0.0169436 0.107361 540
0 0.543365 0.56213 0.0295433 0.125422 531
