2 0.18653 0.58315 0.194978 0.241863 362
2 0.0477233 0.438245 0.0567257 0.114074 407
0 0.285538 0.476379 0.0219592 0.112552 421
2 0.0400274 0.386257 0.0535368 0.0762547 425
2 0.102476 0.326315 0.0456 0.051375 448
0 0.340739 0.495707 0.017051 0.0835884 492
0 0.322707 0.492735 0.0176797 0.085022 497
2 0.0364712 0.753631 0.0729423 0.181728 514
0 0.420571 0.511787 0.0426154 0.162746 515
0 0.128617 0.33472 0.0113151 0.059273 533
0 0.679361 0.526005 0.017216 0.149533 524
0 0.518293 0.529615 0.0388892 0.153942 531
