0 0.38889 0.578259 0.0371775 0.181382 515
0 0.449453 0.560461 0.0279049 0.155039 702
0 0.428553 0.524933 0.02302 0.14422 701
7 0.267717 0.42763 0.101755 0.0906158 787
0 0.502694 0.580151 0.0347964 0.170165 863
0 0.340628 0.508886 0.0293827 0.128847 870
0 0.290536 0.482553 0.0208139 0.10264 886
0 0.121337 0.350645 0.00881441 0.0551969 894
0 0.142962 0.316832 0.00995447 0.0542172 884
0 0.152217 0.418519 0.0180716 0.0887959 900
2 0.0612605 0.359855 0.0528729 0.0648741 902
0 0.168243 0.421175 0.0118128 0.0824298 907
2 0.299169 0.418056 0.0377132 0.0277778 905
0 0.036971 0.9539 0.0296459 0.0919276 909
0 0.0148563 0.948053 0.0194788 0.103307 908
