2 0.75587 0.652709 0.267935 0.23224 327
2 0.0568463 0.518747 0.0974586 0.195608 362
2 0.0441686 0.395691 0.0383462 0.0704897 407
0 0.285919 0.476782 0.022185 0.113311 421
2 0.0610191 0.361522 0.0420641 0.0612801 425
2 0.112837 0.321921 0.0514703 0.052103 448
0 0.334612 0.484379 0.0173451 0.0919915 492
0 0.323718 0.488092 0.017472 0.082785 497
2 0.319806 0.88639 0.23691 0.213091 514
0 0.505449 0.513724 0.0830602 0.171312 515
0 0.682813 0.492832 0.0126274 0.0911013 524
2 0.811346 0.672553 0.12275 0.182968 525
