0 0.141969 0.412618 0.0144747 0.0888399 29
0 0.48438 0.544976 0.0354206 0.187517 113
2 0.0347763 0.800397 0.0695527 0.204583 120
5 0.0800847 0.299556 0.0627657 0.0833012 128
2 0.336717 0.443484 0.0335735 0.0672092 115
0 0.44446 0.52912 0.026173 0.136186 82
0 0.427415 0.54466 0.0275082 0.131472 4
0 0.514842 0.562556 0.0317763 0.158378 140
2 0.0811792 0.346275 0.0451617 0.0594938 143
7 0.0151046 0.310516 0.0302092 0.0649234 158
2 0.382977 0.888727 0.207022 0.211414 159
2 0.537246 0.885667 0.444567 0.223341 149
