0 0.135142 0.871113 0.0673562 0.252951 515
2 0.276703 0.427305 0.0926608 0.0851592 787
2 0.100208 0.561945 0.119071 0.170631 902
0 0.512485 0.624439 0.0383276 0.165748 909
0 0.486089 0.633874 0.0350809 0.184521 927
0 0.299168 0.481687 0.0201749 0.104766 928
0 0.453558 0.71249 0.0522332 0.276053 940
0 0.356531 0.798426 0.0658726 0.292314 949
2 0.0612523 0.369607 0.0477495 0.0652449 953
0 0.32793 0.638991 0.046641 0.157731 950
0 0.217263 0.870937 0.0554106 0.254661 702
0 0.252271 0.763808 0.0572834 0.251917 971
0 0.143229 0.313098 0.00923847 0.0431038 884
0 0.167995 0.446124 0.0151413 0.0911202 999
0 0.274195 0.475611 0.0239696 0.103505 957
0 0.308949 0.400604 0.0107691 0.0506841 995
0 0.139081 0.379128 0.0134795 0.0667941 894
0 0.136079 0.340093 0.0103856 0.0378847 1015
