2 0.195667 0.576279 0.14209 0.194753 407
0 0.284762 0.47776 0.0207245 0.1126 421
2 0.0302203 0.470148 0.0575182 0.116357 425
2 0.0692156 0.350123 0.0506035 0.0637989 448
0 0.296948 0.503331 0.0201214 0.10576 497
0 0.381934 0.515333 0.0351676 0.169667 515
2 0.13128 0.308256 0.0373261 0.0461473 546
0 0.317698 0.493657 0.0220833 0.111155 492
0 0.428194 0.511748 0.0279785 0.153329 554
2 0.787392 0.860682 0.199899 0.272719 564
2 0.336015 0.443018 0.0339737 0.0653242 548
2 0.955456 0.608013 0.0890886 0.210468 558
2 0.625454 0.85723 0.475978 0.275063 572
0 0.534781 0.554844 0.0317199 0.108855 566
2 0.435547 0.898194 0.0964762 0.195556 574
