0 0.241236 0.741406 0.0643568 0.257435 515
2 0.277091 0.429121 0.0925351 0.0875058 787
0 0.124641 0.365834 0.0113995 0.0628536 894
0 0.143722 0.316297 0.0101214 0.0539323 884
0 0.147629 0.371804 0.0139767 0.0736027 900
2 0.0561526 0.511348 0.0781876 0.140502 902
0 0.437941 0.725485 0.0433262 0.228946 909
0 0.405631 0.703676 0.0344746 0.194311 927
0 0.291833 0.482595 0.0193837 0.104211 928
0 0.466332 0.79561 0.0536541 0.255093 934
0 0.379259 0.858182 0.0867057 0.277161 940
0 0.192266 0.904587 0.0831935 0.188008 949
2 0.0946816 0.335911 0.0465891 0.053247 953
0 0.453443 0.591575 0.0420833 0.158823 950
0 0.264585 0.463566 0.0148125 0.0937348 957
0 0.319902 0.728259 0.0490402 0.237497 702
0 0.337789 0.663272 0.0630799 0.199007 971
