0 0.246922 0.731858 0.062642 0.246706 515
2 0.276957 0.428719 0.0926602 0.087552 787
0 0.124174 0.365097 0.0112455 0.0634307 894
0 0.143671 0.316293 0.0100544 0.0536359 884
0 0.147875 0.371742 0.0143102 0.0748844 900
2 0.0545214 0.508758 0.0764159 0.138811 902
0 0.433618 0.726621 0.0437327 0.228822 909
0 0.400096 0.709316 0.0364549 0.20375 927
0 0.29155 0.482404 0.0192742 0.103807 928
0 0.466506 0.797424 0.0537119 0.251429 934
0 0.373489 0.864142 0.08776 0.266363 940
0 0.183318 0.910478 0.0807573 0.17622 949
2 0.0986647 0.333575 0.0460117 0.0519276 953
0 0.456247 0.591028 0.0453104 0.167904 950
0 0.26364 0.466163 0.0160482 0.0983071 957
0 0.857259 0.505089 0.0385603 0.148419 966
0 0.320596 0.728625 0.0486888 0.239227 702
0 0.342186 0.661765 0.0665904 0.205228 971
0 0.287811 0.400633 0.00941321 0.0347075 972
