2 0.314643 0.428742 0.0794895 0.0782775 787
2 0.133699 0.588548 0.152675 0.186792 902
0 0.122815 0.365841 0.0110441 0.0647945 999
0 0.510806 0.613981 0.0319188 0.168238 1025
2 0.0827316 0.336106 0.0516848 0.0666428 1074
0 0.276123 0.496898 0.0237988 0.126679 1081
2 0.064722 0.320456 0.0395695 0.0494093 1085
0 0.302588 0.496757 0.0269826 0.149709 1060
0 0.321556 0.760698 0.0681533 0.247545 1104
2 0.0410905 0.244425 0.0361689 0.03704 1084
0 0.258197 0.461529 0.0178533 0.0890987 1112
0 0.334846 0.498463 0.0186776 0.114225 928
0 0.815667 0.513028 0.0277861 0.143598 1117
0 0.142922 0.317788 0.00933712 0.051922 1122
0 0.146981 0.321751 0.0070107 0.0401713 1015
0 0.644375 0.508958 0.0348524 0.14875 1128
