2 0.133627 0.588281 0.152899 0.187502 902
0 0.141843 0.33301 0.0102466 0.0524929 999
2 0.0196766 0.420574 0.0393531 0.105798 1074
0 0.300898 0.513145 0.0277049 0.143207 1130
0 0.935687 0.477568 0.0225641 0.1058 1163
0 0.398455 0.509955 0.0254417 0.134273 928
0 0.25815 0.431616 0.0187899 0.0987099 1060
0 0.949947 0.488348 0.0249626 0.0843862 1179
2 0.0410974 0.331602 0.0393279 0.0466272 1182
0 0.37982 0.517701 0.0277312 0.141009 1104
2 0.954687 0.858307 0.089357 0.17017 1139
0 0.340427 0.506502 0.0229783 0.115137 1155
0 0.130736 0.328459 0.00856095 0.058222 1192
0 0.871005 0.507273 0.024731 0.134538 1174
