2 0.284645 0.429929 0.107457 0.0870408 787
2 0.133704 0.587503 0.153134 0.188913 902
0 0.513439 0.59366 0.0395864 0.198854 940
0 0.457196 0.642889 0.041222 0.223713 949
2 0.0472435 0.393774 0.0475858 0.0764286 953
0 0.0886304 0.840036 0.0812033 0.242444 950
0 0.0803891 0.9573 0.0440578 0.0844337 971
0 0.141775 0.317317 0.0106963 0.0542995 884
0 0.144051 0.408975 0.0148102 0.075992 999
0 0.171726 0.414166 0.0144588 0.0724456 894
0 0.429447 0.815776 0.0504365 0.260318 1025
0 0.129769 0.344126 0.0124204 0.0622448 1015
0 0.342714 0.510512 0.031923 0.139854 957
0 0.423779 0.544174 0.0390863 0.161319 934
0 0.288961 0.484643 0.0200254 0.102987 1053
0 0.309911 0.485266 0.0188713 0.100261 928
0 0.489039 0.511499 0.0371367 0.172108 1060
0 0.00774561 0.916907 0.0149139 0.16252 1048
