2 0.318152 0.431361 0.0759402 0.0821647 787
2 0.13367 0.588513 0.152865 0.186863 902
0 0.122795 0.362374 0.0112442 0.0633683 999
0 0.516628 0.608678 0.030626 0.166934 1025
2 0.0765277 0.340073 0.051295 0.0672036 1074
0 0.269697 0.498067 0.0245493 0.12496 1081
2 0.0871018 0.305794 0.0324993 0.034834 1085
0 0.291959 0.495721 0.0271192 0.148546 1060
0 0.368904 0.708481 0.0590141 0.234896 1104
0 0.339308 0.500101 0.020276 0.116633 928
0 0.835314 0.500436 0.0224958 0.11898 1117
0 0.142693 0.317503 0.00927843 0.0530056 1122
0 0.663019 0.512994 0.0368534 0.168439 1128
0 0.843382 0.515225 0.0271173 0.139951 1129
0 0.31371 0.503051 0.0159896 0.117235 1130
2 0.0253344 0.247671 0.0329314 0.0292196 1084
