2 0.317809 0.431381 0.0769222 0.0823237 787
2 0.133635 0.588458 0.152938 0.186972 902
0 0.122706 0.362511 0.0112721 0.0638269 999
0 0.515791 0.611201 0.0312671 0.170043 1025
2 0.0769021 0.339612 0.051383 0.067376 1074
0 0.270125 0.503221 0.0265218 0.134513 1081
2 0.0813595 0.304562 0.0291557 0.032443 1085
0 0.29162 0.49552 0.0270513 0.148521 1060
0 0.365406 0.711982 0.0595402 0.236993 1104
0 0.338629 0.5002 0.0201256 0.116259 928
0 0.833864 0.500106 0.0224963 0.118529 1117
0 0.142578 0.317811 0.00914278 0.0520375 1122
0 0.660784 0.512404 0.0372669 0.167641 1128
0 0.841298 0.516323 0.0264222 0.140003 1129
0 0.313641 0.503025 0.0157483 0.116887 1130
2 0.0266625 0.246432 0.0317801 0.028421 1084
