0 0.285151 0.476073 0.0231513 0.109741 421
2 0.61305 0.66469 0.277698 0.206982 425
2 0.0338161 0.426939 0.0463173 0.0933413 448
0 0.38738 0.520088 0.0397462 0.177264 515
2 0.0645781 0.356916 0.0482656 0.0635794 546
0 0.335732 0.50834 0.023055 0.125948 492
0 0.429671 0.512523 0.0333172 0.159114 554
2 0.336886 0.444132 0.0330448 0.0620185 548
0 0.315531 0.516198 0.023926 0.121145 497
2 0.105087 0.309382 0.0429065 0.0394062 587
0 0.457931 0.528556 0.0348192 0.149687 566
2 0.404694 0.882634 0.150556 0.226398 607
