2 0.133591 0.588193 0.152854 0.187501 902
0 0.142316 0.332128 0.0104716 0.0516112 999
2 0.0188654 0.423696 0.0377308 0.105777 1074
0 0.298266 0.506602 0.0279262 0.142326 1130
0 0.405071 0.513504 0.0239629 0.138031 928
0 0.253685 0.431111 0.0189603 0.0978609 1060
0 0.955923 0.487614 0.0246002 0.0835611 1179
2 0.0547889 0.325212 0.0434096 0.0459793 1182
0 0.383744 0.520333 0.0279564 0.144831 1104
2 0.954687 0.858424 0.08932 0.168596 1139
0 0.342263 0.509065 0.0230941 0.114409 1155
0 0.13002 0.329011 0.00901203 0.0588775 1192
0 0.943844 0.481654 0.0211818 0.0959987 1163
0 0.880863 0.505109 0.024343 0.13179 1174
