2 0.300952 0.429645 0.105705 0.0838889 787
2 0.133693 0.588235 0.15242 0.187712 902
0 0.542813 0.557122 0.036154 0.155558 949
2 0.0309343 0.40982 0.0618687 0.0802588 953
0 0.128267 0.378541 0.0141255 0.0668823 999
0 0.498936 0.642242 0.032815 0.15665 1025
0 0.453918 0.53866 0.0373052 0.155184 957
0 0.302093 0.496097 0.0192896 0.111131 1053
2 0.107024 0.321095 0.0489192 0.0590983 1074
0 0.325083 0.504594 0.0258338 0.133489 1081
2 0.0186369 0.348405 0.0259517 0.0560377 1085
0 0.361743 0.510292 0.0270893 0.141835 1060
0 0.140128 0.33227 0.0111993 0.0576373 1015
0 0.641779 0.528537 0.0210662 0.167615 1099
