0 0.284505 0.477647 0.0229599 0.112234 421
0 0.401245 0.523398 0.0430408 0.173226 515
0 0.433188 0.512141 0.0292421 0.15436 554
0 0.455546 0.530052 0.0317954 0.156825 566
2 0.73876 0.663232 0.296365 0.218262 618
2 0.337111 0.44097 0.0335607 0.069443 624
0 0.129595 0.327471 0.0103 0.0575734 635
2 0.116825 0.805288 0.23365 0.35999 657
0 0.327409 0.525539 0.023518 0.125538 492
2 0.104533 0.31848 0.0536208 0.0754684 662
0 0.302299 0.524759 0.0233057 0.136884 497
2 0.633076 0.661664 0.209747 0.21534 668
2 0.817305 0.685972 0.138148 0.1675 669
