0 0.406204 0.527044 0.0309724 0.174619 515
0 0.455961 0.527769 0.0260176 0.155566 702
0 0.430473 0.512484 0.0238932 0.154495 701
7 0.272009 0.425728 0.0989038 0.0848562 787
0 0.520313 0.519439 0.0313394 0.163901 863
0 0.377028 0.545773 0.0267527 0.142375 870
0 0.299234 0.481695 0.0192482 0.099854 886
0 0.126008 0.344633 0.00933942 0.050566 894
0 0.143611 0.318118 0.00937227 0.0510186 884
0 0.168954 0.43065 0.0162584 0.0972098 900
2 0.124163 0.3152 0.040106 0.046769 902
0 0.242601 0.432616 0.017089 0.0833032 898
