0 0.485156 0.54654 0.0374381 0.186097 113
0 0.514065 0.560419 0.0308459 0.162501 226
2 0.336791 0.442367 0.0334649 0.0678013 234
0 0.394097 0.62319 0.0416084 0.178629 250
0 0.131007 0.422073 0.0196813 0.0902855 257
0 0.427898 0.602014 0.0230405 0.0823765 260
0 0.145341 0.371716 0.0137686 0.0760854 266
0 0.425482 0.765458 0.0674072 0.271056 268
0 0.0304112 0.432142 0.0212174 0.093322 29
0 0.158376 0.371887 0.0161087 0.0796873 278
0 0.0629866 0.390364 0.0139865 0.0733382 261
0 0.168544 0.36942 0.0123587 0.0701323 285
