0 0.485156 0.546529 0.0374809 0.186109 113
0 0.514065 0.560415 0.0303382 0.161082 226
2 0.336718 0.44165 0.0340475 0.0694127 234
0 0.406289 0.574753 0.0307558 0.113934 250
0 0.14895 0.421471 0.0191686 0.0896153 257
0 0.437927 0.59781 0.0300975 0.106388 260
0 0.135675 0.366366 0.0143452 0.0730393 266
0 0.415989 0.709681 0.0608063 0.259229 268
0 0.0095816 0.437891 0.0191632 0.0937874 29
0 0.152341 0.366652 0.0142853 0.0777347 278
0 0.0713169 0.39121 0.0147456 0.0774921 261
0 0.160815 0.363188 0.0121984 0.0676203 285
