2 0.321207 0.431284 0.0679058 0.0820419 787
2 0.133692 0.588182 0.153296 0.187524 902
0 0.123237 0.359275 0.0114903 0.0621613 999
0 0.522142 0.596847 0.0287233 0.16529 1025
2 0.0703458 0.344026 0.0537897 0.072409 1074
0 0.266549 0.493095 0.0220518 0.114708 1081
2 0.108297 0.303513 0.0448119 0.0449125 1085
0 0.291866 0.488558 0.0241543 0.14246 1060
0 0.387675 0.666058 0.0522961 0.206977 1104
0 0.343141 0.502224 0.0202179 0.118535 928
0 0.142227 0.317357 0.00935038 0.0526377 1122
0 0.317667 0.504804 0.0211914 0.121021 1130
2 0.0131148 0.252378 0.0262297 0.0283312 1084
2 0.95462 0.856898 0.0876795 0.169538 1139
0 0.867538 0.516813 0.028263 0.134663 1129
0 0.27731 0.474259 0.017475 0.0956889 1112
