2 0.312713 0.429487 0.0848809 0.080101 787
2 0.133767 0.588552 0.152524 0.186782 902
2 0.0116674 0.420196 0.0233347 0.0561671 953
0 0.122576 0.367445 0.0110173 0.0652233 999
0 0.509823 0.618222 0.0322737 0.164885 1025
2 0.0861948 0.333882 0.05074 0.0645937 1074
0 0.283291 0.501054 0.0233245 0.125671 1081
2 0.0560625 0.324437 0.0420561 0.050073 1085
0 0.307392 0.498465 0.0279112 0.152349 1060
0 0.296267 0.804636 0.0850412 0.277782 1104
2 0.0466515 0.242446 0.0377956 0.0391475 1084
0 0.255248 0.45957 0.017497 0.0906041 1112
0 0.331564 0.497566 0.0174033 0.113509 928
0 0.8145 0.515414 0.0265703 0.140945 1117
