0 0.284809 0.476409 0.0224601 0.10975 421
0 0.403285 0.51803 0.0465404 0.160839 515
0 0.430957 0.508603 0.0309026 0.147858 554
0 0.450954 0.511906 0.0289276 0.118395 566
2 0.528593 0.658122 0.28233 0.22389 618
2 0.33711 0.440965 0.0335578 0.0694401 624
0 0.130148 0.328493 0.00979856 0.0555548 635
2 0.0858726 0.31357 0.0368085 0.0429672 647
2 0.188916 0.844679 0.377831 0.29915 657
0 0.321465 0.535095 0.0299327 0.130468 492
2 0.12601 0.304688 0.0332696 0.0501222 662
0 0.302938 0.522909 0.0245871 0.134805 497
