2 0.323612 0.42619 0.0556937 0.0694566 787
2 0.133691 0.588636 0.153404 0.187964 902
0 0.124267 0.355035 0.0115589 0.0596272 999
0 0.536276 0.5771 0.0305302 0.151514 1025
2 0.0614348 0.351132 0.0538824 0.0749629 1074
0 0.263068 0.488597 0.0233735 0.115897 1081
2 0.134324 0.293067 0.0412866 0.0414131 1085
0 0.291722 0.486886 0.023582 0.13678 1060
0 0.41678 0.619493 0.0515263 0.17374 1104
0 0.344926 0.503633 0.0210109 0.121816 928
0 0.142004 0.318027 0.00886835 0.0519221 1122
0 0.323933 0.50649 0.0225042 0.124355 1130
2 0.954677 0.855594 0.0886789 0.169283 1139
0 0.89518 0.495737 0.0205641 0.0902852 1129
0 0.65565 0.52366 0.0297449 0.146059 957
0 0.87957 0.499708 0.0212393 0.112279 1117
