0 0.403863 0.523617 0.0340792 0.171308 515
0 0.456242 0.528477 0.0240076 0.154157 702
0 0.429717 0.512912 0.0245163 0.153346 701
2 0.275768 0.428403 0.0949755 0.0883641 787
0 0.1722 0.374232 0.0130795 0.0624758 845
0 0.520323 0.519443 0.0316056 0.163892 863
0 0.373575 0.606042 0.0354625 0.166878 870
0 0.305989 0.482178 0.0205798 0.100447 886
0 0.159551 0.396041 0.0142857 0.0848059 877
0 0.13269 0.33817 0.00948784 0.0483162 894
0 0.144421 0.316256 0.0104159 0.0552418 884
0 0.845144 0.499149 0.0291929 0.141424 885
