0 0.485156 0.54653 0.0374776 0.186108 113
0 0.514066 0.560414 0.0304657 0.161069 226
2 0.336717 0.441643 0.0338645 0.0687805 234
0 0.403673 0.592986 0.0363319 0.140855 250
0 0.147034 0.417854 0.0202012 0.0955596 257
0 0.436698 0.599762 0.0300375 0.104649 260
0 0.137496 0.363094 0.0129099 0.0632 266
0 0.417913 0.71555 0.0597027 0.25142 268
0 0.01103 0.439929 0.0214279 0.0951261 29
0 0.152663 0.367385 0.0145057 0.0787268 278
0 0.0704394 0.392176 0.0149865 0.0753792 261
0 0.162274 0.364791 0.0131806 0.0730009 285
