0 0.406353 0.526474 0.0320505 0.173779 515
0 0.456098 0.527758 0.025472 0.155581 702
0 0.43048 0.512456 0.023792 0.155667 701
7 0.274 0.426402 0.0941812 0.0833315 787
0 0.520313 0.519554 0.0313887 0.163669 863
0 0.377278 0.565362 0.0307955 0.15691 870
0 0.302641 0.481245 0.0191322 0.0999768 886
0 0.164066 0.404934 0.0139795 0.085639 877
0 0.127417 0.343544 0.00930046 0.050613 894
0 0.143092 0.31846 0.00920903 0.0501268 884
0 0.806942 0.506761 0.0307195 0.143666 885
0 0.17179 0.434164 0.0138524 0.0900779 900
2 0.134987 0.307676 0.0372834 0.0450246 902
0 0.242086 0.435193 0.0154043 0.0769836 898
