2 0.128592 0.539075 0.108814 0.178233 407
0 0.284742 0.477641 0.0216179 0.112269 421
2 0.0251908 0.447708 0.0503815 0.10161 425
2 0.0775143 0.343121 0.0483163 0.0597072 448
0 0.296911 0.501088 0.0199236 0.100324 497
0 0.385601 0.512489 0.0382429 0.167919 515
2 0.135158 0.306377 0.0325982 0.0443481 546
2 0.102611 0.840084 0.205222 0.300265 549
0 0.324608 0.491146 0.0203685 0.106507 492
0 0.430536 0.511452 0.0266471 0.148509 554
2 0.856475 0.840596 0.173597 0.313973 564
2 0.878082 0.625881 0.243837 0.240555 362
