0 0.485156 0.546535 0.0374549 0.186099 113
0 0.514016 0.560438 0.0309804 0.162453 226
2 0.336722 0.442365 0.0334027 0.0676056 234
0 0.39552 0.613344 0.0386598 0.161582 250
0 0.134446 0.421609 0.0199154 0.0912581 257
0 0.427633 0.612494 0.0295441 0.106599 260
0 0.143597 0.369747 0.0131635 0.0747557 266
0 0.422123 0.753706 0.0682428 0.277273 268
0 0.0245088 0.433972 0.0223035 0.0955157 29
0 0.157494 0.372857 0.0161983 0.0806044 278
0 0.0645757 0.390783 0.0137596 0.0727793 261
0 0.167345 0.368104 0.0132152 0.0721399 285
