2 0.86631 0.652493 0.243307 0.232926 327
2 0.0758695 0.532641 0.116176 0.205311 362
2 0.0441907 0.400376 0.0416876 0.0719754 407
0 0.285931 0.476619 0.0220475 0.113913 421
2 0.0566733 0.363216 0.0403157 0.0569544 425
2 0.111144 0.322226 0.0512766 0.0526111 448
0 0.34091 0.482327 0.0194982 0.0961119 492
0 0.324379 0.487411 0.0179706 0.0877061 497
2 0.236982 0.869076 0.366332 0.249954 514
0 0.484976 0.521917 0.0625807 0.172204 515
0 0.121442 0.342007 0.0101229 0.059962 533
0 0.682813 0.531395 0.0184965 0.14736 524
0 0.576324 0.576634 0.0212086 0.104265 531
