0 0.163185 0.856397 0.0731906 0.281257 515
2 0.277273 0.428501 0.092931 0.0873895 787
0 0.135746 0.369716 0.0111501 0.0558888 894
2 0.0903941 0.553488 0.110727 0.165519 902
0 0.504942 0.63203 0.0385418 0.151026 909
0 0.480663 0.6492 0.0426884 0.188628 927
0 0.292792 0.481239 0.0202657 0.103956 928
0 0.463996 0.694603 0.0399954 0.2196 934
0 0.438145 0.751259 0.0569479 0.287614 940
0 0.340908 0.836097 0.0798754 0.304097 949
2 0.0658609 0.362368 0.048829 0.0637682 953
0 0.354079 0.650318 0.0509441 0.209387 950
0 0.242388 0.850481 0.0595082 0.280951 702
0 0.276676 0.729974 0.0540407 0.228494 971
0 0.328745 0.422791 0.0108603 0.0670876 996
0 0.143475 0.311836 0.00905155 0.0383746 884
0 0.2789 0.476962 0.0171746 0.0947366 957
