0 0.39307 0.525017 0.036354 0.175909 515
0 0.457034 0.528129 0.0235223 0.154875 702
0 0.429304 0.513195 0.0245191 0.152778 701
2 0.266697 0.426448 0.111332 0.0934194 787
0 0.153333 0.356556 0.0143729 0.0745744 845
0 0.520143 0.519657 0.031236 0.16346 863
0 0.346494 0.695732 0.0472901 0.214825 870
0 0.259501 0.468678 0.0222758 0.10472 874
0 0.142266 0.389437 0.0143247 0.0723204 877
0 0.328273 0.484454 0.0209347 0.101001 886
0 0.922935 0.477493 0.0209169 0.105115 885
0 0.234129 0.432461 0.0195446 0.0843156 887
