2 0.133496 0.588194 0.153211 0.188215 902
2 0.0192643 0.450176 0.0385286 0.130964 1074
0 0.297654 0.492315 0.0240712 0.129354 1130
0 0.437675 0.517863 0.0243409 0.136285 928
2 0.136525 0.292168 0.0406914 0.0363918 1182
0 0.42252 0.530234 0.0310903 0.1467 1104
2 0.954687 0.856435 0.0905402 0.168923 1139
0 0.378224 0.510392 0.0259537 0.126461 1155
0 0.125707 0.334674 0.00984172 0.0569741 1192
0 0.928832 0.481937 0.020592 0.0972643 1174
0 0.791647 0.520931 0.0294547 0.138781 1217
0 0.148435 0.318436 0.00727433 0.0340363 999
