2 0.119338 0.5875 0.162295 0.215292 327
2 0.031434 0.481951 0.0628681 0.167808 362
2 0.0541143 0.375717 0.0424262 0.078362 407
0 0.272115 0.487892 0.0247673 0.124592 421
2 0.077231 0.348659 0.0386066 0.0561939 425
0 0.122897 0.374107 0.0117362 0.0742011 434
2 0.932741 0.90001 0.134013 0.188829 308
2 0.336921 0.440968 0.0337942 0.069469 451
0 0.812514 0.500717 0.0339728 0.152816 432
0 0.247515 0.429984 0.0145215 0.0764118 464
2 0.125068 0.312032 0.042303 0.0466845 448
0 0.859884 0.540921 0.0279736 0.134936 457
