2 0.297944 0.429714 0.111602 0.084448 787
2 0.133671 0.588419 0.152706 0.188424 902
0 0.523347 0.577729 0.0366782 0.169551 949
2 0.0343593 0.402903 0.0573345 0.0783122 953
0 0.143044 0.316722 0.00854111 0.0483773 884
0 0.134212 0.381376 0.0139488 0.0652053 999
0 0.491319 0.675695 0.0340567 0.1938 1025
0 0.419601 0.538719 0.0355278 0.160282 957
0 0.302067 0.493574 0.020503 0.112386 1053
0 0.317899 0.494592 0.0174178 0.108203 928
2 0.119367 0.315141 0.0479772 0.0592545 1074
0 0.346819 0.504897 0.0220112 0.12902 1081
2 0.00960526 0.355092 0.0101106 0.0437624 1085
2 0.279204 0.40949 0.073909 0.048077 1088
0 0.388182 0.500744 0.0291677 0.164794 1060
0 0.136498 0.329144 0.00937533 0.0445085 1015
