2 0.119361 0.5875 0.162373 0.215293 327
2 0.0313966 0.481955 0.0626954 0.167432 362
2 0.054316 0.375014 0.0422265 0.0779494 407
0 0.272493 0.491368 0.0249675 0.127424 421
2 0.0775444 0.347914 0.0385196 0.0559147 425
0 0.124114 0.374684 0.0123633 0.0748858 434
2 0.125554 0.312779 0.0432082 0.0479581 448
2 0.931207 0.899206 0.13473 0.190688 308
2 0.336866 0.440965 0.0339253 0.0694861 451
0 0.826933 0.497518 0.0291919 0.148648 432
0 0.244843 0.429741 0.0146059 0.0765479 464
0 0.867941 0.533803 0.0316031 0.145614 457
