2 0.25445 0.604873 0.237473 0.265612 362
2 0.0505455 0.448564 0.0582622 0.122 407
0 0.285726 0.460469 0.0172918 0.0806669 421
2 0.0357786 0.392929 0.0508522 0.0745058 425
2 0.101022 0.328353 0.0466036 0.0521371 448
0 0.340899 0.490266 0.0182752 0.096049 492
0 0.320473 0.490441 0.0176098 0.0870682 497
0 0.410692 0.518206 0.0438777 0.161975 515
0 0.132988 0.333895 0.0117763 0.0597563 533
0 0.66734 0.532069 0.0221307 0.135889 524
0 0.497926 0.529035 0.0390347 0.156251 531
2 0.85515 0.8513 0.189833 0.288597 542
