2 0.853928 0.639525 0.228557 0.224852 407
0 0.28516 0.476765 0.0227026 0.111861 421
2 0.225279 0.620641 0.18876 0.208072 425
2 0.0396234 0.391705 0.0475399 0.0792483 448
0 0.386851 0.519244 0.0379328 0.175639 515
2 0.0897667 0.335436 0.0511577 0.0568495 546
0 0.331866 0.505506 0.0238908 0.125515 492
0 0.431316 0.513468 0.0294972 0.156071 554
2 0.336712 0.443319 0.0325094 0.0639657 548
0 0.312888 0.515952 0.0224504 0.120798 497
2 0.0333681 0.343242 0.034147 0.0498891 587
0 0.465029 0.519819 0.0337351 0.148148 566
0 0.490643 0.498611 0.0203581 0.0416667 595
