2 0.296967 0.615454 0.250382 0.262026 362
2 0.0530069 0.454087 0.0593984 0.126251 407
0 0.285767 0.455531 0.0170906 0.070114 421
2 0.0335668 0.39668 0.0510595 0.076949 425
2 0.0951721 0.329565 0.0445443 0.051678 448
0 0.3409 0.476247 0.0144285 0.0678737 492
0 0.318122 0.472537 0.0119785 0.0527673 497
0 0.398095 0.504677 0.0359444 0.138919 515
0 0.134775 0.333471 0.0120352 0.060756 533
0 0.662778 0.531349 0.0290513 0.13836 524
0 0.49473 0.52609 0.0405718 0.15279 531
2 0.843882 0.858899 0.203777 0.272216 542
