0 0.289808 0.696563 0.0588676 0.225213 515
2 0.276287 0.429174 0.0922752 0.0874701 787
0 0.370834 0.65962 0.0396874 0.171841 863
0 0.245015 0.48576 0.0214168 0.105638 870
0 0.122395 0.361284 0.00857182 0.0622786 894
0 0.143192 0.31739 0.00973961 0.0536336 884
0 0.151489 0.383707 0.0160135 0.0804761 900
2 0.0388627 0.477291 0.0613115 0.122704 902
0 0.375448 0.784564 0.0603089 0.240403 909
0 0.340319 0.773023 0.0489286 0.236218 927
0 0.288577 0.483153 0.0196949 0.101507 928
0 0.445032 0.875241 0.0803028 0.244187 934
0 0.29462 0.911553 0.0902036 0.17311 940
0 0.0645552 0.952825 0.0403453 0.0937997 949
2 0.131092 0.313412 0.0314254 0.0455611 953
0 0.518089 0.564768 0.0700046 0.175436 950
0 0.25849 0.452402 0.0221587 0.101545 957
0 0.910873 0.479622 0.0223852 0.0995542 941
