2 0.323939 0.426256 0.0554961 0.069251 787
2 0.133692 0.588585 0.153486 0.188136 902
0 0.124253 0.355042 0.0115711 0.0596208 999
0 0.536382 0.576312 0.0308154 0.149345 1025
2 0.0609373 0.351689 0.0532045 0.0741968 1074
0 0.262753 0.487344 0.022685 0.113615 1081
2 0.135378 0.292127 0.040013 0.0406161 1085
0 0.291904 0.487281 0.0233691 0.135213 1060
0 0.418664 0.616594 0.0530352 0.179158 1104
0 0.345245 0.503773 0.0210115 0.121248 928
0 0.141856 0.317958 0.00881581 0.0517496 1122
0 0.323745 0.506811 0.0226116 0.124929 1130
2 0.954678 0.855081 0.0887666 0.169399 1139
0 0.898073 0.492284 0.0194014 0.0831542 1129
0 0.657515 0.524397 0.0303214 0.148935 957
0 0.88021 0.505383 0.0237448 0.125502 1117
