2 0.584812 0.631347 0.238816 0.220715 407
0 0.284947 0.476515 0.0235036 0.111373 421
2 0.109027 0.561638 0.118629 0.167989 425
2 0.0477233 0.376733 0.0480761 0.0720016 448
0 0.385782 0.516019 0.0454428 0.172587 515
2 0.105101 0.325216 0.0504496 0.052343 546
0 0.32234 0.504491 0.0202808 0.12294 492
0 0.431628 0.513031 0.0360542 0.156647 554
2 0.336459 0.442509 0.0332194 0.0670845 548
2 0.0741607 0.729101 0.148321 0.290673 574
0 0.308425 0.512637 0.0230332 0.117301 497
2 0.0102638 0.366404 0.0162456 0.0507334 587
0 0.475877 0.515249 0.0370734 0.130213 566
