2 0.325795 0.429054 0.0552516 0.0708964 787
2 0.133692 0.588907 0.152973 0.187497 902
0 0.124805 0.354556 0.0117331 0.0589782 999
0 0.547031 0.556977 0.0292285 0.144025 1025
2 0.0551451 0.35633 0.054124 0.0779707 1074
0 0.262037 0.484218 0.0201096 0.11242 1081
2 0.146034 0.286138 0.0326979 0.039681 1085
0 0.293089 0.477267 0.0231598 0.129766 1060
0 0.419145 0.592762 0.0506221 0.178648 1104
0 0.348676 0.50511 0.0213983 0.118806 928
0 0.141203 0.319857 0.00834769 0.0491886 1122
0 0.327351 0.509216 0.0226157 0.123967 1130
2 0.954684 0.855951 0.088065 0.166803 1139
0 0.912558 0.48984 0.0209717 0.082656 1129
0 0.896484 0.486808 0.0186937 0.0885781 1117
0 0.680366 0.519523 0.0281872 0.155867 957
0 0.804346 0.520385 0.0270793 0.159374 1153
