0 0.40128 0.545168 0.0329806 0.168392 515
0 0.453675 0.53985 0.0258678 0.153081 702
0 0.428854 0.514119 0.0244289 0.152343 701
7 0.276838 0.42826 0.0948964 0.0876011 787
0 0.51506 0.545057 0.0314761 0.161313 863
0 0.367699 0.518568 0.0257008 0.132811 870
0 0.29324 0.482595 0.0223137 0.102839 886
0 0.122048 0.347389 0.0094523 0.0529838 894
0 0.143095 0.317248 0.00979598 0.0537198 884
0 0.158905 0.423996 0.0183921 0.0922293 900
2 0.0817802 0.340921 0.049291 0.0565536 902
0 0.248126 0.432614 0.0198439 0.0932783 898
2 0.29902 0.418056 0.0375 0.0277778 905
0 0.170156 0.422778 0.00800659 0.0656945 907
