0 0.141974 0.412146 0.0147121 0.0895965 29
0 0.483325 0.545066 0.0364024 0.188273 113
2 0.0262545 0.795556 0.0525089 0.183261 120
5 0.0866701 0.293984 0.0588645 0.075185 128
2 0.336735 0.444068 0.0331568 0.0660385 115
0 0.447204 0.530204 0.0260368 0.134595 82
0 0.432737 0.546646 0.0279342 0.129188 4
0 0.514116 0.562542 0.0322307 0.159657 140
2 0.0781888 0.351181 0.0457748 0.0598143 143
7 0.0150226 0.310746 0.0296713 0.0627537 158
2 0.366567 0.88234 0.226502 0.225981 159
2 0.00332063 0.371318 0.00537136 0.0661311 161
