0 0.28515 0.476108 0.0231218 0.109746 421
2 0.571499 0.656841 0.249971 0.188162 425
2 0.0337594 0.42405 0.0475092 0.0955315 448
0 0.387509 0.520012 0.0399545 0.176307 515
2 0.0651963 0.355796 0.0482081 0.0630803 546
0 0.33525 0.507911 0.0233808 0.127137 492
0 0.429669 0.511262 0.0339044 0.161088 554
2 0.336824 0.444219 0.0332172 0.0624745 548
0 0.315184 0.516203 0.0241362 0.120937 497
2 0.102136 0.310465 0.0429294 0.0398348 587
0 0.458421 0.526258 0.0340097 0.144494 566
2 0.416172 0.888889 0.141639 0.213889 607
2 0.551476 0.88259 0.38459 0.22697 606
