2 0.891713 0.632287 0.215753 0.220395 407
0 0.285359 0.474202 0.0217234 0.106737 421
2 0.284111 0.637554 0.213857 0.215577 425
2 0.0374046 0.397771 0.0470124 0.0820534 448
0 0.387466 0.519246 0.0366759 0.174723 515
2 0.0830527 0.339202 0.0504231 0.0582861 546
0 0.333079 0.505321 0.0237821 0.125914 492
0 0.429884 0.51386 0.030012 0.155136 554
2 0.336579 0.44376 0.0326642 0.0636661 548
0 0.312937 0.506645 0.0191992 0.102249 497
2 0.0470953 0.335107 0.0378884 0.0467728 587
0 0.463414 0.523244 0.0306648 0.147938 566
0 0.4894 0.498611 0.0207506 0.0416667 595
2 0.931062 0.85579 0.104902 0.260474 596
