0 0.233287 0.752289 0.0625272 0.248624 515
2 0.277108 0.428865 0.0924318 0.0873267 787
0 0.125341 0.365879 0.0115499 0.0633129 894
0 0.146321 0.370894 0.0140794 0.0736367 900
2 0.0596912 0.516669 0.0821748 0.144707 902
0 0.444151 0.717044 0.043794 0.223038 909
0 0.416439 0.693353 0.0347238 0.196006 927
0 0.292818 0.482417 0.0192928 0.102947 928
0 0.467283 0.788736 0.0518686 0.259131 934
0 0.389358 0.848253 0.0842184 0.295559 940
0 0.216716 0.8965 0.0842029 0.203585 949
2 0.0912125 0.339309 0.0472627 0.0545588 953
0 0.440294 0.574984 0.0332587 0.121314 950
0 0.265133 0.466719 0.0164112 0.0972634 957
0 0.308751 0.739661 0.0511581 0.245416 702
0 0.332547 0.665568 0.0598353 0.190829 971
0 0.845449 0.506921 0.0334672 0.145464 966
