0 0.394841 0.556724 0.0326693 0.163773 515
0 0.453364 0.549656 0.0265726 0.150288 702
0 0.428337 0.521041 0.0243655 0.152863 701
7 0.274779 0.428644 0.0952003 0.0877076 787
0 0.507996 0.564164 0.0348068 0.171854 863
0 0.350706 0.513232 0.0324158 0.136629 870
0 0.290454 0.482655 0.0215905 0.102276 886
0 0.121404 0.350688 0.00906413 0.0542316 894
0 0.143006 0.317616 0.00980498 0.0529696 884
0 0.154496 0.422129 0.0175914 0.0881447 900
2 0.0702519 0.351772 0.0508894 0.0597946 902
0 0.24607 0.431232 0.0197965 0.0846491 898
0 0.168053 0.420821 0.0101351 0.0767642 907
2 0.29922 0.418056 0.0375565 0.0277778 905
