2 0.165783 0.580106 0.185993 0.242872 362
2 0.0469668 0.434749 0.0558749 0.10971 407
0 0.285609 0.476507 0.0221241 0.113179 421
2 0.0417828 0.385926 0.0561983 0.0776432 425
2 0.103254 0.325365 0.0462401 0.0515649 448
0 0.341382 0.490547 0.0188916 0.0914018 492
0 0.323195 0.490776 0.0181301 0.0884141 497
2 0.0606576 0.77427 0.121315 0.243415 514
0 0.425615 0.511792 0.0434942 0.166363 515
0 0.129382 0.336627 0.0107256 0.0599377 533
0 0.679891 0.525133 0.0166031 0.151003 524
0 0.527619 0.547361 0.0392264 0.142065 531
