2 0.119335 0.5875 0.16227 0.215288 327
2 0.0314001 0.481949 0.0627246 0.16738 362
2 0.0538068 0.376041 0.0424643 0.0784494 407
0 0.271903 0.486644 0.024773 0.124387 421
2 0.0770981 0.348737 0.0387399 0.0567477 425
0 0.122322 0.374594 0.0112333 0.0735314 434
2 0.932564 0.899552 0.134871 0.189756 308
2 0.336915 0.44097 0.0337415 0.0694613 451
0 0.810397 0.500633 0.0361913 0.154625 432
0 0.250147 0.42997 0.0142403 0.0767639 464
2 0.124564 0.313275 0.0437761 0.0492744 448
0 0.852814 0.524822 0.0328491 0.161693 457
