0 0.284767 0.477809 0.0227283 0.113952 421
2 0.573958 0.646414 0.267722 0.204051 448
0 0.395473 0.52279 0.033355 0.175641 515
2 0.106212 0.535976 0.105876 0.163592 546
0 0.338403 0.51395 0.0255242 0.125861 492
0 0.429731 0.513408 0.0342506 0.157951 554
0 0.319454 0.521999 0.026147 0.127113 497
0 0.455422 0.526817 0.0284745 0.150423 566
2 0.0521617 0.398732 0.049629 0.0835869 618
2 0.103899 0.304019 0.0402089 0.0458293 623
2 0.336753 0.443757 0.0334991 0.0652898 624
2 0.852416 0.841728 0.209803 0.305736 625
