0 0.23199 0.746648 0.0585596 0.226532 515
2 0.277026 0.428505 0.0926219 0.0874777 787
0 0.125503 0.365962 0.0116094 0.0639628 894
0 0.145226 0.369 0.0139583 0.0728895 900
2 0.0614262 0.519523 0.0834012 0.145208 902
0 0.449557 0.706671 0.0430991 0.218509 909
0 0.421663 0.694047 0.0374623 0.211575 927
0 0.293291 0.48261 0.0193565 0.102144 928
0 0.46688 0.780526 0.0518622 0.254114 934
0 0.395863 0.845805 0.0836557 0.299081 940
0 0.224724 0.894029 0.084735 0.209067 949
2 0.0897261 0.341353 0.0481725 0.0554296 953
0 0.435088 0.572052 0.0332028 0.115551 950
0 0.307405 0.749263 0.0527245 0.24899 702
0 0.326099 0.664381 0.0584979 0.187475 971
0 0.8358 0.511162 0.0319909 0.138997 966
0 0.289223 0.72022 0.0298836 0.220862 974
