5 0.145788 0.257442 0.102875 0.118501 1
2 0.223062 0.438723 0.0963408 0.0809968 2
5 0.0309207 0.40649 0.0618414 0.169212 3
0 0.320311 0.493196 0.0209751 0.100914 4
2 0.0784006 0.770474 0.156801 0.352041 5
0 0.307006 0.49701 0.0159462 0.0890982 6
2 0.877675 0.844944 0.179201 0.305058 24
2 0.170488 0.441524 0.0292242 0.0757406 28
0 0.142974 0.411916 0.0179194 0.0915865 29
2 0.257391 0.437802 0.0393515 0.0751004 31
2 0.0487647 0.33443 0.0377355 0.0415557 32
0 0.814122 0.531337 0.0327951 0.141889 21
