0 0.485156 0.546542 0.0374343 0.186103 113
0 0.514065 0.560448 0.0307961 0.162462 226
2 0.336919 0.442368 0.0332455 0.0673577 234
0 0.39348 0.626048 0.0417892 0.178724 250
0 0.13039 0.421969 0.0192961 0.0905262 257
0 0.425103 0.605455 0.0222514 0.0849987 260
0 0.145517 0.372456 0.0138201 0.0756085 266
0 0.426379 0.775966 0.0699369 0.280913 268
0 0.0312832 0.431387 0.0209863 0.0939839 29
0 0.158802 0.37219 0.0160794 0.0790771 278
0 0.0625027 0.390363 0.0137954 0.0726725 261
0 0.168984 0.369374 0.012463 0.0711402 285
