2 0.119336 0.587496 0.161683 0.213843 327
2 0.0316386 0.481945 0.0628947 0.16664 362
2 0.0530996 0.376403 0.0427552 0.079835 407
0 0.274795 0.484374 0.0243976 0.122543 421
2 0.0759374 0.349335 0.038392 0.0569591 425
0 0.117455 0.371024 0.0110017 0.0728985 434
2 0.932822 0.897369 0.13288 0.186555 308
2 0.337118 0.44025 0.0336345 0.0694574 451
0 0.252255 0.427814 0.0153838 0.0833247 464
2 0.12628 0.314907 0.0436198 0.0510293 448
0 0.2375 0.437917 0.0131763 0.0744445 471
0 0.786183 0.497508 0.0319611 0.145212 432
