2 0.133703 0.588194 0.152948 0.187481 902
0 0.137423 0.335483 0.0104527 0.0529144 999
2 0.021778 0.410294 0.0435559 0.10261 1074
0 0.312314 0.51783 0.0284795 0.144892 1130
0 0.913289 0.475707 0.0221773 0.108003 1163
0 0.386086 0.509654 0.0211229 0.127822 928
0 0.267663 0.440995 0.0182873 0.0943129 1060
0 0.932331 0.48854 0.0256725 0.0869038 1179
2 0.0185031 0.346633 0.0227801 0.0499576 1182
0 0.371823 0.513823 0.024033 0.128387 1104
2 0.954687 0.858439 0.0856761 0.170522 1139
0 0.334633 0.504251 0.0201298 0.107434 1155
0 0.848652 0.50853 0.0259487 0.137087 1174
