2 0.64561 0.647623 0.256369 0.222692 327
2 0.0485584 0.510421 0.0881993 0.189049 362
2 0.0445186 0.394318 0.037781 0.0733994 407
0 0.286321 0.476793 0.0224547 0.113192 421
2 0.0633604 0.358518 0.0421212 0.0610555 425
2 0.336966 0.441143 0.0326625 0.0680259 451
2 0.113517 0.32169 0.0509846 0.0513953 448
0 0.328592 0.475918 0.016076 0.0993539 492
0 0.318422 0.481343 0.01864 0.09488 497
0 0.682908 0.503567 0.00872103 0.108874 512
2 0.372229 0.89875 0.168636 0.191144 514
0 0.514913 0.522575 0.0752159 0.127454 515
2 0.510854 0.896305 0.475115 0.199956 510
