2 0.912438 0.628591 0.175125 0.213502 407
0 0.28531 0.475006 0.0220708 0.108345 421
2 0.343906 0.649093 0.235934 0.221532 425
2 0.0362433 0.403324 0.0462688 0.0834849 448
0 0.387616 0.509171 0.032541 0.153502 515
2 0.0792934 0.341702 0.0495765 0.0591066 546
0 0.334735 0.49134 0.0196775 0.10075 492
0 0.430176 0.513226 0.0305289 0.155833 554
2 0.336674 0.443945 0.0331483 0.0643234 548
0 0.314625 0.496926 0.0174197 0.0838659 497
2 0.0536252 0.32969 0.0384619 0.0463615 587
0 0.46202 0.525619 0.0299153 0.15012 566
2 0.884327 0.853436 0.127837 0.281697 596
