0 0.033123 0.921324 0.0610806 0.156549 515
2 0.276362 0.424779 0.0923229 0.0815125 787
2 0.125593 0.582165 0.14326 0.183424 902
0 0.540871 0.584725 0.0260801 0.146414 909
0 0.517595 0.582153 0.0303597 0.157329 927
0 0.473462 0.657079 0.0453706 0.238851 940
0 0.396992 0.716584 0.0480152 0.266194 949
2 0.0526061 0.383385 0.0463722 0.070897 953
0 0.254529 0.725996 0.055762 0.246447 950
0 0.128053 0.935868 0.0568873 0.127283 702
0 0.210105 0.868956 0.0614731 0.262088 971
0 0.142078 0.316804 0.010193 0.0539578 884
0 0.143558 0.430337 0.0162856 0.0859153 999
0 0.153102 0.39232 0.0154683 0.0633078 894
0 0.307151 0.923238 0.0677197 0.151834 1025
0 0.129899 0.351324 0.0131244 0.0653609 1015
0 0.2844 0.495576 0.0265271 0.120153 957
0 0.125426 0.866857 0.0466208 0.129765 1031
0 0.643055 0.50164 0.0350767 0.165654 1036
0 0.441281 0.627682 0.0323865 0.189491 934
0 0.302921 0.48509 0.0199638 0.102627 928
