0 0.21339 0.800001 0.0687346 0.281912 515
2 0.277373 0.428235 0.0917692 0.0866477 787
0 0.128719 0.370477 0.0113796 0.0630353 894
0 0.14248 0.364285 0.0132295 0.0715186 900
2 0.0723681 0.535835 0.0954349 0.155241 902
0 0.479869 0.630166 0.0325671 0.102527 909
0 0.44248 0.670616 0.0339533 0.188941 927
0 0.293615 0.482806 0.0196238 0.101861 928
0 0.468646 0.751877 0.0493856 0.24768 934
0 0.416683 0.804691 0.0684863 0.30264 940
0 0.279376 0.869272 0.0793826 0.255695 949
2 0.0783993 0.349844 0.0479158 0.0583196 953
0 0.399038 0.606029 0.051823 0.151909 950
0 0.28596 0.745969 0.040239 0.186721 702
0 0.30114 0.686129 0.0567013 0.196571 971
0 0.808447 0.504242 0.0334451 0.155633 966
0 0.271814 0.477209 0.0210796 0.0935784 957
0 0.143482 0.31116 0.00918264 0.0416308 884
0 0.259884 0.713563 0.0222446 0.163642 974
