0 0.399562 0.523649 0.0334576 0.172233 515
0 0.456628 0.528469 0.0237976 0.154172 702
0 0.429295 0.513204 0.0243738 0.152762 701
7 0.27464 0.427817 0.0962956 0.0887899 787
0 0.168654 0.371651 0.0132785 0.0653864 845
0 0.519913 0.519444 0.0312466 0.163893 863
0 0.375062 0.618924 0.0369938 0.169449 870
0 0.309896 0.48215 0.0225535 0.100961 886
0 0.155966 0.392256 0.0142847 0.0887156 877
0 0.135786 0.337434 0.00932896 0.0495914 894
0 0.144167 0.315954 0.010973 0.0538921 884
0 0.864136 0.499756 0.0276037 0.141688 885
