2 0.314407 0.43063 0.0842327 0.0820606 787
2 0.133766 0.588549 0.152606 0.186789 902
2 0.00789432 0.419857 0.0157886 0.0509434 953
0 0.122684 0.366262 0.0110825 0.0657763 999
0 0.510269 0.616804 0.0316139 0.164516 1025
2 0.083956 0.335117 0.0519204 0.066672 1074
0 0.279836 0.498695 0.0229798 0.126053 1081
2 0.060271 0.321806 0.0407416 0.0502169 1085
0 0.306098 0.499579 0.0273581 0.150225 1060
0 0.313418 0.779459 0.0766355 0.271647 1104
2 0.044074 0.243668 0.0385237 0.0398502 1084
0 0.25742 0.46118 0.0183639 0.0929366 1112
0 0.333644 0.498209 0.0183972 0.115443 928
0 0.818634 0.516087 0.0260913 0.13707 1117
0 0.143324 0.318071 0.00937374 0.05202 1122
0 0.147027 0.322279 0.00717847 0.0412382 1015
