2 0.32613 0.429696 0.0544689 0.0708289 787
2 0.133692 0.588674 0.153295 0.187956 902
0 0.124894 0.35417 0.0115411 0.0582631 999
0 0.549388 0.555829 0.0269689 0.14304 1025
2 0.0533911 0.357338 0.05379 0.0779409 1074
0 0.262053 0.485651 0.0199979 0.113323 1081
2 0.147953 0.284934 0.029116 0.037915 1085
0 0.292591 0.477776 0.0227531 0.124869 1060
0 0.419544 0.585485 0.0510103 0.187956 1104
0 0.349209 0.50493 0.02114 0.119371 928
0 0.140987 0.320313 0.00809841 0.0479802 1122
0 0.328508 0.511415 0.0229316 0.124268 1130
2 0.954685 0.85561 0.0876148 0.165335 1139
0 0.913806 0.490503 0.020641 0.081638 1129
0 0.900094 0.486399 0.0188341 0.0872723 1117
0 0.680964 0.520648 0.0254866 0.152158 957
0 0.809143 0.520784 0.0273258 0.159148 1153
0 0.30426 0.483268 0.0104487 0.0959976 1155
