2 0.133781 0.588893 0.152823 0.187498 902
0 0.125392 0.350835 0.0111185 0.0559173 999
2 0.0419577 0.370015 0.0528045 0.0810259 1074
0 0.268358 0.482029 0.0186143 0.105813 1081
0 0.290003 0.473201 0.0213741 0.115354 1060
0 0.415866 0.545634 0.037146 0.16129 1104
0 0.355705 0.50785 0.0204216 0.1244 928
0 0.14018 0.318663 0.0101598 0.0534126 1122
0 0.339562 0.510654 0.0239246 0.129729 1130
0 0.93695 0.489438 0.0211869 0.0824857 1129
0 0.839313 0.518829 0.0334862 0.155011 1153
0 0.317094 0.486936 0.0181666 0.101888 1155
0 0.922911 0.485321 0.0205132 0.0907725 1117
0 0.795698 0.493534 0.0232112 0.153127 1163
