0 0.145699 0.862308 0.0689661 0.269973 515
2 0.278936 0.428469 0.0928336 0.086189 787
2 0.0954023 0.558388 0.114204 0.166913 902
0 0.508569 0.624618 0.0386458 0.158618 909
0 0.480452 0.639062 0.0361955 0.185857 927
0 0.29448 0.481445 0.0198087 0.101784 928
0 0.463835 0.693392 0.0377395 0.226472 934
0 0.445945 0.739445 0.0539775 0.283706 940
0 0.350146 0.809499 0.0705714 0.28429 949
2 0.0635621 0.366416 0.048652 0.065354 953
0 0.337537 0.623228 0.0362052 0.129034 950
0 0.228629 0.861146 0.0573292 0.269575 702
0 0.259666 0.735988 0.0539994 0.232613 971
0 0.143373 0.312052 0.00905679 0.0400761 884
0 0.171201 0.448552 0.0140495 0.089397 999
0 0.274679 0.477553 0.0196634 0.100007 957
0 0.30132 0.39772 0.00924431 0.0444962 995
0 0.138038 0.378714 0.0132002 0.0651235 894
0 0.33405 0.425033 0.0103681 0.0613042 996
