0 0.403096 0.531392 0.032362 0.169513 515
0 0.454766 0.530639 0.0248483 0.151339 702
0 0.42943 0.513441 0.0240709 0.154661 701
2 0.276337 0.427827 0.0960627 0.0870594 787
0 0.518986 0.530991 0.0310694 0.160071 863
0 0.376178 0.52851 0.026578 0.144371 870
0 0.295295 0.482294 0.0211675 0.102806 886
0 0.123773 0.348559 0.00916073 0.0518771 894
0 0.143111 0.315385 0.0102431 0.0574649 884
0 0.162101 0.427095 0.0186069 0.0925371 900
2 0.093855 0.334308 0.0480791 0.0535529 902
0 0.246903 0.434282 0.0191185 0.0910155 898
