2 0.0936638 0.510955 0.0877229 0.164417 407
0 0.285228 0.476914 0.0235945 0.112846 421
2 0.0242988 0.430681 0.0485975 0.0919081 425
2 0.0802133 0.339188 0.0459622 0.0577253 448
0 0.303693 0.497749 0.0224485 0.101431 497
0 0.382802 0.513458 0.049357 0.166904 515
0 0.145296 0.329362 0.0100824 0.0545917 533
2 0.138617 0.302407 0.0274899 0.0398956 546
2 0.176292 0.859775 0.352584 0.26913 549
0 0.328225 0.493902 0.0212815 0.102254 492
0 0.443215 0.513605 0.0242273 0.151602 554
2 0.336785 0.443519 0.0337809 0.0651489 548
2 0.816096 0.633805 0.0843716 0.22498 558
