0 0.284759 0.477788 0.022077 0.113904 421
0 0.392471 0.521294 0.036212 0.175433 515
2 0.193392 0.588307 0.167156 0.197904 546
0 0.339057 0.509772 0.0263984 0.132497 492
0 0.427992 0.514084 0.0339561 0.15561 554
0 0.319166 0.523281 0.0238763 0.126116 497
0 0.453086 0.528022 0.0297466 0.153281 566
2 0.0477473 0.430529 0.051174 0.101197 618
2 0.13859 0.288837 0.0377143 0.0407837 623
2 0.337119 0.443836 0.0337566 0.0651197 624
2 0.311808 0.857172 0.216241 0.271748 634
2 0.865562 0.646566 0.176664 0.215906 629
0 0.146089 0.324522 0.0104568 0.0503074 635
