2 0.275113 0.611085 0.243759 0.264129 362
2 0.0518216 0.450839 0.0584692 0.123379 407
0 0.285931 0.456826 0.0167774 0.0733583 421
2 0.0346982 0.395389 0.0514397 0.0763742 425
2 0.0966542 0.329238 0.0446681 0.0507758 448
0 0.340702 0.48753 0.0175765 0.0904981 492
0 0.319475 0.480177 0.0141263 0.0673998 497
0 0.404178 0.515829 0.0419221 0.158543 515
0 0.133857 0.333922 0.0119315 0.0602107 533
0 0.663763 0.530148 0.0262642 0.140079 524
0 0.496856 0.528752 0.0407194 0.156004 531
2 0.846931 0.854958 0.197318 0.280535 542
