2 0.301212 0.429838 0.105142 0.0846821 787
2 0.133766 0.588192 0.15237 0.187462 902
0 0.551888 0.567282 0.0309894 0.13352 949
2 0.0306372 0.410827 0.0612745 0.0812571 953
0 0.12664 0.377705 0.0134567 0.0666616 999
0 0.500171 0.641253 0.0339699 0.159005 1025
0 0.462299 0.53927 0.035926 0.155613 957
0 0.301464 0.494941 0.0193024 0.112511 1053
2 0.104407 0.321506 0.050738 0.0615249 1074
0 0.317233 0.505483 0.0266385 0.130858 1081
2 0.0209884 0.344878 0.0291037 0.0544458 1085
0 0.356279 0.503498 0.0311104 0.153729 1060
0 0.140834 0.330452 0.0110455 0.0571932 1015
0 0.644517 0.527416 0.0224118 0.169072 1099
0 0.759579 0.517059 0.0134126 0.137928 1103
0 0.106593 0.924669 0.0756037 0.148191 1104
2 0.0732191 0.23044 0.0469794 0.042234 1084
