0 0.284908 0.477784 0.0220066 0.113898 421
0 0.391978 0.521165 0.0366752 0.173253 515
2 0.229746 0.605333 0.186344 0.204475 546
0 0.338154 0.509747 0.0261929 0.132757 492
0 0.427596 0.513867 0.0343281 0.155721 554
0 0.318266 0.523717 0.0231889 0.125061 497
0 0.453723 0.527696 0.0295788 0.15354 566
2 0.049893 0.442298 0.0534913 0.108499 618
2 0.144139 0.285963 0.0332152 0.0380723 623
2 0.337117 0.44352 0.0337652 0.0652919 624
2 0.272887 0.85078 0.281861 0.284615 634
2 0.887454 0.641991 0.183089 0.209158 629
0 0.144593 0.321451 0.0108559 0.0553376 635
