2 0.326722 0.435778 0.0457232 0.0576744 787
2 0.133692 0.588777 0.153046 0.18774 902
0 0.125228 0.353155 0.0114615 0.0589608 999
0 0.557979 0.56055 0.0265591 0.13747 1025
2 0.0506718 0.360329 0.0540205 0.0798755 1074
0 0.262348 0.4822 0.0188963 0.108591 1081
0 0.289614 0.477784 0.0229115 0.124036 1060
0 0.418299 0.568392 0.0418959 0.168228 1104
0 0.350217 0.506084 0.0199117 0.118174 928
0 0.140509 0.319147 0.00884849 0.0501254 1122
0 0.32976 0.510835 0.0226578 0.124591 1130
0 0.920243 0.490572 0.0208303 0.0816444 1129
0 0.814319 0.519841 0.0295289 0.159976 1153
0 0.306142 0.481922 0.0119178 0.104019 1155
0 0.905984 0.486715 0.0194659 0.0881459 1117
0 0.489453 0.499028 0.0221631 0.0422222 1160
2 0.954686 0.856098 0.0883661 0.166141 1139
