0 0.404392 0.52703 0.0314244 0.170905 515
0 0.455736 0.529658 0.0251178 0.153034 702
0 0.43047 0.512582 0.0238545 0.154152 701
7 0.276455 0.427726 0.09643 0.0854582 787
0 0.519798 0.524955 0.0296843 0.152867 863
0 0.377916 0.532347 0.0258349 0.142987 870
0 0.2963 0.48268 0.0201967 0.101453 886
0 0.124678 0.346351 0.00923451 0.0523446 894
0 0.143176 0.319359 0.00914227 0.048907 884
0 0.163683 0.429495 0.0180305 0.0960123 900
2 0.104918 0.327436 0.045893 0.0506652 902
0 0.773377 0.505209 0.0320815 0.159352 885
