0 0.285149 0.47642 0.0230565 0.109773 421
2 0.551661 0.661884 0.271934 0.204662 425
2 0.0338472 0.421135 0.0467573 0.0926477 448
0 0.388027 0.518762 0.0407371 0.174608 515
2 0.0671229 0.35375 0.0488626 0.063083 546
0 0.335305 0.507937 0.023599 0.126968 492
0 0.429664 0.508546 0.0340264 0.158238 554
2 0.33677 0.444452 0.0331327 0.0624673 548
0 0.313844 0.516037 0.0244478 0.120973 497
2 0.0960543 0.3114 0.0429009 0.0405558 587
0 0.458502 0.517295 0.0300096 0.124802 566
2 0.766864 0.874596 0.163339 0.241727 596
2 0.613336 0.874467 0.41353 0.24526 606
