2 0.119334 0.587499 0.162023 0.213875 327
2 0.0315975 0.481957 0.0630799 0.166659 362
2 0.0528709 0.377183 0.0422577 0.079066 407
0 0.277639 0.483018 0.0240189 0.12445 421
2 0.0758872 0.34963 0.0381816 0.0569654 425
2 0.932755 0.897433 0.134489 0.188459 308
2 0.337112 0.440269 0.0337967 0.0699041 451
0 0.255582 0.429722 0.0145535 0.0840131 464
2 0.126632 0.315007 0.0445408 0.0501188 448
0 0.241911 0.437111 0.0137297 0.0780427 471
0 0.113853 0.367183 0.0109828 0.0723189 434
0 0.821064 0.519508 0.0196431 0.127206 477
0 0.801504 0.550655 0.0243766 0.121074 457
