2 0.2833 0.429855 0.106563 0.0874845 787
2 0.13371 0.587505 0.15319 0.188924 902
0 0.510385 0.592919 0.0405899 0.201856 940
0 0.455559 0.645595 0.0421463 0.228504 949
2 0.0474224 0.393099 0.0475976 0.0765433 953
0 0.0965865 0.836364 0.0807375 0.253273 950
0 0.0939833 0.95137 0.0486003 0.0954503 971
0 0.141704 0.317033 0.010797 0.0542571 884
0 0.143371 0.41089 0.0146196 0.0746175 999
0 0.170253 0.419213 0.0134241 0.0632886 894
0 0.424725 0.822212 0.0516227 0.262228 1025
0 0.129327 0.343761 0.0126659 0.0628792 1015
0 0.340338 0.511731 0.0330507 0.142532 957
0 0.42555 0.546262 0.0389667 0.158287 934
0 0.288314 0.485042 0.0202365 0.102214 1053
0 0.308705 0.485877 0.0188585 0.0985499 928
0 0.0139814 0.917361 0.0279628 0.1625 1058
0 0.502813 0.472014 0.0219059 0.102083 1060
