0 0.284767 0.477793 0.0221519 0.113911 421
0 0.393786 0.52156 0.0353616 0.175625 515
2 0.169636 0.576616 0.149777 0.188056 546
0 0.338956 0.511417 0.0265044 0.130726 492
0 0.427848 0.513875 0.0336493 0.155588 554
0 0.319829 0.523086 0.0242285 0.12666 497
0 0.452815 0.528142 0.0297791 0.153511 566
2 0.0472859 0.424268 0.0506593 0.0979928 618
2 0.132121 0.291728 0.0392547 0.0423027 623
2 0.337073 0.443762 0.0336802 0.0651436 624
2 0.351053 0.861179 0.183543 0.267002 634
2 0.851427 0.642712 0.154199 0.205995 629
2 0.782874 0.855317 0.189055 0.263882 625
