2 0.133493 0.588193 0.152943 0.1875 902
0 0.146519 0.322896 0.00793808 0.0405332 999
2 0.0188113 0.444149 0.0376225 0.123785 1074
0 0.296376 0.498254 0.0256783 0.136131 1130
0 0.42987 0.517137 0.0231117 0.135485 928
0 0.237814 0.416285 0.0184838 0.0980918 1060
2 0.112744 0.30178 0.0461728 0.0410986 1182
0 0.409897 0.52957 0.029448 0.14404 1104
2 0.954687 0.858325 0.0904612 0.169439 1139
0 0.362414 0.505136 0.0253603 0.129092 1155
0 0.127154 0.331738 0.0104997 0.0581699 1192
0 0.915712 0.483026 0.0209891 0.0953228 1174
