0 0.406321 0.526657 0.0314662 0.174044 515
0 0.455736 0.52785 0.0257529 0.155573 702
0 0.430476 0.512473 0.0238831 0.155467 701
7 0.27275 0.426344 0.0953871 0.0832059 787
0 0.520313 0.519441 0.0313837 0.163895 863
0 0.376212 0.560073 0.0293396 0.154141 870
0 0.301317 0.481457 0.0187828 0.0982365 886
0 0.126366 0.343978 0.00923187 0.0508775 894
0 0.143225 0.318074 0.00931376 0.0505408 884
0 0.800948 0.504212 0.0334193 0.149865 885
0 0.171168 0.432953 0.0142518 0.0915358 900
2 0.132088 0.309772 0.0380842 0.0456493 902
0 0.242449 0.43403 0.0160221 0.0795371 898
