0 0.0357538 0.919491 0.0614123 0.158588 515
2 0.27635 0.425054 0.0926845 0.0819969 787
2 0.125076 0.581989 0.142729 0.183061 902
0 0.538775 0.58236 0.0272623 0.151616 909
0 0.516465 0.583228 0.0301106 0.156413 927
0 0.472813 0.658993 0.0452752 0.239085 940
0 0.395936 0.716411 0.0481215 0.265112 949
2 0.0527842 0.383074 0.0464046 0.0708717 953
0 0.255594 0.72491 0.057382 0.249228 950
0 0.132623 0.933068 0.0581231 0.133274 702
0 0.211057 0.867575 0.0625385 0.264849 971
0 0.141909 0.316705 0.0102186 0.0540864 884
0 0.143879 0.430489 0.0160346 0.0843548 999
0 0.152235 0.388021 0.0170614 0.0700377 894
0 0.303321 0.925681 0.0666612 0.146534 1025
0 0.130113 0.351295 0.0131869 0.065354 1015
0 0.284191 0.495367 0.0267048 0.120047 957
0 0.127987 0.871466 0.0510639 0.143395 1031
0 0.646175 0.50229 0.0352934 0.163773 1036
0 0.441312 0.62818 0.0324283 0.190062 934
0 0.302008 0.48502 0.0197853 0.100944 928
