2 0.133666 0.588189 0.152933 0.187509 902
0 0.131888 0.340965 0.0110052 0.0556159 999
2 0.0248687 0.395233 0.0497374 0.0920538 1074
0 0.289363 0.477925 0.0174702 0.1005 1081
0 0.137573 0.323788 0.00994516 0.0521516 1122
0 0.350473 0.513885 0.0242912 0.133148 1130
0 0.326232 0.494469 0.0220694 0.110393 1155
0 0.657667 0.533476 0.0283812 0.145996 1173
0 0.8702 0.500267 0.0288749 0.13233 1163
0 0.371838 0.505406 0.0214785 0.12586 928
0 0.280608 0.452392 0.0180011 0.0987577 1060
0 0.812186 0.513385 0.0217295 0.145498 1174
