0 0.405783 0.526361 0.0341569 0.175083 515
0 0.456248 0.527843 0.02466 0.15558 702
0 0.430492 0.512426 0.0236188 0.155219 701
7 0.273683 0.427539 0.0942823 0.0863344 787
0 0.520315 0.51953 0.0315111 0.163717 863
0 0.379396 0.580153 0.0329564 0.156093 870
0 0.304715 0.481519 0.0191465 0.101882 886
0 0.162861 0.404486 0.0139085 0.081389 877
0 0.130044 0.342532 0.00960734 0.0528775 894
0 0.144059 0.316987 0.00989631 0.0542991 884
0 0.820503 0.504169 0.0321352 0.148767 885
0 0.241728 0.436134 0.0149958 0.0759633 898
