2 0.297852 0.430171 0.111587 0.0840844 787
2 0.13363 0.588189 0.153029 0.188882 902
0 0.521382 0.579725 0.0361182 0.167965 949
2 0.035364 0.402212 0.0565102 0.0780772 953
0 0.142975 0.317553 0.00877255 0.0496478 884
0 0.134903 0.38217 0.0141109 0.0679071 999
0 0.491066 0.678801 0.0344994 0.197539 1025
0 0.416349 0.53679 0.0357397 0.158425 957
0 0.302096 0.493123 0.0203869 0.111628 1053
0 0.317641 0.494669 0.0173793 0.107797 928
2 0.11987 0.31459 0.046913 0.0586603 1074
0 0.351524 0.5055 0.0216954 0.129029 1081
2 0.00886558 0.356006 0.00913851 0.0425926 1085
2 0.278489 0.410251 0.0760823 0.0494676 1088
0 0.389624 0.500607 0.0287986 0.163743 1060
0 0.136485 0.32752 0.00883191 0.0421805 1015
2 0.0912331 0.227533 0.0505863 0.0420297 1084
