2 0.300017 0.429965 0.109419 0.0850646 787
2 0.133687 0.588191 0.152665 0.188259 902
0 0.533922 0.578286 0.0382229 0.154963 949
2 0.0317877 0.407126 0.0621225 0.0807605 953
0 0.142956 0.315385 0.00862975 0.0495341 884
0 0.131575 0.379508 0.0157883 0.0682087 999
0 0.497222 0.650263 0.0288074 0.147496 1025
0 0.441329 0.539719 0.0390825 0.153918 957
0 0.301251 0.497758 0.020157 0.108551 1053
0 0.319079 0.494755 0.0182381 0.108736 928
2 0.110722 0.319115 0.0484151 0.059699 1074
0 0.334176 0.50326 0.0241954 0.131009 1081
2 0.014902 0.352445 0.0200434 0.0550281 1085
0 0.377329 0.502368 0.0320765 0.157349 1060
0 0.137918 0.332716 0.0112768 0.0578484 1015
