0 0.485245 0.546025 0.0372633 0.186095 95
0 0.513113 0.560455 0.0318622 0.161704 196
2 0.336672 0.441829 0.0332399 0.0685469 204
0 0.37126 0.684725 0.0496655 0.209234 220
0 0.101128 0.42943 0.0221655 0.0926449 226
0 0.414684 0.689282 0.0470847 0.164816 229
0 0.0472804 0.387511 0.0134672 0.0689728 230
0 0.15896 0.38028 0.0148556 0.0780356 235
0 0.437043 0.865396 0.105612 0.262548 237
0 0.00780512 0.973014 0.0149029 0.0539727 238
0 0.0735316 0.422038 0.0222598 0.0943294 24
0 0.17882 0.377173 0.0185243 0.0749002 247
