0 0.485142 0.546484 0.0374383 0.186391 95
0 0.513782 0.560568 0.030739 0.16243 196
2 0.336892 0.442314 0.0333419 0.0676313 204
0 0.394041 0.623235 0.041452 0.178294 220
0 0.131013 0.422037 0.0197687 0.0905973 226
0 0.427985 0.602015 0.0231289 0.082374 229
0 0.145304 0.371817 0.0137683 0.0758697 235
0 0.42542 0.765613 0.0673174 0.270711 237
0 0.0304189 0.432159 0.021182 0.0932594 24
0 0.158373 0.371849 0.0160996 0.0797653 247
0 0.0630006 0.39036 0.0140063 0.0734748 230
0 0.168584 0.36931 0.0123438 0.0703487 254
