2 0.87543 0.64985 0.238828 0.231297 297
2 0.0811811 0.536818 0.12222 0.209757 330
2 0.0437958 0.402825 0.0430006 0.0734036 375
0 0.285828 0.476492 0.0221303 0.113863 392
2 0.0547815 0.363886 0.0406362 0.0565123 395
2 0.111205 0.322461 0.0511374 0.0524204 419
0 0.341093 0.481944 0.0204565 0.0964599 461
0 0.3245 0.487245 0.0180671 0.0894635 466
2 0.204348 0.864942 0.380708 0.258036 482
0 0.475902 0.521261 0.0572011 0.173577 483
0 0.122825 0.342073 0.0105163 0.0600914 500
0 0.682349 0.529625 0.0185855 0.148695 493
0 0.566001 0.567654 0.0264245 0.124582 498
