2 0.0936703 0.51089 0.0876859 0.164425 375
0 0.285169 0.476923 0.0236955 0.112764 392
2 0.0243114 0.430774 0.0486229 0.0921131 395
2 0.0802068 0.339119 0.0460153 0.0577577 419
0 0.303697 0.497661 0.0224067 0.101092 466
0 0.382762 0.513297 0.0492917 0.166575 483
0 0.145255 0.329308 0.0100868 0.0545443 500
2 0.13859 0.302417 0.0274408 0.0398412 512
2 0.176121 0.860066 0.352243 0.268712 515
0 0.328319 0.493751 0.021267 0.102194 461
0 0.443289 0.513644 0.024453 0.15135 520
2 0.336729 0.443475 0.0339942 0.0653032 514
2 0.815908 0.633864 0.0836993 0.225332 523
