0 0.485204 0.546382 0.0375436 0.186068 95
0 0.514047 0.560532 0.0303585 0.161212 196
2 0.336813 0.441511 0.0336357 0.0690106 204
0 0.406996 0.571607 0.0309394 0.113338 220
0 0.14946 0.418801 0.0197073 0.0934846 226
0 0.437722 0.599799 0.0310967 0.11149 229
0 0.135072 0.366217 0.0143407 0.0736471 235
0 0.415832 0.709395 0.0607982 0.260408 237
0 0.00839321 0.440702 0.0167864 0.0874249 24
0 0.152644 0.366335 0.014336 0.0776938 247
0 0.0720179 0.391802 0.0145007 0.0767656 230
0 0.160498 0.362047 0.0116575 0.0643558 254
