2 0.471134 0.625015 0.228041 0.217312 375
0 0.284989 0.476783 0.0244206 0.111708 392
2 0.0749711 0.535083 0.095205 0.152979 395
2 0.0529166 0.369076 0.0475873 0.0682509 419
0 0.383277 0.477794 0.0313915 0.0945829 483
2 0.11258 0.320671 0.0503203 0.052029 512
0 0.320722 0.502437 0.0244306 0.121947 461
0 0.43135 0.474783 0.0187465 0.0793199 520
2 0.336491 0.441186 0.0339683 0.0692978 514
2 0.131337 0.802063 0.262674 0.351627 534
0 0.493369 0.48971 0.0191731 0.0750478 527
0 0.307187 0.511482 0.0305524 0.117021 542
