2 0.544218 0.653589 0.281849 0.238985 297
2 0.0418586 0.501381 0.078724 0.181809 330
2 0.0454507 0.394087 0.0417317 0.0851102 375
0 0.286277 0.47695 0.0228212 0.112965 392
2 0.0649503 0.356324 0.0417025 0.0602792 395
2 0.810054 0.894676 0.224332 0.202788 277
2 0.337847 0.441864 0.0322638 0.0672379 422
2 0.115947 0.320662 0.0510486 0.0510181 419
0 0.1131 0.349394 0.00978901 0.0618859 405
0 0.32438 0.474643 0.0173974 0.0981014 461
0 0.31446 0.480543 0.0188195 0.0949205 466
2 0.659745 0.892168 0.492426 0.208611 478
