2 0.913091 0.637065 0.173819 0.226487 297
2 0.104843 0.550678 0.141684 0.218329 330
2 0.0435582 0.419181 0.0509803 0.0863577 375
0 0.285772 0.476708 0.0220847 0.11344 392
2 0.0492547 0.367409 0.0440138 0.0575974 395
2 0.109469 0.323321 0.0507145 0.0524169 419
0 0.339734 0.488036 0.0188303 0.094367 461
0 0.323638 0.488076 0.0186337 0.0897464 466
2 0.157037 0.845178 0.314075 0.297517 482
0 0.454384 0.522184 0.0528824 0.170975 483
0 0.125598 0.340297 0.0111375 0.0588453 500
0 0.68195 0.526073 0.0173108 0.154167 493
0 0.545601 0.562067 0.0294344 0.125312 498
