0 0.485204 0.546375 0.0375571 0.186182 95
0 0.514022 0.560399 0.0304014 0.161411 196
2 0.336807 0.441527 0.0336648 0.0690095 204
0 0.406076 0.574661 0.0306797 0.113763 220
0 0.148935 0.421495 0.0192143 0.0899323 226
0 0.437941 0.597727 0.029988 0.106048 229
0 0.135681 0.366429 0.0143693 0.0729959 235
0 0.416159 0.709453 0.0607679 0.259257 237
0 0.00956469 0.437966 0.0191294 0.0933875 24
0 0.152331 0.366608 0.0142902 0.0777552 247
0 0.0713234 0.391215 0.0147694 0.0775881 230
0 0.16083 0.363407 0.0121875 0.0678075 254
