0 0.485207 0.546335 0.0374863 0.186513 95
0 0.513977 0.560347 0.0308143 0.161935 196
2 0.336842 0.44215 0.0335179 0.0679956 204
0 0.397185 0.610341 0.0402478 0.163682 220
0 0.137805 0.420184 0.0194134 0.0928964 226
0 0.434181 0.610282 0.0321159 0.11153 229
0 0.142128 0.363727 0.011221 0.0629937 235
0 0.420462 0.751625 0.0680476 0.281557 237
0 0.01782 0.43475 0.0204045 0.0937372 24
0 0.156175 0.370931 0.0161562 0.0803443 247
0 0.067325 0.391038 0.0144685 0.0736933 230
0 0.1649 0.364681 0.0131523 0.0712835 254
