2 0.119332 0.587592 0.162004 0.214702 297
2 0.0314162 0.481827 0.0627081 0.167476 330
2 0.0544108 0.375299 0.0421425 0.0778927 375
0 0.273084 0.490863 0.0249607 0.127913 392
2 0.0777497 0.348061 0.0385769 0.0559298 395
0 0.12457 0.375789 0.0122777 0.0748612 405
2 0.126412 0.312138 0.0433731 0.0476737 419
2 0.931895 0.899666 0.13519 0.190403 277
2 0.336918 0.440773 0.0338173 0.06932 422
0 0.831333 0.494449 0.0278106 0.143691 401
0 0.869124 0.53586 0.0314852 0.137119 430
0 0.24409 0.427937 0.0146475 0.0770391 435
