2 0.935787 0.632193 0.128426 0.213169 297
2 0.121773 0.560053 0.155067 0.224571 330
2 0.0443004 0.425397 0.0582962 0.105371 375
0 0.285745 0.476807 0.0221272 0.113464 392
2 0.0465295 0.372792 0.0488502 0.0621032 395
2 0.10544 0.323991 0.0484526 0.051776 419
0 0.34181 0.487796 0.0194068 0.0949595 461
0 0.323395 0.488125 0.0190818 0.0910376 466
2 0.12812 0.83 0.25624 0.30895 482
0 0.448188 0.519689 0.0538751 0.168804 483
0 0.126608 0.338637 0.0107187 0.0584871 500
0 0.681637 0.524776 0.0167556 0.154997 493
0 0.542625 0.562094 0.0281109 0.124514 498
0 0.532118 0.554501 0.0174548 0.107482 506
