2 0.112466 0.52825 0.0981216 0.17054 375
0 0.284576 0.47704 0.0221133 0.111631 392
2 0.0247284 0.440336 0.0494569 0.0982639 395
2 0.0785272 0.341455 0.0466159 0.0584016 419
0 0.298257 0.498411 0.0204404 0.0999812 466
0 0.385293 0.511809 0.0415326 0.167138 483
2 0.13676 0.305614 0.0321524 0.0451393 512
2 0.135804 0.846325 0.271607 0.296174 515
0 0.326164 0.489917 0.0203994 0.105066 461
0 0.434463 0.515366 0.0269575 0.147413 520
2 0.336735 0.444513 0.0331138 0.0635509 514
2 0.90275 0.841633 0.140916 0.29693 526
2 0.861384 0.626496 0.259875 0.246291 330
