0 0.48505 0.546523 0.0374774 0.18676 95
0 0.514025 0.560849 0.0307415 0.162389 196
2 0.336884 0.442305 0.033206 0.0676512 204
0 0.38929 0.640029 0.0444211 0.189358 220
0 0.12334 0.421455 0.0190761 0.0929265 226
0 0.422478 0.642019 0.031319 0.13606 229
0 0.147555 0.375625 0.0135465 0.0737505 235
0 0.43295 0.803354 0.0787167 0.299583 237
0 0.00766978 0.973185 0.0152267 0.053629 238
0 0.0387391 0.427914 0.022428 0.0955172 24
0 0.16361 0.37425 0.0162428 0.0769818 247
0 0.059303 0.388844 0.0134484 0.0745531 230
0 0.171622 0.369602 0.0115782 0.0670043 254
