2 0.296964 0.615746 0.250462 0.262145 330
2 0.0530088 0.454119 0.0593707 0.126256 375
0 0.285779 0.455501 0.0171725 0.0701772 392
2 0.0335708 0.396543 0.0512498 0.0773317 395
2 0.0951824 0.329591 0.0445338 0.0515644 419
0 0.340796 0.47633 0.0143981 0.0678463 461
0 0.318146 0.472659 0.0120106 0.052717 466
0 0.398222 0.504703 0.0358953 0.138766 483
0 0.134774 0.333459 0.0120331 0.0606941 500
0 0.662545 0.531269 0.0290339 0.138311 493
0 0.494683 0.525966 0.0403526 0.152551 498
2 0.843885 0.858498 0.203607 0.272486 508
