0 0.485134 0.546068 0.037367 0.186644 95
0 0.514188 0.560506 0.0311913 0.161864 196
2 0.336716 0.442329 0.0328998 0.06749 204
0 0.381513 0.656228 0.0455719 0.190341 220
0 0.114649 0.426805 0.0215307 0.0943345 226
0 0.417326 0.657374 0.0365884 0.146589 229
0 0.152478 0.375226 0.0150299 0.0797665 235
0 0.435882 0.837782 0.091565 0.305052 237
0 0.00776657 0.97323 0.0151793 0.0535398 238
0 0.0519257 0.426772 0.0211398 0.09262 24
0 0.16864 0.37569 0.016285 0.0789759 247
0 0.0542366 0.388066 0.0121835 0.0667658 230
