2 0.932866 0.895629 0.134269 0.193039 277
2 0.119209 0.587589 0.162299 0.214848 297
0 0.320744 0.47455 0.0199625 0.108587 265
2 0.0303684 0.479577 0.0597527 0.165155 330
2 0.338482 0.442581 0.0314351 0.0656327 204
2 0.0684039 0.354417 0.046467 0.0726563 375
0 0.405468 0.515156 0.0349389 0.15569 392
2 0.122034 0.317221 0.0422563 0.0480557 395
0 0.169187 0.406953 0.0141452 0.076775 308
0 0.893492 0.521743 0.0347822 0.142723 371
0 0.908045 0.476891 0.0305744 0.10796 401
0 0.893275 0.49125 0.0266041 0.080973 404
