2 0.149367 0.553803 0.122293 0.188138 375
0 0.284613 0.477336 0.0211521 0.112167 392
2 0.0264068 0.456741 0.0528136 0.106514 395
2 0.0738159 0.345909 0.0495102 0.061112 419
0 0.296863 0.502419 0.0199826 0.103413 466
0 0.38409 0.514229 0.0366741 0.170745 483
2 0.134713 0.306767 0.0342801 0.0453681 512
2 0.0499586 0.825401 0.0999172 0.211028 515
0 0.322914 0.495802 0.0206061 0.107427 461
0 0.430215 0.512603 0.026467 0.151103 520
2 0.843323 0.850194 0.202074 0.293178 526
2 0.900684 0.606521 0.198632 0.215098 330
2 0.336446 0.443416 0.0340414 0.0650027 514
0 0.547959 0.545601 0.019126 0.127356 530
