2 0.0966447 0.513475 0.0894682 0.165904 375
0 0.2849 0.476772 0.0233478 0.112399 392
2 0.0243834 0.432824 0.0487669 0.0935109 395
2 0.0796787 0.339331 0.0458891 0.0578335 419
0 0.302763 0.497051 0.0222829 0.101812 466
0 0.38309 0.512811 0.0478777 0.167108 483
0 0.145914 0.327519 0.01005 0.0542685 500
2 0.138431 0.302821 0.0286447 0.0412072 512
2 0.170029 0.857855 0.340057 0.272259 515
0 0.327888 0.493653 0.0209105 0.102217 461
0 0.44307 0.515674 0.0240805 0.145842 520
2 0.336672 0.443726 0.033652 0.0646804 514
2 0.823834 0.6298 0.089268 0.231853 523
2 0.955385 0.850326 0.0870073 0.190233 526
