2 0.487537 0.621352 0.293436 0.255111 330
2 0.069295 0.483376 0.0685259 0.143396 375
0 0.285775 0.476555 0.0273161 0.113404 392
2 0.0267434 0.414101 0.0504602 0.0851739 395
2 0.0896914 0.334666 0.0474084 0.0562874 419
0 0.309615 0.494604 0.0265223 0.0960671 466
0 0.382255 0.472913 0.033645 0.0734372 483
0 0.139458 0.329868 0.0104641 0.0549602 500
2 0.141527 0.30029 0.0232704 0.0407938 512
2 0.327021 0.8736 0.232452 0.236383 515
0 0.333765 0.487913 0.0269124 0.0989987 461
0 0.459249 0.470183 0.0157094 0.0618982 498
