2 0.119325 0.587599 0.162049 0.214773 297
2 0.0313875 0.481885 0.0626438 0.167235 330
2 0.0542193 0.375521 0.0423398 0.0782534 375
0 0.272394 0.490622 0.0250513 0.127108 392
2 0.0773611 0.348345 0.0384579 0.0558739 395
0 0.123741 0.373963 0.0122611 0.0745999 405
2 0.12751 0.312269 0.0430935 0.0471888 419
2 0.931997 0.900197 0.134196 0.188762 277
2 0.336937 0.440828 0.0336591 0.0692203 422
0 0.818563 0.499212 0.0313023 0.151807 401
0 0.864887 0.531969 0.0326614 0.150865 430
0 0.246178 0.430189 0.0147104 0.0763625 435
