0 0.0891837 0.88426 0.0454918 0.225144 95
0 0.12772 0.939347 0.0498891 0.120009 196
2 0.337183 0.44118 0.0335266 0.0696484 204
0 0.142923 0.328255 0.0110923 0.0582267 247
2 0.933132 0.896608 0.132652 0.184522 277
0 0.12341 0.346355 0.0113831 0.0590257 303
2 0.0253277 0.388537 0.0499284 0.0856778 297
0 0.361394 0.633014 0.0359365 0.187936 265
2 0.11805 0.314116 0.0457497 0.0640953 330
0 0.94028 0.479483 0.0202437 0.097052 337
0 0.261303 0.417907 0.0157576 0.0791976 338
0 0.846637 0.497312 0.0312746 0.147034 329
0 0.888639 0.525504 0.0261272 0.136422 322
