2 0.866304 0.652469 0.243243 0.23285 297
2 0.0758399 0.532691 0.116141 0.205127 330
2 0.0442054 0.400286 0.0415155 0.0715707 375
0 0.285916 0.476628 0.0221573 0.113975 392
2 0.0566618 0.363239 0.0402404 0.0568069 395
2 0.111137 0.322273 0.0511524 0.0524458 419
0 0.340889 0.48228 0.0195667 0.0959131 461
0 0.324349 0.487225 0.0179426 0.0873953 466
2 0.237118 0.869255 0.365888 0.249581 482
0 0.484777 0.521914 0.0627553 0.17204 483
0 0.121485 0.341999 0.0102206 0.0599389 500
0 0.682643 0.53245 0.019275 0.148965 493
0 0.576179 0.576654 0.021115 0.104201 498
