0 0.485136 0.546552 0.0374355 0.186408 95
0 0.513949 0.56071 0.030664 0.162226 196
2 0.336892 0.442339 0.033235 0.0675366 204
0 0.392151 0.630105 0.041637 0.176044 220
0 0.126511 0.42169 0.0187255 0.091692 226
0 0.425066 0.61261 0.0217918 0.0899242 229
0 0.146434 0.374095 0.0142983 0.0772309 235
0 0.42907 0.792997 0.0751046 0.297678 237
0 0.00769252 0.97318 0.0152312 0.053627 238
0 0.0338096 0.430206 0.0209976 0.0954712 24
0 0.160684 0.373728 0.0158632 0.0766879 247
0 0.0612615 0.390225 0.0137064 0.0736864 230
0 0.169938 0.369223 0.012305 0.0708949 254
