2 0.906226 0.638749 0.187548 0.227703 297
2 0.10112 0.548454 0.138725 0.217174 330
2 0.0436484 0.41152 0.0447318 0.0749329 375
0 0.285802 0.47664 0.0220763 0.113448 392
2 0.0507832 0.364729 0.0404184 0.0533112 395
2 0.109276 0.323125 0.0509077 0.0526707 419
0 0.339278 0.487947 0.0191284 0.0941914 461
0 0.323522 0.488274 0.0182679 0.0887829 466
2 0.164508 0.846004 0.329017 0.295493 482
0 0.45542 0.521793 0.0524577 0.171769 483
0 0.125328 0.340875 0.0108656 0.057421 500
0 0.681985 0.527356 0.0173142 0.151965 493
0 0.549083 0.558232 0.031766 0.133042 498
