2 0.291528 0.602621 0.18526 0.21316 375
0 0.2853 0.4609 0.0172118 0.0797299 392
2 0.0424899 0.49664 0.0687907 0.130137 395
2 0.0620153 0.357258 0.0498359 0.0662462 419
0 0.381753 0.515303 0.0354111 0.167172 483
2 0.127295 0.312828 0.0456118 0.0491347 512
0 0.314834 0.477385 0.0157598 0.0788929 461
0 0.428439 0.512393 0.029129 0.15558 520
2 0.336666 0.44087 0.0350245 0.0696461 514
2 0.303412 0.842479 0.217867 0.299151 534
0 0.514161 0.52782 0.0405364 0.14475 527
0 0.300257 0.477453 0.0158581 0.055811 542
