0 0.0262951 0.916562 0.0525903 0.165063 95
2 0.337186 0.440823 0.0335669 0.0700637 204
0 0.148628 0.329801 0.0113443 0.0671067 247
2 0.933009 0.896855 0.133982 0.187653 277
0 0.127385 0.349119 0.00988452 0.0537897 303
2 0.0199394 0.412442 0.0398788 0.096292 297
0 0.379717 0.607699 0.0360322 0.17706 265
0 0.917624 0.491048 0.0220064 0.0791233 347
0 0.877658 0.503169 0.0315686 0.139771 329
0 0.282984 0.416312 0.0180895 0.0825607 338
0 0.119555 0.352936 0.00771793 0.0521938 308
0 0.928713 0.508174 0.0154196 0.0415323 353
