0 0.485094 0.546452 0.0374269 0.186689 95
0 0.514131 0.560692 0.0307904 0.162565 196
2 0.336887 0.442282 0.0331959 0.0676858 204
0 0.388635 0.6404 0.0449167 0.190718 220
0 0.121333 0.421666 0.0189331 0.0930986 226
0 0.422191 0.644582 0.0322507 0.137766 229
0 0.147773 0.374705 0.0137078 0.0755821 235
0 0.43371 0.805197 0.0799657 0.300043 237
0 0.00763565 0.973181 0.0152269 0.0536381 238
0 0.0420275 0.427895 0.0232115 0.0957486 24
0 0.164544 0.374882 0.0163763 0.0774764 247
0 0.0584468 0.388727 0.0132736 0.0740904 230
0 0.172062 0.369426 0.0118427 0.06861 254
