2 0.88222 0.648595 0.233588 0.228309 297
2 0.0840368 0.538388 0.125277 0.212011 330
2 0.0439545 0.404164 0.0435657 0.0744188 375
0 0.285818 0.476455 0.022127 0.113835 392
2 0.0544897 0.36464 0.0407681 0.0563652 395
2 0.110986 0.322608 0.0513181 0.0526371 419
0 0.340819 0.482101 0.0207142 0.0962584 461
0 0.324451 0.48692 0.0181904 0.0906457 466
2 0.190834 0.862311 0.381667 0.263349 482
0 0.47059 0.521045 0.0550265 0.174094 483
0 0.123393 0.341825 0.0107491 0.0603659 500
0 0.68229 0.529119 0.0181738 0.147753 493
0 0.563929 0.56699 0.0279559 0.126363 498
