2 0.337184 0.440672 0.0332243 0.0705238 204
2 0.932705 0.898595 0.13459 0.192154 277
0 0.126334 0.353392 0.00911378 0.0564975 303
2 0.0155474 0.448827 0.0310948 0.120872 297
0 0.390926 0.586021 0.0349015 0.17547 265
0 0.949281 0.492863 0.019614 0.0704083 347
0 0.307387 0.41695 0.0159238 0.081182 338
2 0.0650031 0.350547 0.0549162 0.0838947 330
0 0.963434 0.505869 0.0151818 0.0408999 358
0 0.920653 0.483335 0.0230341 0.0943282 337
0 0.880558 0.493255 0.0271055 0.129876 329
0 0.117236 0.356676 0.00898739 0.0506686 308
