2 0.406382 0.622307 0.279227 0.25673 330
2 0.0606621 0.468743 0.0638208 0.136949 375
0 0.285824 0.459885 0.0218928 0.0791655 392
2 0.0296593 0.406207 0.0512963 0.0822875 395
2 0.0920882 0.332697 0.046293 0.0552963 419
0 0.313386 0.471599 0.0146132 0.0464596 466
0 0.388399 0.467579 0.0220764 0.060381 483
0 0.13792 0.33163 0.0111188 0.0573914 500
0 0.643447 0.529972 0.0279992 0.151055 493
2 0.795333 0.880773 0.187295 0.229524 508
2 0.142061 0.301367 0.0222087 0.0419824 512
2 0.336733 0.444253 0.0338968 0.0637346 514
