2 0.933196 0.897282 0.133608 0.19112 277
2 0.119119 0.587396 0.162175 0.214727 297
0 0.310366 0.477422 0.0201571 0.106946 265
2 0.0277054 0.467816 0.0554109 0.15813 330
2 0.336939 0.441807 0.0328757 0.0673011 204
0 0.908066 0.492419 0.0210033 0.0761329 371
0 0.160358 0.401292 0.0118416 0.0694954 308
0 0.16803 0.396667 0.0122806 0.0762958 374
2 0.0825182 0.340287 0.0430683 0.064768 375
0 0.472463 0.517436 0.0403617 0.159797 392
2 0.143774 0.305569 0.0165681 0.0341091 395
0 0.903856 0.458969 0.0213411 0.0762947 398
