2 0.337142 0.440569 0.033428 0.0707374 204
2 0.932438 0.899011 0.135124 0.191419 277
0 0.127016 0.352353 0.00838555 0.0502743 303
2 0.0168112 0.429237 0.0336225 0.107497 297
0 0.386557 0.593574 0.0330702 0.17043 265
0 0.934249 0.493298 0.0197681 0.0720871 347
0 0.295483 0.416673 0.0168358 0.0817351 338
0 0.118424 0.35432 0.0103605 0.0565997 308
2 0.0753825 0.341697 0.0521765 0.0779865 330
0 0.949552 0.507047 0.014849 0.0415336 358
0 0.901469 0.481899 0.0202466 0.0974864 337
0 0.899368 0.499856 0.0302673 0.134996 329
