2 0.120339 0.533721 0.103481 0.174629 375
0 0.284713 0.477374 0.0219673 0.112545 392
2 0.0249774 0.444239 0.0499547 0.100342 395
2 0.077886 0.342608 0.047348 0.0588404 419
0 0.297672 0.499665 0.0201747 0.101106 466
0 0.385766 0.511859 0.0395557 0.167164 483
2 0.135774 0.306214 0.031849 0.0440942 512
2 0.120435 0.842995 0.240871 0.303838 515
0 0.325366 0.490502 0.0206587 0.107756 461
0 0.430966 0.515302 0.0271259 0.148158 520
2 0.881103 0.839778 0.159128 0.315168 526
2 0.872653 0.626067 0.254694 0.250389 330
