0 0.116829 0.416253 0.0213433 0.0899893 24
0 0.48523 0.545858 0.0371426 0.18648 95
0 0.514142 0.561056 0.0290836 0.160226 196
2 0.336572 0.441963 0.0331419 0.0677523 204
0 0.314942 0.777199 0.0630311 0.24463 220
0 0.0647331 0.438136 0.0194482 0.085712 226
0 0.368277 0.792399 0.0588726 0.195829 229
0 0.0270595 0.385539 0.0125672 0.0671849 230
0 0.175135 0.391298 0.0144927 0.0708152 235
0 0.193356 0.373804 0.00791329 0.0450206 236
0 0.41431 0.963288 0.0346096 0.0725862 237
0 0.00720012 0.976973 0.0139614 0.0459757 238
