2 0.119266 0.587671 0.162049 0.21433 297
2 0.0316544 0.482176 0.0629957 0.166708 330
2 0.0529006 0.376987 0.04266 0.0799629 375
0 0.276063 0.483855 0.0245381 0.122287 392
2 0.0759974 0.349444 0.0383834 0.0571025 395
2 0.933175 0.897472 0.13365 0.187895 277
2 0.337126 0.440412 0.0337238 0.0700938 422
0 0.254926 0.430444 0.0137877 0.0785255 435
2 0.126962 0.314988 0.0440273 0.0502035 419
0 0.773536 0.501241 0.0324497 0.162732 401
0 0.238995 0.435304 0.0137244 0.0802052 442
0 0.116029 0.370044 0.0104716 0.066671 405
