2 0.217831 0.59663 0.222542 0.262811 330
2 0.0485745 0.442401 0.0566151 0.116469 375
0 0.285602 0.474936 0.021742 0.110305 392
2 0.0379106 0.389648 0.0506525 0.073217 395
2 0.100512 0.327351 0.0446187 0.0505698 419
0 0.341124 0.489747 0.0189191 0.0972569 461
0 0.321874 0.488608 0.0193114 0.0940745 466
0 0.4182 0.516142 0.0433892 0.161182 483
0 0.131348 0.334062 0.0113708 0.0596557 500
0 0.676663 0.524653 0.0198805 0.15217 493
0 0.505903 0.528683 0.0362969 0.158834 498
2 0.891523 0.84984 0.165906 0.283536 508
