2 0.847873 0.652105 0.251295 0.232564 297
2 0.068511 0.527646 0.109161 0.201684 330
2 0.044175 0.397825 0.0397761 0.0699396 375
0 0.28592 0.476627 0.0222173 0.113943 392
2 0.0579454 0.362768 0.0415661 0.0594887 395
2 0.111993 0.3218 0.0518074 0.0528203 419
0 0.335969 0.483923 0.0173484 0.0929389 461
0 0.324431 0.486162 0.0184329 0.0874722 466
2 0.27801 0.87531 0.329543 0.237473 482
0 0.49253 0.521378 0.0710986 0.173411 483
0 0.120642 0.348533 0.00821933 0.0482729 500
0 0.682682 0.529738 0.020134 0.147113 493
