0 0.0234171 0.915633 0.0468342 0.166455 95
2 0.33712 0.440883 0.0334801 0.0700064 204
0 0.14854 0.329731 0.0115327 0.0703969 247
2 0.932845 0.897451 0.13431 0.189383 277
0 0.126827 0.349082 0.0099922 0.0552266 303
2 0.0192791 0.41559 0.0385582 0.0976784 297
0 0.381256 0.605419 0.035946 0.178468 265
0 0.920201 0.493866 0.0206649 0.0730896 347
0 0.882262 0.500423 0.0309249 0.135338 329
0 0.284267 0.420795 0.0167165 0.0733545 338
0 0.117814 0.353584 0.00777804 0.0493948 308
0 0.913605 0.477451 0.0209258 0.0972723 337
2 0.0827327 0.333891 0.0493521 0.0703087 330
