2 0.416988 0.63071 0.232864 0.235122 375
0 0.285031 0.476256 0.0251619 0.110545 392
2 0.0628344 0.522663 0.0848701 0.144109 395
2 0.0556403 0.364936 0.0487483 0.0688672 419
0 0.382496 0.471181 0.0247463 0.0815303 483
2 0.116929 0.318005 0.0505925 0.0522084 512
0 0.318735 0.484953 0.0208055 0.0900001 461
0 0.431211 0.480041 0.0186902 0.0906997 520
2 0.336471 0.441827 0.0334513 0.0679527 514
2 0.15638 0.820496 0.31276 0.345369 534
0 0.501324 0.521992 0.0358022 0.139 527
0 0.305734 0.49944 0.0263832 0.0902492 542
