2 0.767426 0.637562 0.241138 0.220825 375
0 0.285197 0.476493 0.0225409 0.110912 392
2 0.177653 0.600703 0.161424 0.194769 395
2 0.0422152 0.386715 0.0471918 0.0751185 419
0 0.388577 0.51981 0.0386974 0.174342 483
2 0.0927879 0.332632 0.0501939 0.0539137 512
0 0.331192 0.505161 0.0221676 0.124794 461
2 0.0177009 0.668338 0.0354017 0.137688 534
0 0.310896 0.515992 0.022889 0.1201 542
0 0.431595 0.513645 0.0303166 0.157858 520
2 0.0224646 0.35127 0.0272187 0.0524132 549
0 0.468891 0.520899 0.0461189 0.148304 551
