2 0.531253 0.652204 0.279939 0.238295 297
2 0.0412384 0.500614 0.0778928 0.181127 330
2 0.0455811 0.393049 0.0427267 0.0870395 375
0 0.28627 0.476949 0.0228713 0.112859 392
2 0.0652722 0.356378 0.0417712 0.0606333 395
2 0.817457 0.893868 0.231144 0.206189 277
2 0.337526 0.442099 0.0320768 0.0666029 422
2 0.116086 0.320436 0.0506047 0.0506937 419
0 0.113127 0.349025 0.0100495 0.0626973 405
0 0.323127 0.474292 0.0171098 0.095532 461
0 0.313573 0.479615 0.0184878 0.0948284 466
2 0.674809 0.891742 0.494426 0.20954 478
