2 0.574622 0.650321 0.263656 0.228376 297
2 0.0448032 0.504802 0.0822754 0.183702 330
2 0.045136 0.393615 0.0385671 0.0775564 375
0 0.286278 0.477057 0.0227257 0.113458 392
2 0.0647212 0.356931 0.0418772 0.060366 395
2 0.779146 0.908277 0.176589 0.177896 277
2 0.337079 0.441833 0.032361 0.0675116 422
2 0.114657 0.320869 0.0513008 0.0512186 419
0 0.326564 0.477293 0.0162308 0.0966283 461
0 0.318398 0.482109 0.0190465 0.0933692 466
0 0.682866 0.526634 0.0115704 0.151332 480
2 0.411847 0.921278 0.121948 0.149905 482
