0 0.485147 0.545942 0.0374555 0.18696 95
0 0.512924 0.560594 0.0315239 0.161428 196
2 0.336684 0.441776 0.0333932 0.0686299 204
0 0.361982 0.693068 0.0508005 0.218438 220
0 0.0957459 0.430051 0.0217754 0.0932384 226
0 0.404298 0.703907 0.0460778 0.168388 229
0 0.0433368 0.386201 0.0136742 0.0705747 230
0 0.161994 0.382475 0.0153166 0.0766947 235
0 0.440816 0.884159 0.107332 0.226624 237
0 0.00744095 0.972642 0.0146786 0.0544993 238
0 0.0791407 0.417282 0.0213363 0.0928483 24
0 0.185551 0.35674 0.00778316 0.032381 236
