2 0.575955 0.634292 0.248888 0.22784 375
0 0.284969 0.477177 0.023456 0.112445 392
2 0.103659 0.558094 0.114579 0.16486 395
2 0.0484544 0.376127 0.0475573 0.0709946 419
0 0.385786 0.516058 0.0467086 0.172795 483
2 0.105901 0.324904 0.0499686 0.0517462 512
0 0.321909 0.504398 0.0204585 0.122725 461
2 0.336523 0.441954 0.0332993 0.0683369 514
2 0.08004 0.737989 0.16008 0.29757 534
0 0.307961 0.512159 0.0252969 0.11861 542
0 0.431646 0.511934 0.0364097 0.15658 520
2 0.00898788 0.366098 0.0144362 0.0461352 549
