2 0.42945 0.629685 0.230346 0.229649 375
0 0.284937 0.476761 0.0251157 0.111597 392
2 0.0655586 0.526095 0.0870915 0.145872 395
2 0.0549589 0.365903 0.0482793 0.0684924 419
0 0.382554 0.471237 0.0256847 0.0815379 483
2 0.115985 0.318755 0.0505797 0.0522216 512
0 0.319574 0.492605 0.0229144 0.102528 461
0 0.431152 0.476743 0.0180909 0.0844186 520
2 0.336382 0.441646 0.0336021 0.0682489 514
2 0.150446 0.818295 0.300892 0.349537 534
0 0.499877 0.518885 0.0339382 0.133683 527
0 0.306032 0.506252 0.0298916 0.105321 542
