2 0.555158 0.636944 0.255692 0.233435 375
0 0.284931 0.477171 0.0237425 0.112458 392
2 0.0945884 0.549928 0.107958 0.160262 395
2 0.0498199 0.373425 0.0483792 0.0715812 419
0 0.385533 0.51511 0.0491563 0.171406 483
2 0.108044 0.32381 0.049796 0.0514019 512
0 0.321179 0.505234 0.0212782 0.122704 461
2 0.336518 0.441704 0.0335014 0.0687559 514
2 0.0940543 0.756905 0.188109 0.315849 534
0 0.306973 0.511584 0.0262483 0.117524 542
0 0.432647 0.502197 0.033488 0.136191 520
2 0.00665948 0.37054 0.0117768 0.0382394 549
0 0.483394 0.486361 0.0276473 0.0704419 551
