2 0.119324 0.587516 0.161801 0.21455 297
2 0.0315587 0.481324 0.0629417 0.167111 330
2 0.0567979 0.369963 0.042731 0.0767679 375
0 0.307958 0.501699 0.0306482 0.142238 392
2 0.0902211 0.338882 0.0412683 0.05403 395
0 0.143947 0.392579 0.0140212 0.0684479 405
2 0.140016 0.303873 0.0250012 0.0446409 419
2 0.931618 0.900291 0.134987 0.18912 277
2 0.336543 0.441373 0.0362933 0.067727 422
0 0.893244 0.493923 0.0290492 0.137612 401
0 0.932671 0.488781 0.0195914 0.0815032 406
0 0.909588 0.497084 0.0215461 0.0677821 415
