2 0.179497 0.580795 0.190925 0.241053 330
2 0.0477108 0.436956 0.0564231 0.112758 375
0 0.285608 0.476212 0.0221028 0.112885 392
2 0.0406526 0.386549 0.0548084 0.0774899 395
2 0.102524 0.32594 0.0457214 0.0513839 419
0 0.340974 0.4948 0.0174821 0.0850473 461
0 0.322863 0.491916 0.017887 0.0865808 466
2 0.0448872 0.761186 0.0897744 0.209063 482
0 0.42205 0.51144 0.0426021 0.163841 483
0 0.12877 0.335562 0.0109519 0.0589797 500
0 0.679577 0.523927 0.0174047 0.153897 493
0 0.521639 0.533002 0.0387936 0.150451 498
