2 0.11926 0.587675 0.161994 0.21434 297
2 0.0316865 0.482126 0.0629329 0.166809 330
2 0.0530621 0.376639 0.0428203 0.0801037 375
0 0.275102 0.484148 0.0247297 0.123513 392
2 0.0759716 0.349456 0.0384258 0.0570008 395
0 0.117158 0.369998 0.0110737 0.0716624 405
2 0.933294 0.89765 0.132969 0.186828 277
2 0.337129 0.440419 0.0337667 0.0700642 422
0 0.253155 0.427732 0.0150516 0.0833666 435
2 0.125103 0.314755 0.0428394 0.0500791 419
0 0.236352 0.433061 0.0147612 0.0857414 442
0 0.782537 0.500259 0.0315158 0.150451 401
