2 0.337166 0.440549 0.0333049 0.070761 204
2 0.933024 0.898724 0.133951 0.190947 277
0 0.126738 0.353285 0.00897042 0.0553575 303
2 0.0154689 0.441922 0.0309377 0.113623 297
0 0.389312 0.588777 0.0346265 0.174098 265
0 0.944486 0.49404 0.0185839 0.0686541 347
0 0.304002 0.416877 0.0159283 0.0811133 338
2 0.0680512 0.348172 0.0544785 0.0823559 330
0 0.959395 0.506531 0.015163 0.0410662 358
0 0.912944 0.488277 0.0193132 0.0838277 337
0 0.886414 0.486553 0.0258259 0.121694 329
0 0.116929 0.355877 0.00914914 0.0515725 308
