2 0.445485 0.617945 0.280945 0.246982 330
2 0.0642779 0.474254 0.065844 0.140953 375
0 0.285833 0.47309 0.0278575 0.106462 392
2 0.0281627 0.409837 0.0516393 0.0849642 395
2 0.0909866 0.333128 0.0464127 0.0556276 419
0 0.311912 0.477646 0.0185024 0.0578704 466
0 0.385339 0.46639 0.0248852 0.0590789 483
0 0.138815 0.331225 0.0108867 0.0579408 500
0 0.641469 0.528554 0.0262621 0.142282 493
2 0.141983 0.301513 0.0231013 0.0428671 512
2 0.381512 0.883704 0.199025 0.218926 515
0 0.334971 0.469665 0.0162854 0.0558247 461
2 0.757327 0.89831 0.150558 0.194956 508
