0 0.114141 0.879208 0.0417165 0.23845 95
0 0.157767 0.920395 0.0578324 0.158537 196
2 0.337129 0.441261 0.0334174 0.0694601 204
0 0.14067 0.328102 0.0108861 0.0599273 247
2 0.932993 0.896508 0.132946 0.185444 277
0 0.125446 0.34624 0.00941496 0.0512256 303
2 0.0317072 0.379921 0.0504415 0.0828469 297
0 0.353177 0.63674 0.0386411 0.194137 265
2 0.128595 0.307414 0.0375405 0.0605809 330
0 0.948103 0.476918 0.0211279 0.101883 337
0 0.254521 0.418867 0.0170294 0.0763146 338
0 0.833143 0.493626 0.0311528 0.142284 329
0 0.886228 0.539792 0.0214978 0.103271 336
0 0.875112 0.526026 0.0259395 0.132688 322
