0 0.130796 0.875435 0.0425764 0.247275 95
0 0.168781 0.915804 0.0570899 0.167481 196
2 0.337081 0.441198 0.0334372 0.0695724 204
0 0.140161 0.328505 0.0105588 0.0592642 247
2 0.933053 0.896268 0.132757 0.185523 277
0 0.12417 0.346977 0.00949122 0.0503567 303
2 0.0352215 0.37613 0.049727 0.0801537 297
0 0.349225 0.636734 0.038973 0.192582 265
2 0.133079 0.304002 0.0332366 0.0593867 330
0 0.953413 0.47683 0.0204641 0.100781 337
0 0.250857 0.414098 0.0195392 0.0870712 338
0 0.825205 0.497831 0.0321685 0.143183 329
0 0.880545 0.545724 0.0242578 0.113011 336
0 0.872316 0.526107 0.0258755 0.136536 322
