2 0.119301 0.587535 0.1619 0.214674 297
2 0.0317336 0.481404 0.0631482 0.167396 330
2 0.0563932 0.370938 0.0426058 0.0769731 375
0 0.300833 0.503052 0.0301333 0.137098 392
2 0.0866417 0.341214 0.0387864 0.0542686 395
0 0.138603 0.387001 0.0155958 0.0777659 405
2 0.137278 0.306031 0.0284653 0.0462255 419
2 0.932238 0.898519 0.135524 0.189463 277
2 0.336783 0.441677 0.0351484 0.0681981 422
0 0.891187 0.486253 0.0254 0.121252 401
0 0.926882 0.497107 0.0157037 0.0649855 406
0 0.912933 0.497964 0.0211052 0.0643004 415
