2 0.337152 0.440622 0.0332808 0.0706019 204
2 0.933135 0.897216 0.133729 0.190341 277
0 0.126675 0.352547 0.00875565 0.0538599 303
2 0.0158491 0.437498 0.0316982 0.110058 297
0 0.38875 0.588141 0.0339534 0.172265 265
0 0.940071 0.491344 0.0201878 0.0755474 347
0 0.299573 0.417064 0.0168649 0.0800571 338
2 0.0709534 0.345195 0.0530891 0.0796746 330
0 0.955359 0.507706 0.0143483 0.0395248 358
0 0.906529 0.482808 0.0207551 0.0949127 337
0 0.892431 0.482836 0.0240296 0.111283 329
0 0.117056 0.355236 0.00975838 0.053649 308
