0 0.119611 0.878634 0.0417553 0.240605 95
0 0.163335 0.917949 0.0585354 0.163481 196
2 0.337109 0.441218 0.033389 0.0694246 204
0 0.140641 0.328105 0.0107458 0.0594866 247
2 0.933008 0.896404 0.132753 0.185261 277
0 0.124686 0.345964 0.00961901 0.0514889 303
2 0.0328641 0.378603 0.0501107 0.081731 297
0 0.351985 0.636059 0.0389177 0.194509 265
2 0.129659 0.305653 0.0355853 0.0591388 330
0 0.949715 0.476682 0.0209412 0.101984 337
0 0.253153 0.418568 0.0174728 0.0772956 338
0 0.830648 0.49464 0.0318211 0.141874 329
0 0.884094 0.54545 0.0244867 0.117192 336
0 0.874764 0.526786 0.0263648 0.137031 322
