0 0.142148 0.410104 0.0149969 0.0938647 24
2 0.0598125 0.479625 0.067079 0.130612 52
0 0.336695 0.519796 0.0209942 0.116469 2
0 0.348067 0.512165 0.0207917 0.121002 74
0 0.310098 0.442614 0.0239367 0.0878806 76
2 0.820575 0.890301 0.235009 0.213236 78
2 0.0164815 0.351177 0.020795 0.0558878 93
0 0.516183 0.542995 0.0360562 0.131401 95
0 0.540888 0.565821 0.0307126 0.1278 96
2 0.517035 0.905747 0.208737 0.180551 100
2 0.660162 0.890156 0.510371 0.21348 101
2 0.334963 0.438262 0.0341362 0.0560488 97
