2 0.119313 0.587669 0.16199 0.214642 297
2 0.0315738 0.482013 0.0628231 0.167179 330
2 0.0532696 0.376146 0.0426654 0.0796971 375
0 0.273833 0.487164 0.0237731 0.122784 392
2 0.0765682 0.34918 0.0383538 0.0569392 395
0 0.120805 0.371939 0.00991286 0.071708 405
2 0.932325 0.89888 0.13504 0.18987 277
2 0.336903 0.441131 0.0334077 0.068821 422
0 0.251771 0.428938 0.0152785 0.0816673 435
2 0.123757 0.313803 0.0415086 0.0485743 419
0 0.835531 0.528808 0.0323167 0.145056 430
0 0.798395 0.498481 0.0345476 0.15472 401
