2 0.254601 0.604814 0.23768 0.265909 330
2 0.0505353 0.448376 0.0583862 0.122285 375
0 0.28573 0.460563 0.0173978 0.0808678 392
2 0.0357785 0.392837 0.0507049 0.0743376 395
2 0.101063 0.328421 0.0466006 0.0520368 419
0 0.340881 0.490416 0.0182934 0.0964193 461
0 0.320391 0.490587 0.0175708 0.0868563 466
0 0.41049 0.518333 0.0438988 0.162041 483
0 0.132999 0.333886 0.0117644 0.0596182 500
0 0.667427 0.532049 0.0220795 0.136152 493
0 0.497836 0.52912 0.0387381 0.156153 498
2 0.854989 0.851566 0.188801 0.287735 508
