2 0.755977 0.637681 0.245635 0.226215 375
0 0.285225 0.476405 0.0225234 0.110701 392
2 0.168156 0.596562 0.156109 0.191801 395
2 0.0426466 0.385804 0.0475006 0.0751367 419
0 0.388682 0.519305 0.0390019 0.173361 483
2 0.0937705 0.331799 0.0501444 0.0532991 512
0 0.33058 0.504209 0.0218171 0.1258 461
2 0.0214087 0.661714 0.0428174 0.149543 534
0 0.310659 0.516143 0.0230526 0.120019 542
0 0.431587 0.513744 0.0306719 0.158124 520
2 0.0210667 0.352392 0.025214 0.051833 549
0 0.470744 0.522084 0.0480855 0.149917 551
2 0.809092 0.65464 0.124838 0.186126 557
