2 0.27516 0.611125 0.243611 0.263982 330
2 0.051829 0.450767 0.0585122 0.123517 375
0 0.285793 0.45696 0.0168007 0.0729862 392
2 0.0346836 0.395359 0.0514995 0.0765249 395
2 0.0966681 0.329351 0.0447221 0.0507303 419
0 0.340766 0.48738 0.0175199 0.0903167 461
0 0.319458 0.480123 0.0140939 0.0669954 466
0 0.404228 0.515952 0.0419473 0.158736 483
0 0.133883 0.333928 0.0119376 0.0601399 500
0 0.663843 0.530207 0.0261777 0.140191 493
0 0.496856 0.528698 0.0403894 0.155834 498
2 0.846568 0.854701 0.196387 0.279803 508
