2 0.375692 0.625823 0.225322 0.234838 375
0 0.285076 0.471123 0.0237073 0.100442 392
2 0.0553734 0.515799 0.0811232 0.143289 395
2 0.0573219 0.36202 0.0496307 0.0688721 419
0 0.382042 0.475266 0.023305 0.0885977 483
2 0.119522 0.316546 0.0492479 0.0507507 512
0 0.317219 0.472484 0.0168462 0.0704702 461
0 0.430928 0.500774 0.024907 0.132798 520
2 0.336521 0.442191 0.0331558 0.0673589 514
2 0.196968 0.827399 0.313215 0.33139 534
0 0.501643 0.525585 0.038509 0.148032 527
0 0.303463 0.486182 0.017903 0.0602904 542
