2 0.455326 0.64313 0.263037 0.227488 297
2 0.0383773 0.496697 0.0750674 0.179475 330
2 0.0466006 0.389545 0.042661 0.0847365 375
0 0.286685 0.47571 0.0236376 0.1135 392
2 0.0667479 0.35564 0.0400423 0.0599431 395
2 0.841005 0.88775 0.24681 0.214236 277
2 0.336875 0.440166 0.0340273 0.0705816 422
2 0.117199 0.319483 0.0504744 0.0512806 419
0 0.112059 0.349348 0.0103059 0.0614684 405
0 0.636753 0.533796 0.0255955 0.152417 455
0 0.315987 0.466512 0.0168484 0.0968106 461
0 0.308331 0.4775 0.0153388 0.0840036 466
