2 0.172397 0.580459 0.188188 0.241822 330
2 0.0478044 0.435772 0.0558105 0.110736 375
0 0.285605 0.476406 0.0221443 0.113141 392
2 0.041265 0.386512 0.0560635 0.0785024 395
2 0.102856 0.325692 0.045852 0.0513345 419
0 0.341199 0.492719 0.0180761 0.0874282 461
0 0.32294 0.49157 0.0179074 0.0869903 466
2 0.0540701 0.771751 0.10814 0.235822 482
0 0.424561 0.511333 0.0427929 0.165423 483
0 0.129146 0.336575 0.0108657 0.0601262 500
0 0.67985 0.525282 0.0169216 0.151478 493
0 0.525095 0.54175 0.0378822 0.142595 498
