2 0.448717 0.642584 0.261312 0.227383 297
2 0.0380609 0.495997 0.0745326 0.178633 330
2 0.0468237 0.389274 0.0424386 0.0841088 375
0 0.286507 0.475636 0.0236038 0.113245 392
2 0.0671091 0.355527 0.0397987 0.059994 395
2 0.842548 0.886813 0.247492 0.216186 277
2 0.336738 0.440222 0.0339938 0.0704837 422
2 0.117367 0.319405 0.0503756 0.0511877 419
0 0.111851 0.349374 0.0102823 0.0615866 405
0 0.637516 0.533619 0.0260024 0.151364 455
0 0.314482 0.467179 0.0173542 0.0972326 461
0 0.308564 0.473101 0.0166986 0.0924414 466
