2 0.285899 0.61356 0.246567 0.262591 330
2 0.0522454 0.452422 0.0590989 0.12529 375
0 0.285791 0.456199 0.0169815 0.0715002 392
2 0.0341289 0.395944 0.0516886 0.0774313 395
2 0.0958991 0.329517 0.0444798 0.0509774 419
0 0.340653 0.481684 0.015876 0.0787874 461
0 0.318838 0.475253 0.0127321 0.0581852 466
0 0.401193 0.510187 0.0387103 0.148286 483
0 0.134428 0.333649 0.0120169 0.0605975 500
0 0.662874 0.533778 0.0266286 0.132835 493
0 0.496064 0.527916 0.0407046 0.1549 498
2 0.84723 0.856244 0.200623 0.276212 508
