2 0.887242 0.647552 0.225517 0.226157 297
2 0.087334 0.540017 0.127293 0.212136 330
2 0.0438987 0.404866 0.0441818 0.0757696 375
0 0.2858 0.476461 0.0221268 0.113825 392
2 0.0539131 0.364641 0.0403111 0.0552567 395
2 0.110639 0.322741 0.0512589 0.0526441 419
0 0.340812 0.482925 0.0207337 0.0950759 461
0 0.324233 0.487066 0.0181547 0.090547 466
2 0.18518 0.859781 0.370359 0.268029 482
0 0.466389 0.520836 0.0534838 0.17426 483
0 0.123815 0.342249 0.0105832 0.0583163 500
0 0.682203 0.528419 0.0179443 0.148197 493
0 0.562854 0.566258 0.0290674 0.125936 498
