0 0.485123 0.546171 0.0374159 0.186921 95
0 0.514399 0.560578 0.030935 0.16178 196
2 0.336769 0.442298 0.0330818 0.0677303 204
0 0.385704 0.645322 0.0457094 0.18919 220
0 0.117388 0.423996 0.0199495 0.091885 226
0 0.420629 0.652642 0.0346087 0.141447 229
0 0.150135 0.37455 0.0145238 0.0799344 235
0 0.434775 0.812259 0.0823159 0.29052 237
0 0.00773552 0.973254 0.0152142 0.0534921 238
0 0.0495815 0.42674 0.0234411 0.0956253 24
0 0.167044 0.37628 0.0165671 0.0783565 247
0 0.0560187 0.388432 0.0127081 0.0701366 230
