0 0.0848316 0.886296 0.0452872 0.220785 95
0 0.120752 0.941971 0.0485232 0.114614 196
2 0.337156 0.441203 0.0334946 0.0695825 204
0 0.143379 0.327976 0.0111513 0.0582141 247
2 0.933078 0.896728 0.132906 0.184806 277
0 0.123099 0.346095 0.011787 0.0600019 303
2 0.0246519 0.390333 0.0493039 0.0861045 297
0 0.362759 0.627996 0.0349737 0.183425 265
2 0.116102 0.315184 0.0470724 0.0651374 330
0 0.938595 0.479577 0.0203241 0.0975767 337
0 0.261201 0.417775 0.015612 0.0795088 338
0 0.847776 0.497701 0.0317795 0.145994 329
0 0.892267 0.523184 0.0246071 0.131168 322
