2 0.396376 0.651411 0.268079 0.24698 297
2 0.0365225 0.491073 0.07139 0.173302 330
2 0.0479952 0.387675 0.0423118 0.0827622 375
0 0.286802 0.474082 0.0231446 0.108872 392
2 0.0688114 0.355105 0.039253 0.0601353 395
2 0.849292 0.881625 0.248024 0.225655 277
2 0.337061 0.44033 0.0335857 0.070368 422
2 0.117947 0.318848 0.0502488 0.0511869 419
0 0.111248 0.350348 0.00987955 0.0606735 405
0 0.641694 0.536668 0.0297276 0.157245 455
0 0.312394 0.464399 0.018996 0.0982591 461
0 0.303869 0.469915 0.0152727 0.0921106 466
