0 0.485249 0.546065 0.037257 0.186029 95
0 0.513245 0.560493 0.0318434 0.161609 196
2 0.336668 0.441883 0.0331841 0.0684303 204
0 0.372255 0.679185 0.048142 0.201788 220
0 0.101601 0.42824 0.0219968 0.0942275 226
0 0.411919 0.686839 0.0464759 0.166566 229
0 0.0475462 0.38763 0.0133462 0.068651 230
0 0.158362 0.380574 0.014752 0.0773596 235
0 0.436813 0.862365 0.105182 0.269445 237
0 0.00779517 0.973016 0.01495 0.0539679 238
0 0.0722147 0.422187 0.022737 0.0950543 24
0 0.177662 0.377583 0.0186895 0.0762019 247
