2 0.561364 0.654582 0.278929 0.237741 297
2 0.0431872 0.503316 0.0806372 0.18354 330
2 0.0454049 0.393908 0.0402748 0.081957 375
0 0.286274 0.477041 0.022767 0.113272 392
2 0.0646296 0.35647 0.0416812 0.0598981 395
2 0.784004 0.898171 0.204538 0.195174 277
2 0.337752 0.44201 0.032048 0.0670284 422
2 0.115338 0.320611 0.0513714 0.0513146 419
0 0.113248 0.350188 0.00960595 0.0605971 405
0 0.325451 0.476977 0.0171104 0.0982124 461
0 0.316028 0.480778 0.0191828 0.0957801 466
2 0.622779 0.897777 0.47412 0.200534 478
0 0.682799 0.526741 0.0114901 0.151218 480
2 0.431333 0.927083 0.111888 0.139728 482
