0 0.485091 0.546438 0.0374238 0.186729 95
0 0.514292 0.560414 0.0309309 0.162732 196
2 0.336879 0.44228 0.033128 0.0676681 204
0 0.387255 0.642031 0.045934 0.192504 220
0 0.11901 0.4223 0.0193337 0.0923471 226
0 0.42397 0.648672 0.0344034 0.14161 229
0 0.148843 0.374303 0.0138164 0.0764881 235
0 0.434346 0.807749 0.0808502 0.294498 237
0 0.00765959 0.973205 0.0152312 0.0535866 238
0 0.0468244 0.428428 0.0237377 0.0945364 24
0 0.166732 0.376211 0.0166901 0.0781875 247
0 0.0569251 0.38841 0.013034 0.0727561 230
