0 0.485128 0.546146 0.0374056 0.186858 95
0 0.514372 0.560576 0.0309998 0.161716 196
2 0.336744 0.442307 0.0329908 0.0675774 204
0 0.384065 0.6476 0.0453189 0.186962 220
0 0.116139 0.424898 0.0206668 0.0928246 226
0 0.420714 0.653977 0.0352683 0.142008 229
0 0.150738 0.374282 0.0146482 0.0801905 235
0 0.435227 0.819029 0.0837649 0.290339 237
0 0.00776297 0.973249 0.0152074 0.0535023 238
0 0.0506289 0.426725 0.0227461 0.094564 24
0 0.167413 0.376238 0.0164118 0.078082 247
0 0.0556364 0.388753 0.0125673 0.069247 230
