2 0.598856 0.63197 0.218325 0.191228 297
2 0.0475054 0.508336 0.0860068 0.186004 330
2 0.0446921 0.393957 0.0378016 0.0742375 375
0 0.286222 0.476786 0.0225068 0.112957 392
2 0.06375 0.358051 0.0419026 0.0606932 395
2 0.336958 0.441448 0.0327833 0.0681774 422
2 0.113702 0.32131 0.0511371 0.0513749 419
0 0.328195 0.477297 0.0154822 0.0958396 461
0 0.317976 0.482588 0.0183906 0.0925506 466
0 0.683249 0.511084 0.0092563 0.116894 480
2 0.382081 0.904369 0.155749 0.180592 482
0 0.516114 0.503383 0.0760836 0.12695 483
