2 0.669589 0.638967 0.253728 0.231859 375
0 0.285141 0.476962 0.0229935 0.112175 392
2 0.131576 0.575829 0.133723 0.178106 395
2 0.0454428 0.381357 0.0471339 0.072211 419
0 0.386758 0.516546 0.0417644 0.170504 483
2 0.101025 0.328379 0.0492573 0.0510279 512
0 0.324884 0.503625 0.0195597 0.123323 461
2 0.336176 0.44353 0.0324521 0.0656115 514
2 0.0476651 0.689092 0.0953303 0.236719 534
0 0.310588 0.515751 0.0243035 0.120659 542
0 0.431533 0.514005 0.0332025 0.159301 520
2 0.0150318 0.361139 0.0194934 0.0539623 549
0 0.476244 0.525746 0.0546639 0.151861 551
