2 0.627229 0.633048 0.240717 0.222475 375
0 0.285041 0.477078 0.0231757 0.11249 392
2 0.119788 0.56945 0.125818 0.17282 395
2 0.0466701 0.378766 0.0477268 0.0723524 419
0 0.385998 0.516259 0.0434667 0.17166 483
2 0.103122 0.326666 0.0498956 0.0517897 512
0 0.32378 0.503444 0.0196766 0.122862 461
2 0.336532 0.442804 0.0325707 0.0667223 514
2 0.0610693 0.709637 0.122139 0.271019 534
0 0.30969 0.51465 0.0244057 0.118848 542
0 0.431559 0.513847 0.0345174 0.159537 520
2 0.0125974 0.363883 0.0180761 0.0543742 549
0 0.476631 0.526679 0.0566333 0.151336 551
