0 0.485239 0.546439 0.0374533 0.186257 95
0 0.513985 0.560413 0.0307385 0.161718 196
2 0.336814 0.441986 0.0336416 0.0683252 204
0 0.398037 0.607917 0.0403889 0.163214 220
0 0.138407 0.419709 0.0193522 0.0936338 226
0 0.435864 0.608194 0.0327802 0.112465 229
0 0.141695 0.360603 0.0102758 0.0559761 235
0 0.420314 0.749001 0.0674091 0.28093 237
0 0.0161323 0.43482 0.0204122 0.0957902 24
0 0.154861 0.36924 0.0153668 0.0775763 247
0 0.068049 0.391328 0.014765 0.0741465 230
0 0.164605 0.363784 0.0130668 0.0709734 254
