2 0.332769 0.62042 0.266525 0.266248 330
2 0.0552616 0.459508 0.0608641 0.130464 375
0 0.285781 0.45533 0.0183459 0.0698777 392
2 0.0321039 0.400126 0.05165 0.0797256 395
2 0.0942345 0.330338 0.0442 0.0519611 419
0 0.340076 0.470196 0.0136339 0.0544405 461
0 0.316391 0.469017 0.0125876 0.0491871 466
0 0.392671 0.483436 0.0260944 0.0970079 483
0 0.135801 0.332065 0.0118127 0.0593751 500
0 0.657374 0.528759 0.0300279 0.141075 493
0 0.486378 0.522088 0.0389047 0.154941 498
2 0.836867 0.864701 0.209789 0.262739 508
