0 0.0655812 0.905823 0.0539369 0.187327 95
2 0.337111 0.441074 0.0334902 0.0696479 204
0 0.146131 0.32437 0.0108574 0.0578148 247
2 0.932944 0.896918 0.13333 0.184941 277
0 0.125569 0.34801 0.011005 0.055506 303
2 0.0223187 0.399672 0.0446374 0.0907701 297
0 0.373304 0.618746 0.0369049 0.183446 265
0 0.905131 0.494268 0.0190334 0.0714155 347
2 0.103458 0.321889 0.0513759 0.0693999 330
0 0.863062 0.500318 0.0294078 0.146102 329
0 0.0787362 0.954688 0.0401905 0.0906247 196
0 0.929301 0.478175 0.0209702 0.103412 337
