2 0.677204 0.62594 0.300272 0.250668 330
2 0.0860109 0.503611 0.0808916 0.156143 375
0 0.285718 0.476762 0.0243268 0.112736 392
2 0.0246001 0.427216 0.0492001 0.0912841 395
2 0.0821963 0.337375 0.0468417 0.0579704 419
0 0.304635 0.497782 0.0228675 0.100241 466
0 0.382665 0.514926 0.0542042 0.165226 483
0 0.144197 0.332498 0.00912121 0.0496694 500
2 0.138832 0.301516 0.0246273 0.0371016 512
2 0.211144 0.864836 0.349496 0.258073 515
0 0.32942 0.493548 0.022866 0.103622 461
0 0.44706 0.513516 0.0236088 0.153979 520
2 0.336792 0.443618 0.0339672 0.064757 514
2 0.792989 0.650912 0.0711986 0.201103 523
