0 0.115906 0.417104 0.0218211 0.0905604 24
0 0.485222 0.545887 0.0371241 0.186411 95
0 0.513989 0.560936 0.0292436 0.1604 196
2 0.336569 0.442029 0.033097 0.0676237 204
0 0.318385 0.774965 0.0636248 0.246969 220
0 0.0655259 0.43514 0.0199591 0.0901846 226
0 0.36524 0.789253 0.057503 0.194311 229
0 0.0276429 0.385814 0.0126339 0.0674135 230
0 0.174594 0.391927 0.0145942 0.0709948 235
0 0.193162 0.372818 0.00791713 0.0446122 236
0 0.416108 0.957395 0.040742 0.0844942 237
0 0.00734039 0.976582 0.0142027 0.046744 238
