0 0.141661 0.870181 0.0439684 0.257005 95
0 0.180253 0.913366 0.0572465 0.172299 196
2 0.337079 0.441317 0.0334406 0.0695625 204
0 0.140616 0.330685 0.00984322 0.0559441 247
2 0.933015 0.896358 0.13249 0.185358 277
0 0.124255 0.345225 0.00992026 0.053524 303
2 0.0375922 0.372388 0.0502736 0.0801416 297
0 0.347321 0.639662 0.0389572 0.190441 265
2 0.136242 0.301738 0.0300196 0.0568433 330
0 0.955373 0.478785 0.0198879 0.0981373 337
0 0.249333 0.413614 0.0192577 0.0877572 338
0 0.820554 0.496613 0.0311437 0.145729 329
0 0.874374 0.546085 0.0244396 0.112349 336
0 0.86976 0.52651 0.0272854 0.139355 322
