2 0.932956 0.895653 0.134089 0.192827 277
2 0.119228 0.587599 0.162254 0.214798 297
0 0.320993 0.474513 0.0197747 0.108107 265
2 0.0304529 0.479995 0.0600812 0.165882 330
2 0.338513 0.442253 0.0316766 0.0663383 204
2 0.0681138 0.354943 0.0462916 0.0727633 375
0 0.403038 0.515376 0.0358182 0.154918 392
2 0.120826 0.317861 0.0430527 0.0485408 395
0 0.169244 0.407761 0.0142079 0.0779458 308
0 0.892198 0.52428 0.0348435 0.144813 371
0 0.908136 0.476542 0.0286676 0.107124 401
0 0.892149 0.491234 0.0268349 0.0815095 404
