2 0.235372 0.600435 0.229232 0.263691 330
2 0.0495669 0.445403 0.0571875 0.118656 375
0 0.285657 0.468428 0.0196344 0.0970455 392
2 0.0368049 0.3909 0.0500215 0.0726907 395
2 0.100001 0.328012 0.0449314 0.0508379 419
0 0.340933 0.490319 0.0184549 0.0964686 461
0 0.3213 0.490132 0.0184512 0.0906397 466
0 0.415263 0.518025 0.0440596 0.161617 483
0 0.132406 0.333796 0.0116056 0.0597491 500
0 0.675963 0.528321 0.019505 0.142873 493
0 0.50039 0.52869 0.0372865 0.157144 498
2 0.869449 0.851629 0.177351 0.289839 508
