0 0.485273 0.546475 0.0374901 0.186162 95
0 0.514001 0.560282 0.0305778 0.16171 196
2 0.336806 0.441622 0.0337222 0.0688597 204
0 0.403135 0.594914 0.0371238 0.144789 220
0 0.145727 0.416078 0.0209865 0.100236 226
0 0.436947 0.600511 0.0305367 0.105759 229
0 0.13828 0.356374 0.0100936 0.0485233 235
0 0.418262 0.71913 0.0598081 0.251489 237
0 0.0113011 0.441184 0.0197365 0.0879277 24
0 0.152686 0.367066 0.0146796 0.0792628 247
0 0.0702211 0.392364 0.0149629 0.074437 230
0 0.162677 0.364758 0.0131695 0.0728045 254
