2 0.370703 0.624703 0.279376 0.267877 330
2 0.0578536 0.464293 0.0618647 0.132794 375
0 0.285766 0.456438 0.0197715 0.072218 392
2 0.0309043 0.402756 0.0512105 0.0805034 395
2 0.0933987 0.331537 0.0452586 0.0536768 419
0 0.338774 0.468931 0.0141237 0.051863 461
0 0.314836 0.469847 0.0133501 0.0467596 466
0 0.39093 0.469881 0.0205441 0.0664682 483
0 0.136399 0.331876 0.0111935 0.0574095 500
0 0.650977 0.526408 0.0284241 0.145499 493
0 0.477645 0.505042 0.0296351 0.126804 498
2 0.823071 0.869902 0.208875 0.251795 508
2 0.143262 0.3009 0.0208287 0.0396346 512
2 0.689049 0.868281 0.483833 0.255027 513
