0 0.485198 0.545776 0.0373102 0.186227 95
0 0.514064 0.560367 0.0317779 0.161895 196
2 0.336678 0.441971 0.033117 0.0682643 204
0 0.374751 0.667159 0.0483144 0.204517 220
0 0.108595 0.427497 0.0206299 0.0956163 226
0 0.411362 0.672539 0.0399696 0.155926 229
0 0.0497682 0.386814 0.0136506 0.0709257 230
0 0.156814 0.380652 0.0146929 0.0760629 235
0 0.436959 0.853046 0.10005 0.285538 237
0 0.00777677 0.973097 0.0150659 0.0538053 238
0 0.062498 0.422811 0.0221648 0.0959809 24
0 0.173851 0.376672 0.0182992 0.0783871 247
