0 0.142127 0.410196 0.0149819 0.0936643 24
2 0.057784 0.475909 0.0649736 0.127588 52
0 0.336369 0.520088 0.0207301 0.116302 2
0 0.348705 0.512712 0.0201834 0.117175 74
0 0.308494 0.441875 0.0234275 0.088045 76
2 0.82595 0.889105 0.2411 0.215869 78
2 0.0155968 0.352093 0.0193957 0.0553831 93
0 0.516968 0.542752 0.0348479 0.12763 95
0 0.541041 0.56569 0.0307085 0.127284 96
2 0.525241 0.90133 0.217604 0.189572 100
2 0.673464 0.888686 0.516357 0.216118 101
2 0.335458 0.438011 0.0350205 0.0576521 97
