0 0.485189 0.545806 0.0372935 0.186138 95
0 0.514047 0.56034 0.031713 0.161966 196
2 0.336686 0.442096 0.0330199 0.0680142 204
0 0.375569 0.665981 0.0485483 0.206456 220
0 0.109962 0.427532 0.0205618 0.0947597 226
0 0.41313 0.670426 0.0396978 0.156878 229
0 0.0492476 0.387188 0.0130384 0.069268 230
0 0.156192 0.38035 0.0146781 0.075724 235
0 0.437021 0.851696 0.0985317 0.288481 237
0 0.00778841 0.973137 0.015082 0.0537253 238
0 0.0597344 0.423361 0.0216495 0.0964599 24
0 0.172037 0.376702 0.0176415 0.0775912 247
