2 0.320481 0.618853 0.261437 0.265098 330
2 0.054863 0.457813 0.0604301 0.129338 375
0 0.285801 0.45512 0.0179084 0.0695754 392
2 0.032711 0.399207 0.0518971 0.0795391 395
2 0.0945413 0.330162 0.0442747 0.0518734 419
0 0.340359 0.471177 0.0135758 0.0570613 461
0 0.316881 0.46924 0.0124822 0.0505049 466
0 0.394017 0.490657 0.0291574 0.111467 483
0 0.136041 0.332278 0.0119869 0.0599713 500
0 0.655943 0.53015 0.0289637 0.138309 493
0 0.48957 0.522988 0.0393414 0.152699 498
2 0.836344 0.862528 0.207053 0.264814 508
