2 0.102743 0.518863 0.0930425 0.168334 375
0 0.28476 0.477324 0.0230279 0.113208 392
2 0.0245558 0.435902 0.0491116 0.0959268 395
2 0.07931 0.340328 0.0459316 0.0578513 419
0 0.300569 0.497424 0.0214162 0.100739 466
0 0.383851 0.512186 0.0450991 0.167294 483
2 0.13773 0.304186 0.0306538 0.0434878 512
2 0.156927 0.853699 0.313853 0.281156 515
0 0.327293 0.492369 0.020572 0.103198 461
0 0.440904 0.523249 0.0230851 0.131182 520
2 0.336684 0.444005 0.0334046 0.0642163 514
2 0.937413 0.85044 0.112522 0.245222 526
0 0.581009 0.55415 0.0248496 0.106945 527
2 0.830806 0.624953 0.273234 0.236222 330
