2 0.685474 0.638695 0.25638 0.233209 375
0 0.28512 0.476964 0.0229336 0.112146 392
2 0.1359 0.58011 0.136049 0.178893 395
2 0.0449287 0.382349 0.0469959 0.072343 419
0 0.387261 0.51688 0.0409262 0.16985 483
2 0.0998521 0.329548 0.0481569 0.0497455 512
0 0.325314 0.503752 0.019482 0.123089 461
2 0.336357 0.443766 0.0324475 0.0653436 514
2 0.0414142 0.680723 0.0828285 0.217396 534
0 0.310651 0.515841 0.0241253 0.120951 542
0 0.431502 0.513949 0.0326022 0.159075 520
2 0.0161353 0.358841 0.0206034 0.0543439 549
0 0.475891 0.52541 0.0539404 0.153232 551
