0 0.485291 0.546519 0.0374299 0.186083 95
0 0.514002 0.560408 0.0306988 0.161663 196
2 0.33681 0.441869 0.033702 0.0685242 204
0 0.399125 0.603817 0.0397743 0.159442 220
0 0.139657 0.42044 0.0186869 0.0919402 226
0 0.43618 0.60562 0.0325107 0.110906 229
0 0.141045 0.359074 0.00981646 0.051355 235
0 0.419929 0.745485 0.0663556 0.277982 237
0 0.0150417 0.435251 0.0203206 0.0966654 24
0 0.154251 0.36846 0.0151415 0.0774669 247
0 0.0686188 0.39204 0.0150021 0.0745526 230
0 0.164136 0.363666 0.0130047 0.0709891 254
