2 0.703838 0.638633 0.255535 0.231924 375
0 0.28513 0.476944 0.0228872 0.112101 392
2 0.144128 0.584284 0.140293 0.181315 395
2 0.0444016 0.382811 0.0477672 0.0740572 419
0 0.387722 0.517318 0.0402092 0.169624 483
2 0.0987072 0.330111 0.0492325 0.0510562 512
0 0.326139 0.503822 0.019604 0.123705 461
2 0.336659 0.443976 0.0323768 0.0649657 514
2 0.0355495 0.674241 0.071099 0.197072 534
0 0.310707 0.516086 0.0238029 0.120436 542
0 0.431441 0.51384 0.0320541 0.159005 520
2 0.0173044 0.357089 0.0214295 0.0533734 549
0 0.474928 0.524541 0.0526377 0.152865 551
