2 0.869372 0.650493 0.242802 0.233368 297
2 0.0784233 0.534488 0.118754 0.206641 330
2 0.04421 0.40163 0.0420861 0.0722655 375
0 0.285843 0.47655 0.0221296 0.113845 392
2 0.0559086 0.363659 0.0406536 0.0570756 395
2 0.111043 0.322275 0.0510593 0.0523762 419
0 0.340874 0.48223 0.0200709 0.0964346 461
0 0.324346 0.486509 0.0181325 0.08912 466
2 0.220078 0.867004 0.374119 0.25374 482
0 0.479892 0.521735 0.0601351 0.172968 483
0 0.122037 0.342085 0.0102733 0.0596226 500
0 0.682446 0.530628 0.0189578 0.149107 493
