2 0.105827 0.521511 0.0955559 0.170869 375
0 0.284668 0.477172 0.022644 0.112329 392
2 0.0244944 0.436988 0.0489888 0.0962807 395
2 0.079101 0.340764 0.0459794 0.0578097 419
0 0.299527 0.497612 0.0211636 0.100737 466
0 0.384188 0.511978 0.04382 0.167238 483
2 0.137384 0.305051 0.0314934 0.0445246 512
2 0.150255 0.850864 0.300509 0.286672 515
0 0.32709 0.491965 0.0202809 0.102803 461
0 0.438621 0.524608 0.0231231 0.127787 520
2 0.336729 0.444116 0.0334398 0.0642948 514
2 0.927932 0.845974 0.122813 0.265646 526
0 0.57977 0.55403 0.024676 0.107047 527
2 0.846695 0.622904 0.264988 0.238291 330
