0 0.485309 0.546507 0.0374532 0.186171 95
0 0.514081 0.560559 0.0306093 0.161442 196
2 0.336797 0.441848 0.0336937 0.0685862 204
0 0.400481 0.600836 0.0391677 0.156069 220
0 0.141623 0.419942 0.0186021 0.0920497 226
0 0.435988 0.603077 0.0317331 0.108386 229
0 0.140475 0.358792 0.00990732 0.050068 235
0 0.419807 0.741608 0.0655552 0.275753 237
0 0.0140264 0.43545 0.020223 0.0962841 24
0 0.153609 0.367878 0.0150202 0.0780106 247
0 0.0690961 0.392272 0.0151422 0.0748504 230
0 0.163788 0.364011 0.0131035 0.0717375 254
