0 0.485179 0.545867 0.0373078 0.186218 95
0 0.514063 0.560342 0.0316264 0.161973 196
2 0.336702 0.442085 0.033053 0.0680501 204
0 0.376777 0.664778 0.0481847 0.205513 220
0 0.111712 0.42739 0.0206061 0.0933816 226
0 0.413619 0.668722 0.0396892 0.159597 229
0 0.0495402 0.387578 0.0125373 0.067974 230
0 0.155743 0.37976 0.0147772 0.0760585 235
0 0.436721 0.850476 0.0973031 0.292557 237
0 0.00779514 0.973217 0.0150781 0.0535654 238
0 0.0579824 0.423693 0.0214229 0.097952 24
0 0.171147 0.377174 0.0174849 0.0790862 247
