2 0.638269 0.624024 0.289797 0.246313 330
2 0.0815994 0.49929 0.0782576 0.15433 375
0 0.285615 0.476875 0.0248035 0.113086 392
2 0.024913 0.424856 0.0498259 0.0905992 395
2 0.0827026 0.337299 0.0469692 0.0570012 419
0 0.305175 0.496543 0.0229288 0.0976282 466
0 0.382564 0.515746 0.0578582 0.163352 483
0 0.143472 0.331599 0.00946237 0.0517278 500
2 0.139033 0.30167 0.0236033 0.0368725 512
2 0.249561 0.867963 0.324276 0.25036 515
0 0.330499 0.491338 0.0239476 0.103565 461
0 0.451445 0.514655 0.0236389 0.156303 520
2 0.336694 0.443569 0.0340491 0.0645318 514
