2 0.119332 0.587608 0.162009 0.214707 297
2 0.0314054 0.481873 0.0627138 0.167492 330
2 0.0543661 0.375241 0.0422536 0.0780976 375
0 0.272686 0.490971 0.024879 0.127279 392
2 0.077572 0.348041 0.0387004 0.0561537 395
0 0.124294 0.375018 0.0123382 0.0747531 405
2 0.12581 0.31241 0.0434568 0.0479865 419
2 0.931927 0.899197 0.135702 0.191263 277
2 0.336912 0.440803 0.0337617 0.0692739 422
0 0.829049 0.495076 0.0281935 0.145826 401
0 0.868826 0.537373 0.0310644 0.13572 430
0 0.244486 0.428877 0.0146874 0.0770096 435
