2 0.74176 0.655689 0.274622 0.236901 297
2 0.0551379 0.517028 0.0955843 0.194098 330
2 0.0443933 0.395229 0.037951 0.0702037 375
0 0.286043 0.476744 0.0222959 0.113348 392
2 0.0613308 0.360668 0.0415591 0.0604256 395
2 0.112916 0.321847 0.0515876 0.0521647 419
0 0.334917 0.482998 0.0173897 0.0926917 461
0 0.32352 0.48478 0.0186706 0.0899151 466
2 0.327601 0.887594 0.225034 0.210955 482
0 0.507674 0.513759 0.0870724 0.171849 483
2 0.80549 0.677885 0.118984 0.177519 491
0 0.682927 0.493469 0.00817807 0.0887596 480
