2 0.730662 0.638608 0.252095 0.231512 375
0 0.285214 0.476197 0.0225133 0.110419 392
2 0.152028 0.588057 0.145539 0.184964 395
2 0.0436572 0.383817 0.0478599 0.0747097 419
0 0.38827 0.517495 0.0395176 0.169707 483
2 0.0976028 0.330703 0.0492121 0.0511333 512
0 0.328798 0.503943 0.0204336 0.125352 461
2 0.336689 0.44427 0.0322438 0.0643871 514
2 0.0302688 0.669516 0.0605376 0.179284 534
0 0.310604 0.516248 0.0235662 0.120671 542
0 0.431499 0.513842 0.031524 0.158624 520
2 0.0184846 0.355409 0.0226889 0.0532439 549
0 0.474109 0.523826 0.0513975 0.152469 551
