0 0.158804 0.859593 0.0449595 0.266151 95
0 0.201554 0.906554 0.0559074 0.186033 196
2 0.337057 0.44135 0.033379 0.0694062 204
0 0.139991 0.33124 0.0103667 0.0581204 247
2 0.933117 0.896364 0.132617 0.186072 277
0 0.124519 0.345407 0.00960592 0.0513174 303
2 0.0414602 0.368027 0.0492506 0.0770218 297
0 0.344672 0.650359 0.0412646 0.198922 265
2 0.138589 0.300993 0.027393 0.0562979 330
0 0.119553 0.346296 0.00739521 0.0515357 308
0 0.95793 0.481997 0.0184959 0.092279 337
0 0.246787 0.417666 0.0164324 0.0772176 338
0 0.814503 0.4958 0.0304394 0.149203 329
0 0.861392 0.524359 0.0269224 0.131304 322
