0 0.485148 0.546504 0.0374249 0.186333 95
0 0.513818 0.560559 0.0307232 0.162451 196
2 0.336897 0.442375 0.0332778 0.0675199 204
0 0.393385 0.626033 0.0418263 0.179219 220
0 0.130442 0.421987 0.0193408 0.0905217 226
0 0.424985 0.605477 0.0222836 0.0850152 229
0 0.145535 0.372538 0.0138193 0.0754801 235
0 0.426454 0.77586 0.0698194 0.280529 237
0 0.0312799 0.431435 0.0209597 0.0939628 24
0 0.158803 0.372274 0.0161133 0.0794143 247
0 0.0624982 0.39048 0.0138622 0.073044 230
0 0.168963 0.369177 0.0124029 0.0710651 254
