2 0.119303 0.587596 0.162057 0.214765 297
2 0.0313971 0.481964 0.0627085 0.167367 330
2 0.0538194 0.376007 0.0424769 0.078551 375
0 0.271919 0.486609 0.0246936 0.124174 392
2 0.0770763 0.348786 0.0385751 0.0564502 395
0 0.122277 0.374582 0.0112296 0.0733371 405
2 0.932136 0.899392 0.135479 0.190217 277
2 0.336954 0.440906 0.0335539 0.0691329 422
0 0.810337 0.50074 0.0359845 0.154552 401
0 0.250211 0.429934 0.0142695 0.0768388 435
2 0.124547 0.313293 0.0438337 0.0493711 419
0 0.853057 0.524685 0.0334794 0.161701 430
