0 0.485181 0.545793 0.037342 0.186501 95
0 0.512866 0.560663 0.0318314 0.16146 196
2 0.336684 0.44172 0.033369 0.0687715 204
0 0.368974 0.689201 0.0511488 0.217713 220
0 0.0986315 0.43425 0.0212299 0.085341 226
0 0.414522 0.693076 0.0457559 0.161288 229
0 0.0463115 0.384625 0.0146415 0.0748146 230
0 0.159822 0.381657 0.0147743 0.0763473 235
0 0.438599 0.872869 0.106094 0.24857 237
0 0.00783009 0.972946 0.0148229 0.0541076 238
0 0.074712 0.419677 0.0216557 0.0961854 24
0 0.180228 0.375019 0.017552 0.0702929 247
