2 0.444823 0.62658 0.227406 0.22285 375
0 0.284913 0.476978 0.0249358 0.111997 392
2 0.0685852 0.528478 0.0895082 0.147803 395
2 0.0541801 0.36684 0.0478438 0.068106 419
0 0.382675 0.472129 0.0271637 0.0838654 483
2 0.114863 0.319266 0.0505935 0.0522878 512
0 0.32002 0.497565 0.0243934 0.113455 461
0 0.431198 0.475314 0.018083 0.0814023 520
2 0.336295 0.441406 0.0338498 0.0687711 514
2 0.144739 0.815621 0.289479 0.353353 534
0 0.496144 0.506571 0.0268147 0.107749 527
0 0.306505 0.509433 0.0311078 0.112832 542
