2 0.128574 0.539058 0.108766 0.178219 375
0 0.284791 0.477517 0.0217539 0.112765 392
2 0.0252017 0.447585 0.0504034 0.101735 395
2 0.0775006 0.343076 0.0483261 0.0596622 419
0 0.296912 0.501071 0.0199575 0.100715 466
0 0.385632 0.512425 0.0382207 0.167783 483
2 0.135222 0.306443 0.0324982 0.0442855 512
2 0.102636 0.840303 0.205272 0.300391 515
0 0.324521 0.491235 0.0203383 0.106503 461
0 0.430454 0.511348 0.0267824 0.14873 520
2 0.856367 0.840962 0.174352 0.314135 526
2 0.879145 0.626023 0.24171 0.240578 330
