2 0.3962 0.625882 0.284936 0.265706 330
2 0.0598287 0.467794 0.0632417 0.13577 375
0 0.285751 0.457863 0.0207784 0.0749853 392
2 0.0300972 0.405378 0.0510718 0.0812915 395
2 0.092687 0.332297 0.0461424 0.055003 419
0 0.337797 0.469039 0.0144224 0.0513796 461
0 0.314037 0.4715 0.0140431 0.0457274 466
0 0.389337 0.467872 0.0213318 0.0615618 483
0 0.13741 0.331636 0.0112265 0.0577123 500
0 0.64673 0.52793 0.0279158 0.149641 493
2 0.805955 0.872409 0.202998 0.246484 508
2 0.142202 0.300767 0.0210027 0.0398834 512
2 0.645793 0.868641 0.481069 0.252803 513
2 0.33669 0.444346 0.0339528 0.0638059 514
