2 0.242937 0.598701 0.171301 0.211766 375
0 0.285021 0.475849 0.0204479 0.109344 392
2 0.0361672 0.483829 0.0622143 0.122403 395
2 0.0652305 0.353931 0.0506771 0.0656156 419
0 0.299709 0.501726 0.0179981 0.097609 466
0 0.382528 0.515763 0.035137 0.169271 483
2 0.128837 0.309171 0.0419493 0.0473053 512
0 0.315069 0.496849 0.0218795 0.115698 461
0 0.426751 0.511725 0.0290454 0.154522 520
2 0.336281 0.442875 0.0340122 0.0658926 514
2 0.355096 0.85282 0.141988 0.281694 534
0 0.526497 0.540584 0.0443713 0.132492 527
