2 0.119324 0.58767 0.162201 0.214502 297
2 0.0316216 0.482328 0.0631775 0.167128 330
2 0.0527901 0.377221 0.0420035 0.078514 375
0 0.279108 0.483421 0.0223091 0.121254 392
2 0.0757233 0.349748 0.0382163 0.0571326 395
2 0.933016 0.898184 0.133968 0.188435 277
2 0.337122 0.440376 0.0336846 0.0701426 422
0 0.257525 0.434364 0.0133939 0.0778122 435
2 0.126733 0.315166 0.0446851 0.0498823 419
0 0.242969 0.439126 0.0139194 0.0777472 442
0 0.113433 0.36624 0.0111218 0.0735684 405
0 0.815493 0.523321 0.0198516 0.127716 447
