2 0.415726 0.648883 0.267168 0.242276 297
2 0.0371642 0.492544 0.0723443 0.174697 330
2 0.0475643 0.388496 0.0426531 0.0838517 375
0 0.286392 0.475573 0.023235 0.110235 392
2 0.0684625 0.355294 0.039697 0.0607126 395
2 0.844685 0.883577 0.248383 0.222193 277
2 0.336761 0.440343 0.0336734 0.0703362 422
2 0.117847 0.319287 0.0502895 0.0511609 419
0 0.11136 0.350247 0.01018 0.0613601 405
0 0.639956 0.534009 0.0284653 0.156574 455
0 0.314478 0.466827 0.0181765 0.096845 461
0 0.304716 0.474356 0.015467 0.0893048 466
