2 0.226285 0.598788 0.22589 0.263411 330
2 0.0490837 0.443775 0.0569897 0.117796 375
0 0.285625 0.472631 0.0209982 0.105686 392
2 0.0373643 0.390412 0.0502031 0.0727755 395
2 0.100093 0.327928 0.0442952 0.0501399 419
0 0.340982 0.490226 0.0185924 0.0963706 461
0 0.321684 0.489492 0.0187645 0.0917209 466
0 0.416688 0.517355 0.0438136 0.16159 483
0 0.131873 0.333912 0.0114337 0.0595742 500
0 0.676475 0.526615 0.0196676 0.147281 493
0 0.503174 0.52882 0.0365635 0.157694 498
2 0.880645 0.850819 0.171741 0.288154 508
