0 0.485138 0.546335 0.0374675 0.186537 95
0 0.513768 0.560537 0.0307843 0.162199 196
2 0.336886 0.442211 0.033453 0.0678484 204
0 0.394981 0.616198 0.0394193 0.168587 220
0 0.131841 0.421947 0.0200808 0.0902478 226
0 0.426034 0.604425 0.0257252 0.0899998 229
0 0.144245 0.371778 0.0135165 0.0755406 235
0 0.423626 0.756565 0.0674 0.272336 237
0 0.0283498 0.432365 0.0219177 0.0942802 24
0 0.158262 0.37163 0.0160739 0.0795086 247
0 0.0637114 0.390328 0.0139431 0.0733842 230
0 0.167771 0.368769 0.0127343 0.0714179 254
