0 0.485238 0.546376 0.0375523 0.186218 95
0 0.51398 0.560405 0.0304169 0.161379 196
2 0.336806 0.441572 0.0336666 0.06894 204
0 0.405336 0.579228 0.0314484 0.118664 220
0 0.148132 0.4212 0.0196276 0.0915304 226
0 0.437377 0.597478 0.029292 0.103044 229
0 0.136192 0.366138 0.0141618 0.0709914 235
0 0.416578 0.710561 0.0605319 0.257072 237
0 0.0102624 0.437121 0.0205248 0.0950386 24
0 0.152844 0.367573 0.0144853 0.0787454 247
0 0.0709954 0.391453 0.0148308 0.076882 230
0 0.161366 0.362649 0.0119182 0.0660836 254
