2 0.924853 0.634509 0.150293 0.220403 297
2 0.113133 0.554904 0.147823 0.220656 330
2 0.0436606 0.424332 0.0583725 0.10236 375
0 0.285755 0.476801 0.0221139 0.113475 392
2 0.0484876 0.365971 0.0411571 0.0519933 395
2 0.106998 0.323464 0.0499192 0.0523395 419
0 0.340729 0.488202 0.0187181 0.0941265 461
0 0.323462 0.487743 0.0192005 0.0915857 466
2 0.141681 0.843337 0.283362 0.299142 482
0 0.451706 0.521742 0.0538533 0.170043 483
0 0.126167 0.339105 0.0112204 0.0599381 500
0 0.681729 0.525554 0.0169586 0.154211 493
0 0.542152 0.562918 0.0284931 0.12256 498
