2 0.358112 0.623003 0.275408 0.267534 330
2 0.0570351 0.462632 0.0615036 0.131994 375
0 0.285774 0.455993 0.0193189 0.0713485 392
2 0.0312866 0.401573 0.0508343 0.0793721 395
2 0.0936567 0.330862 0.0447065 0.0528373 419
0 0.339399 0.468966 0.013945 0.0520365 461
0 0.315378 0.469346 0.0130935 0.0475298 466
0 0.391476 0.472699 0.0215876 0.0738758 483
0 0.136162 0.331119 0.0115368 0.0588334 500
0 0.652703 0.526913 0.0292274 0.144431 493
0 0.480048 0.511258 0.0327657 0.137213 498
2 0.829977 0.868068 0.210781 0.255778 508
2 0.143225 0.300871 0.0206133 0.0391342 512
