2 0.337177 0.440617 0.0332553 0.0705875 204
2 0.933196 0.898176 0.133609 0.190515 277
0 0.12672 0.353547 0.00873446 0.0537618 303
2 0.0155558 0.440452 0.0311116 0.111883 297
0 0.389113 0.588693 0.0345649 0.173952 265
0 0.94306 0.493434 0.0189154 0.0703568 347
0 0.302518 0.416501 0.0161572 0.0807617 338
2 0.0690594 0.347174 0.0540582 0.0814842 330
0 0.95809 0.506992 0.0146356 0.0399816 358
0 0.910472 0.489245 0.0182825 0.0810699 337
0 0.88863 0.479551 0.0231616 0.108087 329
0 0.116894 0.355729 0.0091615 0.0513138 308
