2 0.209628 0.594149 0.216821 0.258907 330
2 0.0482893 0.441079 0.0563038 0.115289 375
0 0.285608 0.474423 0.0215201 0.109305 392
2 0.0385269 0.388237 0.0511174 0.0736233 395
2 0.101115 0.326948 0.0450906 0.0511233 419
0 0.340992 0.490181 0.0189739 0.0962783 461
0 0.322123 0.489201 0.019147 0.0925799 466
0 0.419182 0.514604 0.0430425 0.160799 483
0 0.130462 0.334127 0.0114274 0.0597413 500
0 0.676166 0.526817 0.0188822 0.147664 493
0 0.509886 0.529141 0.0362871 0.15928 498
2 0.901457 0.850778 0.162706 0.281608 508
