0 0.485078 0.546416 0.0374515 0.186913 95
0 0.514293 0.56045 0.0309728 0.162466 196
2 0.33685 0.442283 0.0331014 0.067688 204
0 0.386463 0.643421 0.0457977 0.190879 220
0 0.118093 0.422503 0.0195001 0.0916093 226
0 0.421561 0.650906 0.0343134 0.140968 229
0 0.149313 0.374639 0.0141515 0.0783524 235
0 0.434498 0.809158 0.0816502 0.292939 237
0 0.00768596 0.973302 0.0151871 0.0533943 238
0 0.048634 0.427958 0.0236708 0.0944652 24
0 0.166901 0.376089 0.0166608 0.0783654 247
0 0.0564989 0.388307 0.0128672 0.0713353 230
