2 0.225738 0.59407 0.159136 0.202417 375
0 0.284916 0.477225 0.0208143 0.112641 392
2 0.033993 0.480224 0.061564 0.122587 395
2 0.0665213 0.352832 0.0501099 0.0642024 419
0 0.298765 0.506062 0.0200171 0.106412 466
0 0.382518 0.515531 0.035 0.168892 483
2 0.129622 0.30883 0.0402154 0.0467024 512
0 0.315836 0.493845 0.0219323 0.113799 461
0 0.427486 0.511187 0.0292451 0.155806 520
2 0.336182 0.442929 0.0340651 0.0658084 514
2 0.380038 0.866149 0.112541 0.253822 534
0 0.528546 0.54465 0.0427729 0.129713 527
