2 0.948002 0.624716 0.103996 0.195995 297
2 0.127592 0.564499 0.161623 0.229697 330
2 0.0446436 0.42599 0.0571856 0.105813 375
0 0.285729 0.476799 0.0221452 0.113474 392
2 0.0451524 0.375971 0.0514347 0.0661663 395
2 0.104503 0.324432 0.0470518 0.0511381 419
0 0.341985 0.485209 0.0207403 0.100368 461
0 0.323401 0.486987 0.0193482 0.0930717 466
2 0.110402 0.814717 0.220805 0.300057 482
0 0.44413 0.513991 0.0508958 0.163644 483
0 0.127586 0.337955 0.0106788 0.0592353 500
0 0.681184 0.524342 0.0166293 0.155114 493
0 0.537694 0.562339 0.0293004 0.1238 498
