2 0.119282 0.587665 0.162127 0.214408 297
2 0.0315878 0.482263 0.06311 0.166935 330
2 0.0528776 0.377272 0.042171 0.0789492 375
0 0.277611 0.482939 0.0239987 0.124557 392
2 0.0759103 0.349668 0.0382894 0.0571618 395
2 0.933119 0.897898 0.133763 0.188124 277
2 0.337121 0.440415 0.0336701 0.0700582 422
0 0.255544 0.429672 0.0145969 0.0839762 435
2 0.126641 0.315099 0.044437 0.0500154 419
0 0.241982 0.437318 0.0134826 0.0783018 442
0 0.113863 0.367114 0.0109783 0.0723907 405
0 0.821556 0.519785 0.0195864 0.127355 447
0 0.801351 0.550544 0.0244183 0.120948 430
