2 0.1193 0.587602 0.162032 0.214736 297
2 0.0314339 0.482009 0.0627497 0.167478 330
2 0.0540628 0.375869 0.0423405 0.0782543 375
0 0.27198 0.487137 0.0246487 0.123848 392
2 0.0771272 0.348737 0.0385501 0.0562087 395
0 0.122835 0.374245 0.0115707 0.0739338 405
2 0.932084 0.899759 0.134866 0.189291 277
2 0.336947 0.440828 0.0336231 0.0692752 422
0 0.811343 0.501513 0.0343227 0.151588 401
0 0.248409 0.430229 0.0143411 0.0759348 435
2 0.12479 0.312393 0.0430642 0.0477814 419
0 0.858179 0.523128 0.0282689 0.134252 430
