2 0.362762 0.623317 0.220086 0.231728 375
0 0.285236 0.467615 0.0222214 0.0933238 392
2 0.0530645 0.512948 0.0791296 0.140984 395
2 0.0579718 0.361487 0.0496209 0.0683832 419
0 0.381942 0.479382 0.0239894 0.0963711 483
2 0.120622 0.315298 0.048271 0.0497919 512
0 0.316715 0.471035 0.0161816 0.0678793 461
0 0.430641 0.507747 0.0270544 0.145326 520
2 0.336781 0.441733 0.0335531 0.0682959 514
2 0.2146 0.829611 0.305732 0.326998 534
0 0.501711 0.52502 0.0381431 0.147885 527
0 0.302272 0.482866 0.0163437 0.0554117 542
