2 0.337085 0.440559 0.0336982 0.0708205 204
0 0.149446 0.329578 0.0108435 0.0720354 247
2 0.932829 0.899349 0.134341 0.189709 277
0 0.126732 0.351163 0.0096571 0.0551594 303
2 0.0180062 0.422554 0.0360125 0.102362 297
0 0.384485 0.605209 0.0351858 0.179271 265
0 0.927362 0.493808 0.0205407 0.072998 347
0 0.289365 0.41462 0.0167976 0.0859043 338
0 0.117439 0.353344 0.00874874 0.0515947 308
0 0.907424 0.478286 0.0218605 0.103841 337
2 0.0793267 0.336577 0.0503419 0.0745394 330
0 0.892634 0.482347 0.0231295 0.103045 329
