2 0.119325 0.587607 0.162029 0.214736 297
2 0.0314046 0.481974 0.0626659 0.167337 330
2 0.0542947 0.37528 0.0422773 0.0781218 375
0 0.272457 0.491457 0.0249809 0.127538 392
2 0.0775394 0.348059 0.0385996 0.0560289 395
0 0.124112 0.374517 0.0123948 0.0749649 405
2 0.125491 0.312828 0.0432079 0.0479491 419
2 0.93193 0.899404 0.135279 0.190639 277
2 0.336916 0.440784 0.0337609 0.0693431 422
0 0.826631 0.49757 0.0288214 0.148408 401
0 0.867964 0.533706 0.0325956 0.144835 430
0 0.244861 0.429549 0.014743 0.0768951 435
