2 0.436093 0.618538 0.279791 0.248216 330
2 0.063142 0.471532 0.0662529 0.142337 375
0 0.285836 0.468305 0.0259477 0.0967419 392
2 0.0287038 0.408643 0.0521605 0.0852127 395
2 0.0909999 0.333168 0.0462189 0.0554779 419
0 0.312394 0.474436 0.0166346 0.0515728 466
0 0.386356 0.466649 0.0240153 0.0595876 483
0 0.138874 0.3314 0.0109096 0.0577526 500
0 0.641988 0.528291 0.0264907 0.144242 493
2 0.141937 0.301267 0.0228092 0.0425723 512
2 0.397571 0.896656 0.175289 0.193525 515
0 0.335748 0.469497 0.015294 0.0528864 461
