2 0.42714 0.645066 0.262164 0.234529 297
2 0.0374799 0.493205 0.0729009 0.175519 330
2 0.0473944 0.388598 0.0427712 0.0843906 375
0 0.286565 0.47541 0.0234977 0.111825 392
2 0.068188 0.355219 0.0397791 0.0607118 395
2 0.844274 0.884771 0.248029 0.219929 277
2 0.33658 0.440378 0.0337288 0.0702395 422
2 0.117727 0.31933 0.0504093 0.0512762 419
0 0.111654 0.349693 0.0102888 0.0619897 405
0 0.63938 0.534565 0.0265713 0.148265 455
0 0.314576 0.4668 0.0179314 0.0978435 461
0 0.30565 0.474656 0.0155317 0.088484 466
