0 0.485048 0.546567 0.0375146 0.186782 95
0 0.514038 0.560849 0.0306963 0.162281 196
2 0.336885 0.442388 0.0331595 0.0674832 204
0 0.390596 0.637222 0.0433026 0.184166 220
0 0.12386 0.4216 0.018859 0.0923536 226
0 0.4233 0.638797 0.0302952 0.132971 229
0 0.147196 0.375158 0.0139541 0.0756194 235
0 0.43182 0.8007 0.0769435 0.296747 237
0 0.00766643 0.973188 0.0152227 0.0536233 238
0 0.0362361 0.428719 0.0219027 0.0961989 24
0 0.162762 0.373735 0.0162358 0.0772285 247
0 0.0599472 0.389296 0.0135874 0.0748841 230
0 0.171106 0.369167 0.0118431 0.0684597 254
