2 0.941171 0.631364 0.117659 0.209391 297
2 0.12459 0.562426 0.158747 0.227506 330
2 0.0444412 0.425477 0.0579573 0.10611 375
0 0.285733 0.4768 0.0221356 0.113471 392
2 0.0457945 0.37443 0.0501713 0.0640855 395
2 0.104952 0.324286 0.0476396 0.0513884 419
0 0.341897 0.486308 0.0202358 0.098454 461
0 0.323333 0.487475 0.0192437 0.0921988 466
2 0.119589 0.822625 0.239179 0.306536 482
0 0.445774 0.515453 0.0518607 0.163602 483
0 0.126846 0.338432 0.010574 0.0582962 500
0 0.681503 0.524766 0.0166293 0.154659 493
0 0.540075 0.562292 0.0284294 0.123718 498
