2 0.343938 0.621858 0.271409 0.266773 330
2 0.0561103 0.46107 0.0611419 0.131176 375
0 0.285776 0.455716 0.0188735 0.0707117 392
2 0.0316379 0.401135 0.0514561 0.0799447 395
2 0.093856 0.330751 0.0445896 0.0526026 419
0 0.339887 0.469922 0.0138536 0.0530373 461
0 0.315912 0.469147 0.0127378 0.0479007 466
0 0.391972 0.47843 0.0239043 0.0860808 483
0 0.135999 0.331257 0.0117859 0.0595614 500
0 0.654369 0.527371 0.0297986 0.14316 493
0 0.48348 0.517506 0.0361277 0.146827 498
2 0.834418 0.86607 0.210787 0.259062 508
2 0.143313 0.299636 0.0193389 0.0366648 512
