2 0.933845 0.898778 0.131702 0.187588 277
2 0.119135 0.587529 0.16241 0.214969 297
0 0.313972 0.479387 0.0200767 0.104499 265
2 0.0288543 0.472174 0.0567721 0.159645 330
2 0.336435 0.441043 0.0340675 0.0687955 204
0 0.169509 0.398244 0.0129484 0.0761815 374
2 0.0794452 0.345103 0.0446319 0.0665063 375
0 0.458139 0.513408 0.0402693 0.152221 392
2 0.138088 0.305586 0.0247507 0.0456236 395
0 0.903939 0.493862 0.0229903 0.0744292 371
0 0.906522 0.449563 0.0209793 0.0572252 401
0 0.163557 0.403143 0.0114397 0.0701963 308
