0 0.285164 0.476593 0.0225393 0.111365 392
2 0.204178 0.610706 0.174085 0.198098 395
2 0.0406102 0.38958 0.0475677 0.0776795 419
0 0.387302 0.519608 0.038162 0.175687 483
2 0.0914003 0.333978 0.0514318 0.0563981 512
0 0.331461 0.505294 0.0232044 0.123523 461
0 0.312668 0.515751 0.0227146 0.120226 542
0 0.431339 0.513758 0.0294939 0.157041 520
2 0.0279019 0.346391 0.0317244 0.0508795 549
0 0.46557 0.521333 0.0422497 0.150637 551
2 0.835465 0.636261 0.150104 0.219411 557
0 0.490812 0.49808 0.0202763 0.0416006 561
