2 0.367708 0.650001 0.258534 0.243351 297
2 0.0358295 0.489812 0.0704769 0.17226 330
2 0.0483714 0.386362 0.0420585 0.0820908 375
0 0.287291 0.473905 0.022872 0.106453 392
2 0.0690434 0.354885 0.0394013 0.0606106 395
2 0.851938 0.878112 0.246259 0.233106 277
2 0.337038 0.440327 0.0335931 0.070393 422
2 0.118364 0.318607 0.0500747 0.0510453 419
0 0.11113 0.351349 0.0100144 0.0629792 405
0 0.647416 0.533975 0.0311518 0.155554 455
0 0.309683 0.459958 0.0181697 0.0961379 461
0 0.301337 0.46877 0.0143886 0.089833 466
