2 0.659142 0.625499 0.297844 0.250829 330
2 0.083786 0.501358 0.0793923 0.154883 375
0 0.285705 0.476915 0.024591 0.113092 392
2 0.0247537 0.426116 0.0495073 0.0912449 395
2 0.0824057 0.337003 0.0473307 0.0580904 419
0 0.304846 0.497562 0.0228828 0.0988692 466
0 0.382723 0.515429 0.055966 0.16423 483
0 0.143851 0.332446 0.00916465 0.0500176 500
2 0.138905 0.301461 0.0240124 0.0368279 512
2 0.230477 0.866147 0.339246 0.255233 515
0 0.329936 0.492233 0.0236478 0.104699 461
0 0.450495 0.513992 0.0236636 0.156097 520
2 0.336708 0.443526 0.0340448 0.0647437 514
2 0.786492 0.65335 0.067427 0.191251 523
