2 0.746165 0.638256 0.249077 0.229902 375
0 0.285205 0.476251 0.0224973 0.110428 392
2 0.160267 0.592168 0.150057 0.187302 395
2 0.0430843 0.384999 0.0473029 0.0742993 419
0 0.38857 0.518322 0.03921 0.171362 483
2 0.0954002 0.331138 0.0492962 0.0517109 512
0 0.33023 0.504262 0.021039 0.124997 461
2 0.0257281 0.663801 0.0514562 0.164634 534
0 0.310563 0.516158 0.0232577 0.120285 542
0 0.431538 0.513813 0.0310813 0.158391 520
2 0.0196902 0.353829 0.0239421 0.052727 549
0 0.47288 0.52387 0.0504629 0.153103 551
