2 0.337179 0.44066 0.0332283 0.0705578 204
2 0.932759 0.898483 0.134481 0.192296 277
0 0.126488 0.353358 0.00915586 0.0566587 303
2 0.0155564 0.446737 0.0311127 0.118786 297
0 0.389998 0.587394 0.0347773 0.17441 265
0 0.947085 0.494555 0.0187766 0.0681296 347
0 0.306147 0.416609 0.0158218 0.0818149 338
2 0.0661215 0.349895 0.0546467 0.0830979 330
0 0.962414 0.506113 0.0151523 0.0406791 358
0 0.918024 0.485294 0.0219006 0.0901376 337
0 0.881956 0.493487 0.0276011 0.131749 329
0 0.117161 0.356515 0.00900292 0.0508333 308
