0 0.0280501 0.916887 0.0548077 0.164191 95
2 0.337184 0.440794 0.0335965 0.0701004 204
0 0.14822 0.328 0.0113112 0.0651152 247
2 0.933003 0.897283 0.133993 0.187224 277
0 0.127425 0.349022 0.00996587 0.0534028 303
2 0.0203557 0.411073 0.0407114 0.0966894 297
0 0.378648 0.609603 0.0360303 0.17641 265
0 0.916202 0.493944 0.0205012 0.0733784 347
0 0.87687 0.503054 0.0305615 0.139113 329
0 0.282538 0.415796 0.0178204 0.0830445 338
0 0.119536 0.352616 0.00782417 0.0525507 308
2 0.0914895 0.329001 0.0544459 0.0756528 330
