2 0.244984 0.60257 0.233535 0.26497 330
2 0.0500186 0.447032 0.0578916 0.120724 375
0 0.285715 0.463419 0.0180958 0.0868039 392
2 0.0362907 0.391714 0.0504148 0.0735721 395
2 0.10065 0.327937 0.04613 0.0519769 419
0 0.341038 0.490337 0.018367 0.0963827 461
0 0.320965 0.490766 0.0180377 0.0889732 466
0 0.413099 0.518327 0.0439964 0.161549 483
0 0.132913 0.333795 0.0117256 0.0598735 500
0 0.670274 0.52893 0.0211686 0.142026 493
0 0.499496 0.528955 0.0378494 0.156414 498
2 0.858808 0.850888 0.183514 0.289723 508
