2 0.119264 0.587667 0.162058 0.214328 297
2 0.0316495 0.482195 0.0630132 0.1667 330
2 0.0529124 0.377203 0.0425984 0.0798859 375
0 0.276313 0.484011 0.0243338 0.121737 392
2 0.0759483 0.349527 0.0383522 0.0570934 395
2 0.933152 0.897666 0.133696 0.188043 277
2 0.337132 0.440423 0.0337064 0.0700777 422
0 0.254913 0.429821 0.0141567 0.0808166 435
2 0.127092 0.315191 0.044566 0.0506108 419
0 0.771314 0.501686 0.0322045 0.164525 401
0 0.239269 0.435262 0.0136303 0.0798442 442
0 0.115056 0.369168 0.0106733 0.0682915 405
