2 0.694629 0.627285 0.297538 0.24649 330
2 0.0885441 0.506041 0.0830671 0.15877 375
0 0.285844 0.476882 0.0242254 0.112918 392
2 0.0244563 0.42809 0.0489126 0.091489 395
2 0.0818445 0.338009 0.0464362 0.0578532 419
0 0.304366 0.49862 0.0224343 0.0991622 466
0 0.382611 0.514475 0.0524451 0.165724 483
0 0.14453 0.331498 0.0094209 0.051239 500
2 0.138789 0.302426 0.0265349 0.0395941 512
2 0.196115 0.863809 0.356071 0.260405 515
0 0.329145 0.493754 0.0223303 0.103365 461
0 0.444706 0.51332 0.0239346 0.1536 520
2 0.336859 0.443662 0.0339693 0.0649234 514
