2 0.264727 0.608116 0.239981 0.264359 330
2 0.0512325 0.449637 0.0585265 0.123135 375
0 0.285784 0.458333 0.0169386 0.0760988 392
2 0.035138 0.394263 0.0512614 0.0756681 395
2 0.09892 0.329087 0.0454236 0.0509082 419
0 0.340861 0.490397 0.0183484 0.0962398 461
0 0.319928 0.486259 0.0157978 0.0770605 466
0 0.407395 0.518029 0.0433063 0.161719 483
0 0.133248 0.333992 0.011815 0.059583 500
0 0.665462 0.531572 0.0239166 0.136734 493
0 0.497327 0.528988 0.0396496 0.156144 498
2 0.851116 0.85339 0.192727 0.283765 508
