0 0.485225 0.545966 0.0372807 0.186188 95
0 0.512978 0.560515 0.0318672 0.1616 196
2 0.336681 0.441744 0.0333329 0.0687321 204
0 0.370195 0.688894 0.0508532 0.215899 220
0 0.0999748 0.430977 0.0221692 0.0905267 226
0 0.417187 0.691475 0.0472665 0.163873 229
0 0.0467676 0.386677 0.0138809 0.0708958 230
0 0.159346 0.380812 0.0148463 0.0775037 235
0 0.437524 0.869786 0.105874 0.255338 237
0 0.00781612 0.972991 0.0148605 0.0540181 238
0 0.0738434 0.422712 0.0215405 0.0926655 24
0 0.179398 0.376824 0.018441 0.0741978 247
