0 0.485141 0.546345 0.0374547 0.186434 95
0 0.51384 0.56049 0.0308109 0.162193 196
2 0.336859 0.442232 0.0334309 0.0678106 204
0 0.395274 0.614863 0.038918 0.164912 220
0 0.133258 0.421905 0.0200424 0.0907141 226
0 0.426557 0.610332 0.0286172 0.101652 229
0 0.143927 0.370545 0.0132726 0.0746888 235
0 0.422785 0.754668 0.0679281 0.27511 237
0 0.0266028 0.433444 0.0221213 0.0947362 24
0 0.157836 0.372637 0.0161727 0.0804294 247
0 0.0638983 0.390378 0.0138526 0.0732822 230
0 0.167447 0.368317 0.0129401 0.0716977 254
