0 0.152986 0.863741 0.0452233 0.265469 95
0 0.191481 0.909634 0.0561805 0.179807 196
2 0.337054 0.441328 0.0333961 0.0694536 204
0 0.140034 0.331044 0.0103607 0.0580728 247
2 0.933095 0.896108 0.132547 0.185827 277
0 0.124148 0.34423 0.0101233 0.0542994 303
2 0.0400217 0.369804 0.049589 0.0779913 297
0 0.345565 0.646684 0.0403702 0.195347 265
2 0.137814 0.30061 0.0280535 0.0561044 330
0 0.957104 0.479522 0.0193733 0.0964984 337
0 0.248059 0.414232 0.0182971 0.0854138 338
0 0.816611 0.496467 0.0306878 0.148416 329
0 0.86805 0.545899 0.0251695 0.114915 336
