2 0.930533 0.634029 0.138934 0.216023 297
2 0.117466 0.55721 0.151267 0.222297 330
2 0.0439068 0.425431 0.0587963 0.104779 375
0 0.285748 0.47683 0.0221216 0.113453 392
2 0.0472399 0.370395 0.0465523 0.0589757 395
2 0.106145 0.323687 0.0493611 0.0522461 419
0 0.341358 0.489972 0.0183476 0.0906362 461
0 0.323238 0.489316 0.0186398 0.0889261 466
2 0.135865 0.837119 0.27173 0.307966 482
0 0.450267 0.521572 0.0543087 0.170219 483
0 0.126475 0.33883 0.0109937 0.0593226 500
0 0.681683 0.525323 0.01681 0.154198 493
0 0.542705 0.561937 0.0284561 0.124627 498
