2 0.13764 0.545435 0.114916 0.182914 375
0 0.284762 0.477492 0.0214731 0.112364 392
2 0.0255733 0.451047 0.0511467 0.10397 395
2 0.0761425 0.344161 0.0488059 0.0599109 419
0 0.296776 0.502342 0.0200378 0.102204 466
0 0.38511 0.513986 0.0376737 0.170508 483
2 0.134762 0.306617 0.0330464 0.0445416 512
2 0.0832902 0.832669 0.16658 0.283215 515
0 0.323923 0.492819 0.0209595 0.11054 461
0 0.431137 0.51202 0.0264371 0.151417 520
2 0.84908 0.843469 0.187539 0.305711 526
2 0.884473 0.618536 0.228081 0.232683 330
2 0.336055 0.444625 0.0334226 0.0634484 514
0 0.561756 0.556009 0.0268864 0.107911 527
