0 0.485142 0.546384 0.0374597 0.186504 95
0 0.513747 0.560641 0.030757 0.162304 196
2 0.336892 0.442288 0.0333803 0.0676926 204
0 0.394573 0.618882 0.0402714 0.173052 220
0 0.131178 0.42192 0.019844 0.089834 226
0 0.425887 0.599706 0.0229452 0.0800919 229
0 0.144726 0.371859 0.013668 0.0758918 235
0 0.424453 0.75971 0.0670609 0.270201 237
0 0.0295941 0.431904 0.0214403 0.0931582 24
0 0.158392 0.371784 0.0160806 0.0797282 247
0 0.0633667 0.390154 0.0140025 0.0735133 230
0 0.168203 0.369092 0.0124537 0.0704323 254
