2 0.140685 0.568411 0.170203 0.235893 330
2 0.0452615 0.428422 0.0562046 0.106184 375
0 0.28572 0.476784 0.0221513 0.113407 392
2 0.0441611 0.378951 0.053212 0.0698944 395
2 0.104601 0.324356 0.0467981 0.0512995 419
0 0.342134 0.484669 0.0211761 0.101577 461
0 0.323714 0.48819 0.0193606 0.0934888 466
2 0.0916222 0.801491 0.183244 0.278441 482
0 0.43791 0.511544 0.0477333 0.164135 483
0 0.128807 0.33725 0.0108132 0.0601867 500
0 0.680415 0.522224 0.0171132 0.158888 493
0 0.533569 0.559331 0.0331201 0.130744 498
