2 0.251931 0.599895 0.178274 0.217869 375
0 0.285128 0.471756 0.0192722 0.101273 392
2 0.0373999 0.485866 0.0632184 0.123506 395
2 0.0646439 0.354697 0.050477 0.0657548 419
0 0.299983 0.500807 0.0139041 0.0730776 466
0 0.382478 0.515847 0.0351909 0.169327 483
2 0.128405 0.310034 0.04319 0.0480865 512
0 0.314784 0.497912 0.0214604 0.114421 461
0 0.426625 0.512108 0.0290465 0.155227 520
2 0.336378 0.44282 0.0339813 0.0659812 514
2 0.343711 0.850859 0.155046 0.285523 534
0 0.52475 0.5373 0.0432038 0.129924 527
