2 0.142008 0.548313 0.117483 0.184426 375
0 0.284712 0.477577 0.0214015 0.112483 392
2 0.0257708 0.452927 0.0515416 0.104679 395
2 0.0756191 0.344555 0.0491773 0.0602704 419
0 0.296778 0.502638 0.0200001 0.102556 466
0 0.384775 0.5142 0.037326 0.170919 483
2 0.134571 0.306395 0.0337238 0.0451495 512
2 0.0726452 0.827624 0.14529 0.266106 515
0 0.323635 0.494341 0.0207698 0.109157 461
0 0.429919 0.511865 0.0264599 0.150742 520
2 0.845746 0.846308 0.193017 0.301533 526
2 0.888317 0.612777 0.22014 0.227552 330
2 0.336293 0.444276 0.0337149 0.0640809 514
0 0.561085 0.545036 0.0335139 0.130461 527
