2 0.4771 0.619264 0.288133 0.249518 330
2 0.0666451 0.479564 0.0668439 0.14175 375
0 0.285829 0.47598 0.0280737 0.112139 392
2 0.0274095 0.41235 0.051238 0.0855674 395
2 0.0905914 0.333704 0.0466884 0.055699 419
0 0.310765 0.492072 0.0263608 0.0889445 466
0 0.384174 0.466586 0.0269585 0.0599438 483
0 0.138845 0.331007 0.0107386 0.0572766 500
0 0.640382 0.527307 0.0264035 0.140252 493
2 0.141708 0.301034 0.0231568 0.0419841 512
2 0.349512 0.875216 0.218616 0.23414 515
0 0.333913 0.475797 0.0207021 0.0721666 461
