0 0.0807354 0.888842 0.0447221 0.214282 95
0 0.113966 0.944272 0.0473682 0.110159 196
2 0.337152 0.441179 0.0335121 0.0696269 204
0 0.143892 0.327426 0.011153 0.058183 247
2 0.933055 0.896935 0.133118 0.185 277
0 0.12313 0.346105 0.0119816 0.0602119 303
2 0.0243004 0.391861 0.0486008 0.0875157 297
0 0.364041 0.624252 0.0345437 0.180785 265
2 0.114169 0.315547 0.0479402 0.0657047 330
0 0.936493 0.479511 0.0206844 0.0989304 337
0 0.260942 0.419247 0.0148304 0.0761147 338
0 0.893303 0.522564 0.024544 0.131341 322
