0 0.093885 0.883214 0.0455352 0.228642 95
0 0.134617 0.936244 0.0514804 0.126539 196
2 0.337162 0.441188 0.0335139 0.0696336 204
0 0.142468 0.329053 0.0108568 0.0572378 247
2 0.93308 0.896672 0.132679 0.184652 277
0 0.124062 0.346664 0.0109779 0.057933 303
2 0.02647 0.387334 0.050268 0.085666 297
0 0.360201 0.635139 0.0365889 0.190609 265
2 0.11994 0.31295 0.0444801 0.063216 330
0 0.942551 0.479512 0.0200666 0.0964303 337
0 0.261026 0.418243 0.0157078 0.0781307 338
0 0.845354 0.497125 0.0309728 0.14848 329
0 0.88645 0.530228 0.0278928 0.144906 322
0 0.896617 0.547375 0.0237075 0.117334 336
