0 0.125555 0.877056 0.0421149 0.243438 95
0 0.166891 0.916738 0.0578477 0.165675 196
2 0.337103 0.441167 0.0334329 0.0695474 204
0 0.140479 0.32807 0.0107409 0.0599616 247
2 0.933016 0.896215 0.132634 0.185204 277
0 0.124366 0.345286 0.00995391 0.0530693 303
2 0.0340283 0.377321 0.0500127 0.0810955 297
0 0.35048 0.636263 0.0390092 0.194016 265
2 0.1316 0.304438 0.0343906 0.0593235 330
0 0.951756 0.476573 0.020422 0.100291 337
0 0.252031 0.416697 0.0184618 0.0817326 338
0 0.828163 0.496155 0.0321105 0.141818 329
0 0.882546 0.545441 0.0241523 0.114137 336
0 0.873358 0.524865 0.02579 0.134953 322
