2 0.11941 0.587686 0.162249 0.21455 297
2 0.0316655 0.482298 0.0631832 0.167108 330
2 0.0527601 0.377202 0.0419884 0.0784253 375
0 0.279409 0.482974 0.021728 0.120538 392
2 0.0756067 0.349776 0.038175 0.0571449 395
2 0.933019 0.898225 0.133902 0.188297 277
2 0.337116 0.440334 0.0337032 0.0702225 422
0 0.256684 0.433922 0.013626 0.0780681 435
2 0.126702 0.315152 0.0446536 0.0496738 419
0 0.243282 0.44052 0.0141178 0.077152 442
0 0.113228 0.366113 0.0111435 0.0736586 405
0 0.8141 0.526049 0.0192902 0.123203 447
