2 0.16292 0.559082 0.129357 0.192942 375
0 0.284736 0.477381 0.0210652 0.112594 392
2 0.0276578 0.460661 0.0547959 0.11059 395
2 0.0725983 0.346953 0.049688 0.0615865 419
0 0.296958 0.502095 0.0200053 0.104431 466
0 0.383275 0.514241 0.0362816 0.170703 483
2 0.134303 0.307232 0.0350439 0.0458355 512
0 0.322065 0.499329 0.0198237 0.100737 461
0 0.429859 0.512837 0.0266736 0.151403 520
2 0.835091 0.817919 0.166715 0.21894 526
2 0.909106 0.612106 0.181789 0.225572 330
2 0.33647 0.443164 0.0340468 0.0654155 514
0 0.547606 0.552374 0.0171027 0.112944 530
2 0.0155441 0.794297 0.0301821 0.123701 531
