2 0.119265 0.587655 0.162111 0.214385 297
2 0.0316106 0.482226 0.0630897 0.166868 330
2 0.0528891 0.377206 0.0422951 0.0792554 375
0 0.276927 0.483305 0.0242575 0.123674 392
2 0.0759213 0.349638 0.0383437 0.0571868 395
2 0.933178 0.897945 0.133607 0.187769 277
2 0.337126 0.44046 0.033664 0.0700185 422
0 0.255551 0.42962 0.0145082 0.0832463 435
2 0.126651 0.315208 0.0446408 0.0504438 419
0 0.240321 0.435164 0.0141459 0.0820645 442
0 0.11386 0.36782 0.0108449 0.0710747 405
0 0.823208 0.517876 0.0199282 0.129612 447
0 0.803614 0.535997 0.0305734 0.150123 430
