2 0.218057 0.591056 0.153332 0.198407 375
0 0.28495 0.477224 0.0207515 0.112421 392
2 0.032677 0.477413 0.0604591 0.120655 395
2 0.0671591 0.352274 0.0499965 0.0637728 419
0 0.298372 0.505942 0.0201626 0.106182 466
0 0.382324 0.515428 0.034956 0.168958 483
2 0.130025 0.308621 0.0394942 0.0466139 512
0 0.316301 0.49316 0.0220798 0.11359 461
0 0.427829 0.511551 0.0290357 0.15535 520
2 0.336156 0.442997 0.0340295 0.0656577 514
2 0.393723 0.874261 0.100157 0.238953 534
0 0.529522 0.548702 0.0394186 0.121456 527
2 0.973311 0.596029 0.0533789 0.161595 523
