2 0.119317 0.587616 0.162057 0.214784 297
2 0.0313928 0.481884 0.0626756 0.167313 330
2 0.0541925 0.375653 0.0424104 0.0784095 375
0 0.272235 0.489623 0.0248194 0.125457 392
2 0.0772774 0.348528 0.0384496 0.0558722 395
0 0.123415 0.374013 0.0121372 0.0744853 405
2 0.126989 0.311482 0.0408265 0.0447526 419
2 0.932023 0.900185 0.134223 0.188647 277
2 0.336932 0.440844 0.0336356 0.0692062 422
0 0.817669 0.50019 0.0316538 0.151277 401
0 0.863883 0.531735 0.0324568 0.152863 430
0 0.246845 0.430083 0.0147399 0.0768161 435
