0 0.112608 0.417897 0.022054 0.0915865 24
0 0.485217 0.545963 0.0370933 0.186349 95
0 0.514087 0.560523 0.0294806 0.161061 196
2 0.336564 0.442429 0.032843 0.066958 204
0 0.325219 0.768816 0.0636463 0.246782 220
0 0.0680888 0.433538 0.0197247 0.0927911 226
0 0.37175 0.782043 0.0589777 0.200536 229
0 0.0286174 0.385167 0.0125313 0.0672833 230
0 0.172979 0.390316 0.0142309 0.0694509 235
0 0.192053 0.368861 0.00779959 0.0421655 236
0 0.417523 0.946048 0.0532136 0.106163 237
0 0.00753249 0.975981 0.0145776 0.0478876 238
