0 0.485091 0.546581 0.0374558 0.186501 95
0 0.514002 0.560644 0.0307222 0.16252 196
2 0.336891 0.442328 0.0332337 0.0675875 204
0 0.39121 0.63372 0.0423389 0.178939 220
0 0.125585 0.421603 0.0187275 0.0919512 226
0 0.424105 0.621149 0.024005 0.102498 229
0 0.146895 0.374578 0.014227 0.076726 235
0 0.430513 0.797104 0.0757232 0.296079 237
0 0.00769379 0.97319 0.0152275 0.0536201 238
0 0.0348909 0.4293 0.0212839 0.0957645 24
0 0.161888 0.373747 0.0159624 0.0763845 247
0 0.0605706 0.389937 0.0135592 0.073856 230
0 0.170612 0.369203 0.012005 0.0693133 254
