2 0.337145 0.440563 0.0333992 0.0707304 204
2 0.932455 0.89865 0.13509 0.192134 277
0 0.126795 0.35229 0.00856473 0.05179 303
2 0.0165423 0.431835 0.0330845 0.108529 297
0 0.387005 0.591322 0.033082 0.170331 265
0 0.935518 0.492942 0.0197821 0.072535 347
0 0.296407 0.418588 0.0165181 0.0778426 338
0 0.117857 0.35462 0.0103674 0.056343 308
2 0.0744173 0.342603 0.0525633 0.0785531 330
0 0.951239 0.507652 0.0146781 0.0409031 358
0 0.902547 0.482304 0.0203921 0.0960652 337
0 0.897056 0.488419 0.0265617 0.119386 329
