2 0.193902 0.585923 0.201308 0.246208 330
2 0.0477713 0.439292 0.056463 0.114223 375
0 0.285623 0.476133 0.0220806 0.112762 392
2 0.0395056 0.3863 0.0514804 0.0735271 395
2 0.10192 0.326461 0.0453184 0.0512453 419
0 0.340537 0.49607 0.0170185 0.0837417 461
0 0.322405 0.49106 0.0183668 0.0884927 466
2 0.028098 0.744686 0.0561961 0.148658 482
0 0.420025 0.512189 0.0427949 0.162158 483
0 0.128879 0.334544 0.0114944 0.0596054 500
0 0.679103 0.526667 0.017456 0.148361 493
0 0.51549 0.529655 0.0374445 0.156404 498
2 0.920031 0.84982 0.149203 0.260704 508
