0 0.163843 0.85239 0.0432699 0.260107 95
0 0.203934 0.90332 0.0571677 0.19194 196
2 0.337067 0.441402 0.0333402 0.0693101 204
0 0.139629 0.330985 0.0102843 0.0572665 247
2 0.933188 0.89569 0.13246 0.186025 277
0 0.124679 0.344962 0.00941647 0.0505308 303
2 0.0427468 0.367 0.0495665 0.0771239 297
0 0.343569 0.652847 0.0420372 0.202313 265
2 0.139535 0.301259 0.0267654 0.0562788 330
0 0.119614 0.346236 0.00745583 0.0515077 308
0 0.86665 0.544277 0.0245141 0.112116 336
0 0.958875 0.482073 0.0184398 0.0921865 337
0 0.244717 0.41443 0.0176056 0.083325 338
0 0.811936 0.495597 0.0303144 0.149419 329
0 0.858236 0.521011 0.0246581 0.125076 322
