2 0.119326 0.587522 0.161843 0.214586 297
2 0.0316479 0.481481 0.0631336 0.167464 330
2 0.0566324 0.370225 0.0428317 0.0772528 375
0 0.303904 0.503028 0.0309587 0.139807 392
2 0.0888365 0.340237 0.0401985 0.0542432 395
0 0.14196 0.390195 0.0135494 0.0711112 405
2 0.138623 0.304934 0.0268139 0.0454712 419
2 0.931853 0.900324 0.135189 0.189044 277
2 0.336755 0.441398 0.0359662 0.0687097 422
0 0.89275 0.495857 0.0296661 0.143947 401
0 0.92956 0.492117 0.0182597 0.0746763 406
0 0.911232 0.497679 0.0219445 0.0661784 415
