2 0.91923 0.635407 0.16154 0.223727 297
2 0.108978 0.552358 0.14463 0.219323 330
2 0.043487 0.423116 0.0555239 0.0956436 375
0 0.285759 0.476765 0.0221031 0.113466 392
2 0.0486547 0.366282 0.0418729 0.0537281 395
2 0.108697 0.323442 0.05041 0.0522724 419
0 0.340094 0.487965 0.0187252 0.0946441 461
0 0.323758 0.488117 0.0190065 0.0907436 466
2 0.148072 0.846459 0.296145 0.29457 482
0 0.452997 0.52213 0.0533718 0.170302 483
0 0.125764 0.339576 0.0112149 0.0594262 500
0 0.6818 0.525437 0.0172001 0.154905 493
0 0.543839 0.56341 0.0286655 0.123084 498
