2 0.568005 0.654186 0.275072 0.236399 297
2 0.0439395 0.503676 0.0810189 0.182633 330
2 0.0452998 0.393807 0.0394187 0.0798409 375
0 0.286286 0.477047 0.022739 0.113326 392
2 0.0647687 0.356576 0.0418552 0.0601949 395
2 0.783876 0.901725 0.192997 0.189312 277
2 0.337605 0.441881 0.0321685 0.0673349 422
2 0.11497 0.320827 0.0512284 0.0511249 419
0 0.113753 0.350064 0.00945287 0.0591509 405
0 0.325835 0.477225 0.0168212 0.0982439 461
0 0.317748 0.480603 0.0194645 0.0959778 466
0 0.682723 0.527084 0.0115088 0.151007 480
2 0.422462 0.923963 0.116257 0.144434 482
