2 0.650973 0.637206 0.249281 0.228946 375
0 0.285138 0.476993 0.0230698 0.112281 392
2 0.12585 0.572717 0.12997 0.175795 395
2 0.0461716 0.380077 0.0473257 0.0721411 419
0 0.386383 0.516423 0.0425448 0.170905 483
2 0.102154 0.327544 0.0495429 0.0513727 512
0 0.324218 0.504457 0.0194274 0.121812 461
2 0.336029 0.443395 0.0323594 0.0656995 514
2 0.055044 0.701861 0.110088 0.260671 534
0 0.31026 0.515408 0.0244704 0.120267 542
0 0.431536 0.514007 0.033843 0.15949 520
2 0.0138514 0.362857 0.0187111 0.0541829 549
0 0.476455 0.525996 0.0558982 0.152185 551
