2 0.64538 0.64756 0.256535 0.222755 297
2 0.0485561 0.510591 0.0881227 0.188769 330
2 0.0445331 0.394123 0.0377195 0.0733606 375
0 0.286184 0.476796 0.0224809 0.113092 392
2 0.0633601 0.358626 0.0420622 0.0609303 395
2 0.336922 0.44121 0.0329061 0.0684521 422
2 0.113511 0.321604 0.0511791 0.0515064 419
0 0.328542 0.475996 0.0161088 0.0992249 461
0 0.318451 0.481486 0.0186161 0.0945844 466
0 0.682947 0.503713 0.00889181 0.108958 480
2 0.372367 0.898638 0.169068 0.190966 482
0 0.514936 0.521402 0.0771303 0.130161 483
2 0.511052 0.896376 0.474448 0.199219 478
