2 0.308548 0.617063 0.256113 0.263845 330
2 0.0540035 0.455896 0.0599292 0.127865 375
0 0.285787 0.455093 0.0174524 0.06938 392
2 0.0332299 0.398164 0.0518869 0.078892 395
2 0.0949278 0.329959 0.043904 0.0511479 419
0 0.340546 0.472787 0.013661 0.060644 461
0 0.317459 0.471278 0.0117075 0.0490677 466
0 0.395769 0.497981 0.0325486 0.125969 483
0 0.135648 0.3327 0.012076 0.0605991 500
0 0.658294 0.533006 0.0282216 0.133663 493
0 0.492077 0.524097 0.0398715 0.151963 498
2 0.840705 0.860492 0.206178 0.269073 508
