2 0.119299 0.587515 0.161876 0.214627 297
2 0.0316486 0.481494 0.0630618 0.167289 330
2 0.0566164 0.370016 0.0428625 0.0772463 375
0 0.304968 0.503021 0.0308035 0.139678 392
2 0.0895045 0.340036 0.0403894 0.0538752 395
0 0.141726 0.387005 0.0151254 0.0781696 405
2 0.138658 0.304695 0.0261086 0.0449975 419
2 0.931811 0.90007 0.135141 0.189049 277
2 0.336754 0.441474 0.0361534 0.0686604 422
0 0.892911 0.495947 0.0297965 0.144133 401
0 0.930218 0.49259 0.0181273 0.0738208 406
0 0.911174 0.49773 0.0217864 0.0664476 415
