0 0.485212 0.546069 0.0372971 0.186307 95
0 0.514015 0.560427 0.0314974 0.161796 196
2 0.336684 0.441962 0.0331446 0.0682396 204
0 0.378386 0.664586 0.0478261 0.204124 220
0 0.113 0.426955 0.0208376 0.0930932 226
0 0.414701 0.666432 0.0396801 0.160704 229
0 0.0502389 0.387578 0.0121609 0.0669039 230
0 0.15477 0.378453 0.0149034 0.0770111 235
0 0.436623 0.848601 0.0960527 0.296237 237
0 0.00778691 0.973237 0.0151005 0.0535265 238
0 0.0564274 0.423984 0.0211276 0.0975967 24
0 0.170575 0.377251 0.0171999 0.0799019 247
