2 0.119297 0.587509 0.161833 0.21457 297
2 0.0316246 0.48151 0.0629922 0.167149 330
2 0.0566748 0.369894 0.043028 0.0774883 375
0 0.305918 0.502608 0.0307324 0.140397 392
2 0.0898169 0.339824 0.040622 0.053751 395
0 0.142417 0.388575 0.0147907 0.0751017 405
2 0.139024 0.304539 0.0255971 0.0446916 419
2 0.931725 0.90009 0.135291 0.189369 277
2 0.336714 0.441491 0.0363387 0.0686096 422
0 0.893002 0.496871 0.0298864 0.143977 401
0 0.930644 0.48973 0.019533 0.079858 406
0 0.910255 0.498071 0.0217856 0.0669355 415
