2 0.119266 0.587677 0.161971 0.214335 297
2 0.0316759 0.482126 0.0629278 0.166865 330
2 0.0530887 0.37645 0.0427713 0.0799819 375
0 0.274966 0.484421 0.0245888 0.123187 392
2 0.0759368 0.349493 0.0384634 0.0570117 395
0 0.117273 0.370367 0.0107983 0.0707594 405
2 0.933227 0.897689 0.133023 0.186966 277
2 0.337125 0.44042 0.0337856 0.0700694 422
0 0.252585 0.427742 0.0152354 0.0831987 435
2 0.125538 0.314867 0.0431017 0.0503699 419
0 0.236703 0.43423 0.0142705 0.0828369 442
0 0.784027 0.498884 0.0328096 0.151691 401
0 0.824261 0.52706 0.0347322 0.158082 430
