2 0.460162 0.624888 0.227405 0.219008 375
0 0.284947 0.47688 0.0246764 0.111859 392
2 0.0716463 0.531383 0.0916259 0.149079 395
2 0.0535896 0.368036 0.04759 0.0680044 419
0 0.383048 0.474365 0.0291623 0.0884858 483
2 0.11371 0.319743 0.0507396 0.0525168 512
0 0.320458 0.500338 0.0247663 0.119507 461
0 0.431277 0.474613 0.0183057 0.0797521 520
2 0.336424 0.441196 0.0339895 0.0691975 514
2 0.138206 0.809258 0.276412 0.3534 534
0 0.492898 0.496247 0.0220686 0.0879852 527
0 0.30713 0.510685 0.0310811 0.115617 542
