0 0.168829 0.846127 0.0414787 0.253961 95
0 0.207746 0.900195 0.058224 0.198172 196
2 0.337057 0.441422 0.0333275 0.0692835 204
0 0.138801 0.330612 0.0107433 0.0591469 247
2 0.933215 0.895615 0.132215 0.18579 277
0 0.125083 0.343348 0.00913391 0.0490644 303
2 0.044046 0.365882 0.0501781 0.0776685 297
0 0.342489 0.653757 0.0419037 0.201886 265
2 0.140756 0.300196 0.0262615 0.0562269 330
0 0.11998 0.345978 0.00755531 0.0520596 308
0 0.848763 0.537348 0.0241303 0.0958706 335
0 0.866826 0.539736 0.0228619 0.104433 336
0 0.809826 0.495891 0.0302959 0.148423 329
