0 0.485254 0.546479 0.0374928 0.186053 95
0 0.513992 0.560533 0.0304235 0.16112 196
2 0.336811 0.441586 0.0337027 0.0688869 204
0 0.403658 0.592886 0.0363667 0.14116 220
0 0.147011 0.417781 0.0202253 0.0956149 226
0 0.436738 0.599956 0.0300998 0.104824 229
0 0.137475 0.363184 0.0129334 0.0631878 235
0 0.417771 0.715622 0.0596563 0.251337 237
0 0.0110318 0.439913 0.0214417 0.0951491 24
0 0.152704 0.367431 0.0144797 0.078703 247
0 0.0704301 0.392236 0.0149559 0.075207 230
0 0.162289 0.364834 0.0131188 0.0727417 254
