2 0.119307 0.587609 0.162045 0.214758 297
2 0.031431 0.482034 0.0627411 0.167465 330
2 0.0541162 0.375869 0.0423874 0.0783634 375
0 0.272047 0.487975 0.0247305 0.124404 392
2 0.077232 0.348652 0.0385332 0.05612 395
0 0.12289 0.37411 0.0117688 0.0741479 405
2 0.932092 0.900117 0.134411 0.188676 277
2 0.336937 0.440836 0.0336264 0.0692538 422
0 0.812713 0.500907 0.0337358 0.152541 401
0 0.247526 0.430139 0.0146583 0.0769383 435
2 0.125048 0.311975 0.0424683 0.0468397 419
0 0.860185 0.54088 0.0286144 0.134762 430
