2 0.716494 0.654573 0.276993 0.236059 297
2 0.0538671 0.515812 0.0938629 0.192809 330
2 0.0444317 0.395006 0.0377778 0.0704866 375
0 0.286032 0.476787 0.0223173 0.11328 392
2 0.0619635 0.360276 0.0421398 0.0613402 395
2 0.336259 0.442337 0.0319644 0.0652526 422
2 0.112963 0.321771 0.0514479 0.0519702 419
0 0.333612 0.479211 0.0174961 0.0961488 461
0 0.322852 0.484192 0.0182915 0.089089 466
2 0.336014 0.888818 0.213917 0.209316 482
0 0.510363 0.51451 0.0914122 0.17328 483
0 0.682921 0.493781 0.00792967 0.0911786 480
