0 0.113173 0.879854 0.0430909 0.237365 95
0 0.151892 0.922742 0.0564078 0.152868 196
2 0.337138 0.441244 0.0334645 0.0695514 204
0 0.141075 0.328352 0.0108517 0.0592486 247
2 0.933039 0.896456 0.133017 0.18548 277
0 0.123957 0.345732 0.0106095 0.0567524 303
2 0.030559 0.381719 0.0504227 0.0833895 297
0 0.354622 0.63717 0.0383336 0.194117 265
2 0.127705 0.3081 0.0378623 0.0592835 330
0 0.946896 0.478089 0.0207627 0.0989847 337
0 0.255746 0.419243 0.0164567 0.0755196 338
0 0.83632 0.49273 0.0304998 0.142729 329
0 0.875998 0.526196 0.0260792 0.130623 322
