2 0.261501 0.601338 0.183013 0.221075 375
0 0.285181 0.467955 0.0182339 0.0936655 392
2 0.0385083 0.488473 0.0645806 0.125191 395
2 0.0639988 0.355442 0.0502713 0.0658581 419
0 0.300214 0.499363 0.0125792 0.0640133 466
0 0.382284 0.515876 0.035272 0.169298 483
2 0.128074 0.310628 0.0441822 0.0485983 512
0 0.314714 0.496511 0.0204693 0.109392 461
0 0.426629 0.512011 0.0289229 0.155085 520
2 0.336389 0.44264 0.0340436 0.0662621 514
2 0.333138 0.848927 0.169315 0.289208 534
0 0.523587 0.536489 0.0425616 0.130676 527
