0 0.485174 0.546318 0.0374826 0.186514 95
0 0.513843 0.560099 0.0309676 0.162788 196
2 0.336856 0.442373 0.0333206 0.0675318 204
0 0.395907 0.612936 0.0390145 0.161323 220
0 0.135356 0.421496 0.0196816 0.0911988 226
0 0.428371 0.611723 0.0292257 0.106182 229
0 0.143277 0.368949 0.0130135 0.0742426 235
0 0.421434 0.753075 0.0683727 0.279148 237
0 0.0223582 0.434085 0.0219197 0.0949795 24
0 0.157 0.371929 0.0161296 0.0803748 247
0 0.0655899 0.390883 0.0138908 0.0726382 230
0 0.166426 0.367218 0.013337 0.0724498 254
