2 0.337159 0.440637 0.0332328 0.0705789 204
2 0.9328 0.898411 0.1344 0.192179 277
0 0.12659 0.353167 0.00917812 0.0565822 303
2 0.0154656 0.443729 0.0309313 0.11575 297
0 0.38973 0.588282 0.0347028 0.174379 265
0 0.94575 0.494387 0.0186242 0.068119 347
0 0.304715 0.416708 0.0157464 0.0815221 338
2 0.0671784 0.349007 0.0546359 0.0828163 330
0 0.961034 0.506143 0.0152482 0.0410624 358
0 0.915454 0.491401 0.01876 0.0779046 337
0 0.884239 0.491133 0.0274258 0.130421 329
0 0.117135 0.356272 0.0090459 0.0509153 308
