2 0.116377 0.53088 0.100661 0.172345 375
0 0.284611 0.477078 0.02195 0.111616 392
2 0.0248627 0.442409 0.0497255 0.099584 395
2 0.0780995 0.342109 0.0467735 0.058412 419
0 0.298154 0.498621 0.0203505 0.101319 466
0 0.385728 0.511781 0.0404947 0.167223 483
2 0.136343 0.305719 0.0323436 0.0451862 512
2 0.128325 0.844048 0.256649 0.300782 515
0 0.325831 0.49024 0.0205779 0.106633 461
0 0.432016 0.517942 0.02615 0.142541 520
2 0.893424 0.839922 0.150614 0.308918 526
2 0.870994 0.627227 0.258012 0.247943 330
