2 0.201805 0.590581 0.209566 0.253049 330
2 0.0479171 0.440034 0.056375 0.11484 375
0 0.285615 0.475521 0.0218777 0.111528 392
2 0.0389558 0.386545 0.0508207 0.0728577 395
2 0.101348 0.326733 0.0451926 0.0512753 419
0 0.340836 0.492155 0.0184262 0.0920605 461
0 0.322273 0.490304 0.0187527 0.0903488 466
2 0.0211586 0.735517 0.0423173 0.122115 482
0 0.419661 0.513306 0.0428322 0.161278 483
0 0.129851 0.334347 0.0114873 0.0597868 500
0 0.678096 0.526514 0.0181091 0.149281 493
0 0.512588 0.529463 0.0367503 0.158264 498
2 0.912245 0.849205 0.155764 0.271406 508
