2 0.168971 0.562075 0.13271 0.194984 375
0 0.284719 0.477441 0.021013 0.112794 392
2 0.0283844 0.462578 0.0553661 0.112259 395
2 0.0719319 0.347452 0.0502643 0.0624503 419
0 0.297011 0.501966 0.0199725 0.104752 466
0 0.382949 0.514348 0.0360879 0.170721 483
2 0.134166 0.307302 0.0353123 0.0459181 512
0 0.32144 0.501403 0.0193977 0.0964864 461
0 0.429724 0.512483 0.0268481 0.151643 520
2 0.82779 0.844273 0.203155 0.26449 526
2 0.914664 0.612322 0.170673 0.225123 330
2 0.33646 0.443148 0.0339732 0.0654115 514
0 0.545456 0.553075 0.0168498 0.110178 530
2 0.0118484 0.788863 0.0236968 0.114016 531
