0 0.147177 0.867478 0.0446304 0.261435 95
0 0.186531 0.911654 0.0564037 0.175166 196
2 0.337065 0.441318 0.0334174 0.0695055 204
0 0.140318 0.33055 0.0100725 0.0567147 247
2 0.933104 0.895889 0.132467 0.185561 277
0 0.124223 0.344515 0.0100526 0.0541569 303
2 0.0388216 0.371012 0.0496594 0.0785922 297
0 0.346457 0.642697 0.0394576 0.191946 265
2 0.136909 0.301867 0.0295519 0.0575354 330
0 0.956719 0.478768 0.0196712 0.0975921 337
0 0.248636 0.413624 0.0189123 0.0874538 338
0 0.818249 0.49691 0.0312458 0.148622 329
0 0.870329 0.545735 0.0246667 0.112196 336
0 0.866734 0.521359 0.0256642 0.127453 322
