2 0.896371 0.643095 0.207258 0.227073 297
2 0.0937682 0.543809 0.132512 0.213969 330
2 0.0440495 0.406461 0.0446206 0.0759269 375
0 0.285791 0.476468 0.0221145 0.113738 392
2 0.0537377 0.364286 0.0394802 0.0534496 395
2 0.110102 0.323025 0.0513428 0.0528174 419
0 0.338978 0.487359 0.0197753 0.0927261 461
0 0.323708 0.487322 0.0183349 0.090847 466
2 0.174194 0.854376 0.348389 0.278243 482
0 0.459474 0.520847 0.052304 0.173669 483
0 0.124492 0.342469 0.0107378 0.0572505 500
0 0.682076 0.527971 0.0177777 0.15171 493
0 0.561036 0.563619 0.0308184 0.124586 498
