2 0.119574 0.587751 0.162124 0.214283 297
2 0.0317082 0.482257 0.0631758 0.167013 330
2 0.0526734 0.37717 0.041927 0.0782431 375
0 0.279404 0.482215 0.021213 0.120538 392
2 0.0756225 0.349869 0.0381016 0.0572284 395
2 0.933012 0.89823 0.133976 0.188458 277
2 0.337109 0.440304 0.0337053 0.0703069 422
0 0.258157 0.437847 0.012846 0.0726462 435
2 0.126794 0.315155 0.0448546 0.0495791 419
0 0.24403 0.442714 0.0143694 0.0766561 442
0 0.113042 0.365706 0.0111708 0.0737885 405
0 0.812176 0.524719 0.01983 0.125846 447
