2 0.553426 0.655141 0.28275 0.240073 297
2 0.0424813 0.502632 0.0798419 0.183161 330
2 0.0454076 0.394338 0.0413288 0.0843597 375
0 0.286276 0.476966 0.0227668 0.113041 392
2 0.0648604 0.356363 0.0417507 0.0601763 395
2 0.802787 0.895722 0.217741 0.200501 277
2 0.337907 0.441765 0.0322943 0.067499 422
2 0.115659 0.320873 0.0515124 0.0514821 419
0 0.113083 0.349971 0.00961489 0.0610426 405
0 0.324685 0.477266 0.0168196 0.094764 461
0 0.314892 0.481437 0.0189 0.0944394 466
2 0.64041 0.894995 0.487372 0.206306 478
0 0.683305 0.530225 0.0112183 0.147833 480
