0 0.285183 0.476434 0.0224554 0.111052 392
2 0.214741 0.616008 0.18207 0.203908 395
2 0.0401991 0.390664 0.0476285 0.0784508 419
0 0.387 0.519508 0.0380798 0.175766 483
2 0.0909738 0.334363 0.051752 0.0569542 512
0 0.33168 0.505117 0.023568 0.124127 461
0 0.31305 0.515586 0.0227691 0.120384 542
0 0.430941 0.513852 0.0293797 0.156681 520
2 0.0305591 0.344586 0.0331831 0.0507007 549
0 0.465039 0.522051 0.0412917 0.152315 551
0 0.490636 0.498158 0.0203212 0.0416661 561
2 0.841562 0.641036 0.235804 0.220369 375
