0 0.485121 0.54611 0.0373961 0.186792 95
0 0.514305 0.560596 0.0310792 0.161719 196
2 0.336724 0.442331 0.0329179 0.0674698 204
0 0.38288 0.651335 0.0451147 0.186697 220
0 0.115446 0.426017 0.0211697 0.0935691 226
0 0.418908 0.654764 0.0356922 0.14246 229
0 0.151649 0.374822 0.014645 0.0789686 235
0 0.435628 0.828529 0.0875526 0.297892 237
0 0.00776205 0.973229 0.0151987 0.0535411 238
0 0.0513044 0.426711 0.0219172 0.0935277 24
0 0.167815 0.376114 0.016211 0.0779475 247
0 0.0550834 0.388724 0.0124736 0.0687011 230
